Block	Trial	nTrans	naoDecision	humanDecision	guessCorr	falseFeedback	x01	x12	x32	x00	x33	x30	x31	x21	x02	x20	x13	x23	x22	x10	x03	x11
1	1	15	right	right	1	0	0.05	0.05	0.05	0.85	0.05	0.85	0.05	0.05	0.05	0.85	0.05	0.05	0.05	0.85	0.05	0.05
1	2	15	middle	middle	1	0	0.05	0.05	0.05	0.85	0.05	0.85	0.05	0.05	0.05	0.85	0.05	0.05	0.05	0.85	0.05	0.05
1	3	11	right	right	1	0	0.05	0.05	0.05	0.85	0.05	0.85	0.05	0.05	0.05	0.85	0.05	0.05	0.05	0.85	0.05	0.05
1	4	9	middle	left	0	1	0.05	0.05	0.05	0.85	0.05	0.85	0.05	0.05	0.05	0.85	0.05	0.05	0.05	0.85	0.05	0.05
1	5	13	middle	middle	1	0	0.05	0.05	0.05	0.85	0.05	0.85	0.05	0.05	0.05	0.85	0.05	0.05	0.05	0.85	0.05	0.05
1	6	20	middle	right	0	1	0.05	0.05	0.05	0.85	0.05	0.85	0.05	0.05	0.05	0.85	0.05	0.05	0.05	0.85	0.05	0.05
1	7	19	right	right	1	0	0.05	0.05	0.05	0.85	0.05	0.85	0.05	0.05	0.05	0.85	0.05	0.05	0.05	0.85	0.05	0.05
1	8	17	right	right	1	0	0.05	0.05	0.05	0.85	0.05	0.85	0.05	0.05	0.05	0.85	0.05	0.05	0.05	0.85	0.05	0.05
1	9	9	middle	left	0	1	0.05	0.05	0.05	0.85	0.05	0.85	0.05	0.05	0.05	0.85	0.05	0.05	0.05	0.85	0.05	0.05
1	10	21	right	middle	0	2	0.05	0.05	0.05	0.85	0.05	0.85	0.05	0.05	0.05	0.85	0.05	0.05	0.05	0.85	0.05	0.05
1	11	16	left	middle	0	1	0.05	0.05	0.05	0.85	0.05	0.85	0.05	0.05	0.05	0.85	0.05	0.05	0.05	0.85	0.05	0.05
1	12	25	left	left	1	0	0.05	0.05	0.05	0.85	0.05	0.85	0.05	0.05	0.05	0.85	0.05	0.05	0.05	0.85	0.05	0.05
1	13	10	middle	middle	1	0	0.05	0.05	0.05	0.85	0.05	0.85	0.05	0.05	0.05	0.85	0.05	0.05	0.05	0.85	0.05	0.05
1	14	25	right	right	1	0	0.05	0.05	0.05	0.85	0.05	0.85	0.05	0.05	0.05	0.85	0.05	0.05	0.05	0.85	0.05	0.05
1	15	25	right	right	1	0	0.05	0.05	0.05	0.85	0.05	0.85	0.05	0.05	0.05	0.85	0.05	0.05	0.05	0.85	0.05	0.05
1	16	20	left	left	1	0	0.05	0.05	0.05	0.85	0.05	0.85	0.05	0.05	0.05	0.85	0.05	0.05	0.05	0.85	0.05	0.05
1	17	13	middle	middle	1	0	0.05	0.05	0.05	0.85	0.05	0.85	0.05	0.05	0.05	0.85	0.05	0.05	0.05	0.85	0.05	0.05
1	18	18	right	middle	0	1	0.05	0.05	0.05	0.85	0.05	0.85	0.05	0.05	0.05	0.85	0.05	0.05	0.05	0.85	0.05	0.05
1	19	20	left	middle	0	1	0.05	0.05	0.05	0.85	0.05	0.85	0.05	0.05	0.05	0.85	0.05	0.05	0.05	0.85	0.05	0.05
1	20	17	right	right	1	0	0.05	0.05	0.05	0.85	0.05	0.85	0.05	0.05	0.05	0.85	0.05	0.05	0.05	0.85	0.05	0.05
1	21	20	left	middle	0	1	0.05	0.05	0.05	0.85	0.05	0.85	0.05	0.05	0.05	0.85	0.05	0.05	0.05	0.85	0.05	0.05
1	22	20	right	right	1	0	0.05	0.05	0.05	0.85	0.05	0.85	0.05	0.05	0.05	0.85	0.05	0.05	0.05	0.85	0.05	0.05
1	23	16	left	left	1	0	0.05	0.05	0.05	0.85	0.05	0.85	0.05	0.05	0.05	0.85	0.05	0.05	0.05	0.85	0.05	0.05
1	24	20	right	right	1	0	0.05	0.05	0.05	0.85	0.05	0.85	0.05	0.05	0.05	0.85	0.05	0.05	0.05	0.85	0.05	0.05
1	25	18	middle	middle	1	0	0.05	0.05	0.05	0.85	0.05	0.85	0.05	0.05	0.05	0.85	0.05	0.05	0.05	0.85	0.05	0.05
1	26	21	right	right	1	0	0.05	0.05	0.05	0.85	0.05	0.85	0.05	0.05	0.05	0.85	0.05	0.05	0.05	0.85	0.05	0.05
1	27	13	middle	left	0	1	0.05	0.05	0.05	0.85	0.05	0.85	0.05	0.05	0.05	0.85	0.05	0.05	0.05	0.85	0.05	0.05
1	28	21	middle	middle	1	0	0.05	0.05	0.05	0.85	0.05	0.85	0.05	0.05	0.05	0.85	0.05	0.05	0.05	0.85	0.05	0.05
1	29	19	middle	right	0	1	0.05	0.05	0.05	0.85	0.05	0.85	0.05	0.05	0.05	0.85	0.05	0.05	0.05	0.85	0.05	0.05
1	30	18	left	left	1	0	0.05	0.05	0.05	0.85	0.05	0.85	0.05	0.05	0.05	0.85	0.05	0.05	0.05	0.85	0.05	0.05
1	31	13	middle	middle	1	0	0.05	0.05	0.05	0.85	0.05	0.85	0.05	0.05	0.05	0.85	0.05	0.05	0.05	0.85	0.05	0.05
1	32	15	right	right	1	0	0.05	0.05	0.05	0.85	0.05	0.85	0.05	0.05	0.05	0.85	0.05	0.05	0.05	0.85	0.05	0.05
1	33	11	middle	middle	1	0	0.05	0.05	0.05	0.85	0.05	0.85	0.05	0.05	0.05	0.85	0.05	0.05	0.05	0.85	0.05	0.05
1	34	18	right	right	1	0	0.05	0.05	0.05	0.85	0.05	0.85	0.05	0.05	0.05	0.85	0.05	0.05	0.05	0.85	0.05	0.05
1	35	22	right	right	1	0	0.05	0.05	0.05	0.85	0.05	0.85	0.05	0.05	0.05	0.85	0.05	0.05	0.05	0.85	0.05	0.05
1	36	24	left	right	0	1	0.05	0.05	0.05	0.85	0.05	0.85	0.05	0.05	0.05	0.85	0.05	0.05	0.05	0.85	0.05	0.05
1	37	17	right	right	1	0	0.05	0.05	0.05	0.85	0.05	0.85	0.05	0.05	0.05	0.85	0.05	0.05	0.05	0.85	0.05	0.05
1	38	19	right	right	1	0	0.05	0.05	0.05	0.85	0.05	0.85	0.05	0.05	0.05	0.85	0.05	0.05	0.05	0.85	0.05	0.05
1	39	13	right	right	1	0	0.05	0.05	0.05	0.85	0.05	0.85	0.05	0.05	0.05	0.85	0.05	0.05	0.05	0.85	0.05	0.05
1	40	9	middle	right	0	1	0.05	0.05	0.05	0.85	0.05	0.85	0.05	0.05	0.05	0.85	0.05	0.05	0.05	0.85	0.05	0.05
1	41	10	right	left	0	1	0.05	0.05	0.05	0.85	0.05	0.85	0.05	0.05	0.05	0.85	0.05	0.05	0.05	0.85	0.05	0.05
1	42	18	right	right	1	0	0.05	0.05	0.05	0.85	0.05	0.85	0.05	0.05	0.05	0.85	0.05	0.05	0.05	0.85	0.05	0.05
1	43	20	middle	left	0	1	0.05	0.05	0.05	0.85	0.05	0.85	0.05	0.05	0.05	0.85	0.05	0.05	0.05	0.85	0.05	0.05
1	44	20	right	middle	0	1	0.05	0.05	0.05	0.85	0.05	0.85	0.05	0.05	0.05	0.85	0.05	0.05	0.05	0.85	0.05	0.05
1	45	18	right	middle	0	2	0.05	0.05	0.05	0.85	0.05	0.85	0.05	0.05	0.05	0.85	0.05	0.05	0.05	0.85	0.05	0.05
1	46	18	right	right	1	0	0.05	0.05	0.05	0.85	0.05	0.85	0.05	0.05	0.05	0.85	0.05	0.05	0.05	0.85	0.05	0.05
1	47	17	middle	middle	1	0	0.05	0.05	0.05	0.85	0.05	0.85	0.05	0.05	0.05	0.85	0.05	0.05	0.05	0.85	0.05	0.05
1	48	21	right	right	1	0	0.05	0.05	0.05	0.85	0.05	0.85	0.05	0.05	0.05	0.85	0.05	0.05	0.05	0.85	0.05	0.05
1	49	33	middle	middle	1	0	0.05	0.05	0.05	0.85	0.05	0.85	0.05	0.05	0.05	0.85	0.05	0.05	0.05	0.85	0.05	0.05
1	50	18	left	left	1	0	0.05	0.05	0.05	0.85	0.05	0.85	0.05	0.05	0.05	0.85	0.05	0.05	0.05	0.85	0.05	0.05
2	1	12	left	left	1	0	0.05	0.05	0.05	0.85	0.05	0.85	0.05	0.05	0.05	0.85	0.05	0.05	0.05	0.85	0.05	0.05
2	2	14	right	right	1	0	0.05	0.05	0.05	0.85	0.05	0.85	0.05	0.05	0.05	0.85	0.05	0.05	0.05	0.85	0.05	0.05
2	3	18	left	left	1	0	0.05	0.05	0.05	0.85	0.05	0.85	0.05	0.05	0.05	0.85	0.05	0.05	0.05	0.85	0.05	0.05
2	4	14	left	right	0	1	0.05	0.05	0.05	0.85	0.05	0.85	0.05	0.05	0.05	0.85	0.05	0.05	0.05	0.85	0.05	0.05
2	5	19	right	right	1	0	0.05	0.05	0.05	0.85	0.05	0.85	0.05	0.05	0.05	0.85	0.05	0.05	0.05	0.85	0.05	0.05
2	6	15	right	middle	0	1	0.05	0.05	0.05	0.85	0.05	0.85	0.05	0.05	0.05	0.85	0.05	0.05	0.05	0.85	0.05	0.05
2	7	18	left	left	1	0	0.05	0.05	0.05	0.85	0.05	0.85	0.05	0.05	0.05	0.85	0.05	0.05	0.05	0.85	0.05	0.05
2	8	20	right	right	1	0	0.05	0.05	0.05	0.85	0.05	0.85	0.05	0.05	0.05	0.85	0.05	0.05	0.05	0.85	0.05	0.05
2	9	13	middle	middle	1	0	0.05	0.05	0.05	0.85	0.05	0.85	0.05	0.05	0.05	0.85	0.05	0.05	0.05	0.85	0.05	0.05
2	10	13	right	right	1	0	0.05	0.05	0.05	0.85	0.05	0.85	0.05	0.05	0.05	0.85	0.05	0.05	0.05	0.85	0.05	0.05
2	11	16	middle	middle	1	0	0.05	0.05	0.05	0.85	0.05	0.85	0.05	0.05	0.05	0.85	0.05	0.05	0.05	0.85	0.05	0.05
2	12	14	left	left	1	0	0.05	0.05	0.05	0.85	0.05	0.85	0.05	0.05	0.05	0.85	0.05	0.05	0.05	0.85	0.05	0.05
2	13	15	left	right	0	1	0.05	0.05	0.05	0.85	0.05	0.85	0.05	0.05	0.05	0.85	0.05	0.05	0.05	0.85	0.05	0.05
2	14	12	left	left	1	0	0.05	0.05	0.05	0.85	0.05	0.85	0.05	0.05	0.05	0.85	0.05	0.05	0.05	0.85	0.05	0.05
2	15	22	right	middle	0	1	0.05	0.05	0.05	0.85	0.05	0.85	0.05	0.05	0.05	0.85	0.05	0.05	0.05	0.85	0.05	0.05
2	16	24	middle	middle	1	0	0.05	0.05	0.05	0.85	0.05	0.85	0.05	0.05	0.05	0.85	0.05	0.05	0.05	0.85	0.05	0.05
2	17	16	left	left	1	0	0.05	0.05	0.05	0.85	0.05	0.85	0.05	0.05	0.05	0.85	0.05	0.05	0.05	0.85	0.05	0.05
2	18	20	right	right	1	0	0.05	0.05	0.05	0.85	0.05	0.85	0.05	0.05	0.05	0.85	0.05	0.05	0.05	0.85	0.05	0.05
2	19	21	middle	middle	1	0	0.05	0.05	0.05	0.85	0.05	0.85	0.05	0.05	0.05	0.85	0.05	0.05	0.05	0.85	0.05	0.05
2	20	19	middle	left	0	1	0.05	0.05	0.05	0.85	0.05	0.85	0.05	0.05	0.05	0.85	0.05	0.05	0.05	0.85	0.05	0.05
2	21	12	middle	middle	1	0	0.05	0.05	0.05	0.85	0.05	0.85	0.05	0.05	0.05	0.85	0.05	0.05	0.05	0.85	0.05	0.05
2	22	13	left	left	1	0	0.05	0.05	0.05	0.85	0.05	0.85	0.05	0.05	0.05	0.85	0.05	0.05	0.05	0.85	0.05	0.05
2	23	14	middle	middle	1	0	0.05	0.05	0.05	0.85	0.05	0.85	0.05	0.05	0.05	0.85	0.05	0.05	0.05	0.85	0.05	0.05
2	24	17	right	left	0	1	0.05	0.05	0.05	0.85	0.05	0.85	0.05	0.05	0.05	0.85	0.05	0.05	0.05	0.85	0.05	0.05
2	25	11	right	right	1	0	0.05	0.05	0.05	0.85	0.05	0.85	0.05	0.05	0.05	0.85	0.05	0.05	0.05	0.85	0.05	0.05
2	26	16	left	left	1	0	0.05	0.05	0.05	0.85	0.05	0.85	0.05	0.05	0.05	0.85	0.05	0.05	0.05	0.85	0.05	0.05
2	27	17	middle	middle	1	0	0.05	0.05	0.05	0.85	0.05	0.85	0.05	0.05	0.05	0.85	0.05	0.05	0.05	0.85	0.05	0.05
2	28	9	left	left	1	0	0.05	0.05	0.05	0.85	0.05	0.85	0.05	0.05	0.05	0.85	0.05	0.05	0.05	0.85	0.05	0.05
2	29	16	middle	left	0	1	0.05	0.05	0.05	0.85	0.05	0.85	0.05	0.05	0.05	0.85	0.05	0.05	0.05	0.85	0.05	0.05
2	30	13	right	right	1	0	0.05	0.05	0.05	0.85	0.05	0.85	0.05	0.05	0.05	0.85	0.05	0.05	0.05	0.85	0.05	0.05
2	31	13	left	left	1	0	0.05	0.05	0.05	0.85	0.05	0.85	0.05	0.05	0.05	0.85	0.05	0.05	0.05	0.85	0.05	0.05
2	32	21	left	middle	0	1	0.05	0.05	0.05	0.85	0.05	0.85	0.05	0.05	0.05	0.85	0.05	0.05	0.05	0.85	0.05	0.05
2	33	25	right	middle	0	1	0.05	0.05	0.05	0.85	0.05	0.85	0.05	0.05	0.05	0.85	0.05	0.05	0.05	0.85	0.05	0.05
2	34	15	left	right	0	1	0.05	0.05	0.05	0.85	0.05	0.85	0.05	0.05	0.05	0.85	0.05	0.05	0.05	0.85	0.05	0.05
2	35	22	middle	right	0	2	0.05	0.05	0.05	0.85	0.05	0.85	0.05	0.05	0.05	0.85	0.05	0.05	0.05	0.85	0.05	0.05
2	36	10	left	left	1	0	0.05	0.05	0.05	0.85	0.05	0.85	0.05	0.05	0.05	0.85	0.05	0.05	0.05	0.85	0.05	0.05
2	37	12	middle	right	0	1	0.05	0.05	0.05	0.85	0.05	0.85	0.05	0.05	0.05	0.85	0.05	0.05	0.05	0.85	0.05	0.05
2	38	10	right	right	1	0	0.05	0.05	0.05	0.85	0.05	0.85	0.05	0.05	0.05	0.85	0.05	0.05	0.05	0.85	0.05	0.05
2	39	14	right	right	1	0	0.05	0.05	0.05	0.85	0.05	0.85	0.05	0.05	0.05	0.85	0.05	0.05	0.05	0.85	0.05	0.05
2	40	31	middle	middle	1	0	0.05	0.05	0.05	0.85	0.05	0.85	0.05	0.05	0.05	0.85	0.05	0.05	0.05	0.85	0.05	0.05
2	41	12	left	middle	0	2	0.05	0.05	0.05	0.85	0.05	0.85	0.05	0.05	0.05	0.85	0.05	0.05	0.05	0.85	0.05	0.05
2	42	8	right	right	1	0	0.05	0.05	0.05	0.85	0.05	0.85	0.05	0.05	0.05	0.85	0.05	0.05	0.05	0.85	0.05	0.05
2	43	16	right	right	1	0	0.05	0.05	0.05	0.85	0.05	0.85	0.05	0.05	0.05	0.85	0.05	0.05	0.05	0.85	0.05	0.05
2	44	7	left	left	1	0	0.05	0.05	0.05	0.85	0.05	0.85	0.05	0.05	0.05	0.85	0.05	0.05	0.05	0.85	0.05	0.05
2	45	15	left	left	1	0	0.05	0.05	0.05	0.85	0.05	0.85	0.05	0.05	0.05	0.85	0.05	0.05	0.05	0.85	0.05	0.05
2	46	13	middle	right	0	2	0.05	0.05	0.05	0.85	0.05	0.85	0.05	0.05	0.05	0.85	0.05	0.05	0.05	0.85	0.05	0.05
2	47	13	right	left	0	1	0.05	0.05	0.05	0.85	0.05	0.85	0.05	0.05	0.05	0.85	0.05	0.05	0.05	0.85	0.05	0.05
2	48	13	right	right	1	0	0.05	0.05	0.05	0.85	0.05	0.85	0.05	0.05	0.05	0.85	0.05	0.05	0.05	0.85	0.05	0.05
2	49	16	left	left	1	0	0.05	0.05	0.05	0.85	0.05	0.85	0.05	0.05	0.05	0.85	0.05	0.05	0.05	0.85	0.05	0.05
2	50	14	left	left	1	0	0.05	0.05	0.05	0.85	0.05	0.85	0.05	0.05	0.05	0.85	0.05	0.05	0.05	0.85	0.05	0.05
3	1	10	middle	middle	1	0	0.05	0.05	0.05	0.85	0.05	0.85	0.05	0.05	0.05	0.85	0.05	0.05	0.05	0.85	0.05	0.05
3	2	13	right	left	0	1	0.05	0.05	0.05	0.85	0.05	0.85	0.05	0.05	0.05	0.85	0.05	0.05	0.05	0.85	0.05	0.05
3	3	13	left	right	0	1	0.05	0.05	0.05	0.85	0.05	0.85	0.05	0.05	0.05	0.85	0.05	0.05	0.05	0.85	0.05	0.05
3	4	19	left	right	0	1	0.05	0.05	0.05	0.85	0.05	0.85	0.05	0.05	0.05	0.85	0.05	0.05	0.05	0.85	0.05	0.05
3	5	7	left	left	1	0	0.05	0.05	0.05	0.85	0.05	0.85	0.05	0.05	0.05	0.85	0.05	0.05	0.05	0.85	0.05	0.05
3	6	19	right	right	1	0	0.05	0.05	0.05	0.85	0.05	0.85	0.05	0.05	0.05	0.85	0.05	0.05	0.05	0.85	0.05	0.05
3	7	17	middle	middle	1	0	0.05	0.05	0.05	0.85	0.05	0.85	0.05	0.05	0.05	0.85	0.05	0.05	0.05	0.85	0.05	0.05
3	8	17	right	right	1	0	0.05	0.05	0.05	0.85	0.05	0.85	0.05	0.05	0.05	0.85	0.05	0.05	0.05	0.85	0.05	0.05
3	9	13	right	right	1	0	0.05	0.05	0.05	0.85	0.05	0.85	0.05	0.05	0.05	0.85	0.05	0.05	0.05	0.85	0.05	0.05
3	10	16	left	middle	0	1	0.05	0.05	0.05	0.85	0.05	0.85	0.05	0.05	0.05	0.85	0.05	0.05	0.05	0.85	0.05	0.05
3	11	9	left	middle	0	1	0.05	0.05	0.05	0.85	0.05	0.85	0.05	0.05	0.05	0.85	0.05	0.05	0.05	0.85	0.05	0.05
3	12	17	middle	middle	1	0	0.05	0.05	0.05	0.85	0.05	0.85	0.05	0.05	0.05	0.85	0.05	0.05	0.05	0.85	0.05	0.05
3	13	24	middle	middle	1	0	0.05	0.05	0.05	0.85	0.05	0.85	0.05	0.05	0.05	0.85	0.05	0.05	0.05	0.85	0.05	0.05
3	14	34	right	middle	0	1	0.05	0.05	0.05	0.85	0.05	0.85	0.05	0.05	0.05	0.85	0.05	0.05	0.05	0.85	0.05	0.05
3	15	30	middle	right	0	2	0.05	0.05	0.05	0.85	0.05	0.85	0.05	0.05	0.05	0.85	0.05	0.05	0.05	0.85	0.05	0.05
3	16	15	middle	right	0	1	0.05	0.05	0.05	0.85	0.05	0.85	0.05	0.05	0.05	0.85	0.05	0.05	0.05	0.85	0.05	0.05
3	17	14	middle	left	0	1	0.05	0.05	0.05	0.85	0.05	0.85	0.05	0.05	0.05	0.85	0.05	0.05	0.05	0.85	0.05	0.05
3	18	21	left	left	1	0	0.05	0.05	0.05	0.85	0.05	0.85	0.05	0.05	0.05	0.85	0.05	0.05	0.05	0.85	0.05	0.05
3	19	14	left	left	1	0	0.05	0.05	0.05	0.85	0.05	0.85	0.05	0.05	0.05	0.85	0.05	0.05	0.05	0.85	0.05	0.05
3	20	16	left	left	1	0	0.05	0.05	0.05	0.85	0.05	0.85	0.05	0.05	0.05	0.85	0.05	0.05	0.05	0.85	0.05	0.05
3	21	13	right	left	0	1	0.05	0.05	0.05	0.85	0.05	0.85	0.05	0.05	0.05	0.85	0.05	0.05	0.05	0.85	0.05	0.05
3	22	22	middle	left	0	1	0.05	0.05	0.05	0.85	0.05	0.85	0.05	0.05	0.05	0.85	0.05	0.05	0.05	0.85	0.05	0.05
3	23	13	right	right	1	0	0.05	0.05	0.05	0.85	0.05	0.85	0.05	0.05	0.05	0.85	0.05	0.05	0.05	0.85	0.05	0.05
3	24	22	middle	middle	1	0	0.05	0.05	0.05	0.85	0.05	0.85	0.05	0.05	0.05	0.85	0.05	0.05	0.05	0.85	0.05	0.05
3	25	17	left	left	1	0	0.05	0.05	0.05	0.85	0.05	0.85	0.05	0.05	0.05	0.85	0.05	0.05	0.05	0.85	0.05	0.05
3	26	19	right	right	1	0	0.05	0.05	0.05	0.85	0.05	0.85	0.05	0.05	0.05	0.85	0.05	0.05	0.05	0.85	0.05	0.05
3	27	15	middle	middle	1	0	0.05	0.05	0.05	0.85	0.05	0.85	0.05	0.05	0.05	0.85	0.05	0.05	0.05	0.85	0.05	0.05
3	28	22	middle	middle	1	0	0.05	0.05	0.05	0.85	0.05	0.85	0.05	0.05	0.05	0.85	0.05	0.05	0.05	0.85	0.05	0.05
3	29	14	right	left	0	1	0.05	0.05	0.05	0.85	0.05	0.85	0.05	0.05	0.05	0.85	0.05	0.05	0.05	0.85	0.05	0.05
3	30	19	left	left	1	0	0.05	0.05	0.05	0.85	0.05	0.85	0.05	0.05	0.05	0.85	0.05	0.05	0.05	0.85	0.05	0.05
3	31	18	middle	left	0	1	0.05	0.05	0.05	0.85	0.05	0.85	0.05	0.05	0.05	0.85	0.05	0.05	0.05	0.85	0.05	0.05
3	32	14	left	left	1	0	0.05	0.05	0.05	0.85	0.05	0.85	0.05	0.05	0.05	0.85	0.05	0.05	0.05	0.85	0.05	0.05
3	33	25	right	left	0	1	0.05	0.05	0.05	0.85	0.05	0.85	0.05	0.05	0.05	0.85	0.05	0.05	0.05	0.85	0.05	0.05
3	34	16	right	right	1	0	0.05	0.05	0.05	0.85	0.05	0.85	0.05	0.05	0.05	0.85	0.05	0.05	0.05	0.85	0.05	0.05
3	35	9	right	right	1	0	0.05	0.05	0.05	0.85	0.05	0.85	0.05	0.05	0.05	0.85	0.05	0.05	0.05	0.85	0.05	0.05
3	36	28	right	right	1	0	0.05	0.05	0.05	0.85	0.05	0.85	0.05	0.05	0.05	0.85	0.05	0.05	0.05	0.85	0.05	0.05
3	37	17	right	left	0	1	0.05	0.05	0.05	0.85	0.05	0.85	0.05	0.05	0.05	0.85	0.05	0.05	0.05	0.85	0.05	0.05
3	38	21	middle	middle	1	0	0.05	0.05	0.05	0.85	0.05	0.85	0.05	0.05	0.05	0.85	0.05	0.05	0.05	0.85	0.05	0.05
3	39	16	right	right	1	0	0.05	0.05	0.05	0.85	0.05	0.85	0.05	0.05	0.05	0.85	0.05	0.05	0.05	0.85	0.05	0.05
3	40	12	right	right	1	0	0.05	0.05	0.05	0.85	0.05	0.85	0.05	0.05	0.05	0.85	0.05	0.05	0.05	0.85	0.05	0.05
3	41	14	right	right	1	0	0.05	0.05	0.05	0.85	0.05	0.85	0.05	0.05	0.05	0.85	0.05	0.05	0.05	0.85	0.05	0.05
3	42	13	middle	middle	1	0	0.05	0.05	0.05	0.85	0.05	0.85	0.05	0.05	0.05	0.85	0.05	0.05	0.05	0.85	0.05	0.05
3	43	16	left	left	1	0	0.05	0.05	0.05	0.85	0.05	0.85	0.05	0.05	0.05	0.85	0.05	0.05	0.05	0.85	0.05	0.05
3	44	12	middle	middle	1	0	0.05	0.05	0.05	0.85	0.05	0.85	0.05	0.05	0.05	0.85	0.05	0.05	0.05	0.85	0.05	0.05
3	45	9	left	right	0	1	0.05	0.05	0.05	0.85	0.05	0.85	0.05	0.05	0.05	0.85	0.05	0.05	0.05	0.85	0.05	0.05
3	46	15	left	left	1	0	0.05	0.05	0.05	0.85	0.05	0.85	0.05	0.05	0.05	0.85	0.05	0.05	0.05	0.85	0.05	0.05
3	47	21	middle	left	0	1	0.05	0.05	0.05	0.85	0.05	0.85	0.05	0.05	0.05	0.85	0.05	0.05	0.05	0.85	0.05	0.05
3	48	19	middle	left	0	1	0.05	0.05	0.05	0.85	0.05	0.85	0.05	0.05	0.05	0.85	0.05	0.05	0.05	0.85	0.05	0.05
3	49	38	left	middle	0	2	0.05	0.05	0.05	0.85	0.05	0.85	0.05	0.05	0.05	0.85	0.05	0.05	0.05	0.85	0.05	0.05
3	50	19	left	left	1	0	0.05	0.05	0.05	0.85	0.05	0.85	0.05	0.05	0.05	0.85	0.05	0.05	0.05	0.85	0.05	0.05
