Trial	naoDecision	errpDetector	x01	x12	x32	x00	x33	x30	x31	x21	x02	x20	x13	x23	x22	x10	x03	x11
0	right	noError	0.233333333333	0.269230769231	0.178571428571	0.233333333333	0.25	0.321428571429	0.25	0.192307692308	0.233333333333	0.346153846154	0.269230769231	0.269230769231	0.192307692308	0.192307692308	0.3	0.269230769231
1	left	ERROR	0.0416666666667	0.209239067259	0.255102040816	0.291666666667	0.214285714286	0.316326530612	0.214285714286	0.131868131868	0.291666666667	0.351648351648	0.209239067259	0.241758241758	0.274725274725	0.581219631274	0.375	0.000302234208263
2	right	noError	0.0944444444444	0.160953128661	0.273155416013	0.261111111111	0.241758241758	0.320251177394	0.164835164835	0.165620094192	0.327777777778	0.251177394035	0.160953128661	0.244113029827	0.339089481947	0.677861254826	0.316666666667	0.00023248785251
3	right	noError	0.12962962963	0.200733175893	0.210119550779	0.240740740741	0.185967878276	0.323270136457	0.280642434489	0.189728638708	0.285185185185	0.250840995739	0.12381009897	0.174366449877	0.385063915676	0.675277888328	0.344444444444	0.000178836809623
4	left	ERROR	0.216049382716	0.250916469866	0.262649438474	0.401234567901	0.232459847844	0.279087670571	0.225803043111	0.284820194172	0.141975308642	0.478805455136	0.154762623712	0.236056926737	0.000317423955464	0.59409736041	0.240740740741	0.000223546012029
5	middle	noError	0.175582990398	0.319014972605	0.187606741767	0.445130315501	0.308899891317	0.342205478979	0.161287887936	0.23735016181	0.134430727023	0.48233787928	0.140693294284	0.280047438947	0.000264519962887	0.540088509464	0.244855967078	0.000203223647299
6	left	noError	0.234739368999	0.265845810504	0.191737827845	0.340706447188	0.339266594212	0.36147031932	0.107525258624	0.281125134842	0.14651920439	0.401948232733	0.117244411903	0.316706199123	0.000220433302406	0.616740424553	0.278034979424	0.000169353039416
7	middle	noError	0.138081981764	0.22153817542	0.19449188523	0.494533204228	0.426177729474	0.24098021288	0.138350172416	0.34647739531	0.086187767288	0.365407484303	0.181037009919	0.287914726475	0.000200393911278	0.597283687127	0.28119704672	0.000141127532846
8	right	noError	0.158721321176	0.170413981093	0.196327923486	0.596355469485	0.41745181965	0.22732014192	0.158900114944	0.372064496092	0.0574585115253	0.304506236919	0.293105392246	0.323262272063	0.000166994926065	0.536372067021	0.187464697813	0.000108559640651
9	middle	noError	0.113372372269	0.121724272209	0.354519945347	0.497396763918	0.298179871178	0.162371529943	0.184928653531	0.440049612379	0.0410417939467	0.311158643784	0.352218137318	0.248663286202	0.000128457635435	0.525980047872	0.348189069867	7.7542600465e-05
10	right	noError	0.118375583465	0.101436893508	0.34963072719	0.554728546382	0.306292208599	0.201824253802	0.142252810409	0.400045102162	0.0227693316301	0.282871494349	0.293515114432	0.31696662382	0.000116779668577	0.604983373227	0.304126538523	6.46188337208e-05
11	middle	noError	0.155982559618	0.134291262338	0.321164805136	0.467663247416	0.361637291856	0.144160181287	0.173037721721	0.500037585135	0.0162638083072	0.235726245291	0.262343409621	0.264138853183	9.73163904807e-05	0.603322248818	0.36009038466	4.30792224806e-05
12	left	noError	0.129985466348	0.195242718615	0.345091558409	0.47305270618	0.423131828809	0.13564454516	0.0961320676226	0.538490450104	0.0135531735893	0.181327880993	0.301952841351	0.280106810141	7.48587619082e-05	0.502768540682	0.383408653883	3.58993520671e-05
13	middle	noError	0.108321221957	0.162702265513	0.358384199116	0.394210588483	0.512851016005	0.0753580806442	0.0534067042348	0.568069577003	0.0112943113245	0.216406062302	0.334960701126	0.215466777032	5.75836630063e-05	0.502307117235	0.486173878236	2.99161267226e-05
14	left	ERROR	0.0118874599383	0.104503775855	0.301832564302	0.42030084069	0.596199778339	0.000190569871229	0.101777087488	0.382956538576	0.0161347304635	0.309151517575	0.224934501876	0.307809681474	8.22623757233e-05	0.670511862058	0.551676968908	4.98602112044e-05
15	left	ERROR	0.0198124332304	0.00643396550652	0.203665128604	0.533834734483	0.592399556678	0.000381139742458	0.203554174975	0.26136648368	0.0268912174392	0.29878788225	0.321335002681	0.439728116391	0.000117517679605	0.67215980294	0.419461614847	7.12288731491e-05
16	left	ERROR	0.0198124332304	0.0071488505628	0.000960289026551	0.533834734483	0.000960289026551	0.00366004312264	0.994419378824	0.230523548114	0.0268912174392	0.426839831785	0.245927780756	0.342468737701	0.000167882399435	0.746844225489	0.419461614847	7.91431923879e-05
17	middle	ERROR	0.0330207220507	0.0157403959553	0.0019205780531	0.723057890806	0.0019205780531	0.00732008624529	0.988838757649	0.230523548114	0.0448186957319	0.426839831785	0.000220180794339	0.342468737701	0.000167882399435	0.983865165141	0.199102691412	0.000174258109665
18	left	noError	0.0209410453071	0.0154919845415	0.00189956648782	0.634115485735	0.00189956648782	0.00724000281948	0.988960864205	0.230523548114	0.0284230713212	0.426839831785	0.000216705950215	0.342468737701	0.000167882399435	0.984119801501	0.316520397636	0.000171508007094
19	middle	noError	0.01337415533	0.0152513157516	0.00187901172341	0.638593619295	0.00187901172341	0.00716166044337	0.98908031611	0.230523548114	0.0181526072472	0.426839831785	0.000213339411947	0.342468737701	0.000167882399435	0.984366501215	0.329879618128	0.000168843621236
20	left	noError	0.00759331566416	0.0150180331519	0.00185889902359	0.567703615313	0.00185889902359	0.00708500295108	0.989197199002	0.230523548114	0.0103063313947	0.426839831785	0.000210076193648	0.342468737701	0.000167882399435	0.984605629648	0.414396737628	0.0001662610061
21	right	noError	0.00446665627304	0.0147918018561	0.00183921427917	0.510413891361	0.00183921427917	0.00700997656688	0.989311594875	0.230523548114	0.00606254787926	0.426839831785	0.000206911610842	0.342468737701	0.000167882399435	0.984837530079	0.479056904487	0.000163756454241
22	middle	ERROR	0.00893331254607	0.0246530030936	0.00367842855834	0.820827782721	0.00367842855834	0.0140199531338	0.97862318975	0.256137275682	0.0121250957585	0.474266479761	0.000344852684736	0.269409708557	0.000186535999373	0.974729216798	0.158113808974	0.000272927423735
23	middle	noError	0.00698421279533	0.0240477035607	0.00360179387353	0.781738502715	0.00360179387353	0.0137278678934	0.979068544359	0.256137275682	0.00947960216376	0.474266479761	0.000336385595831	0.269409708557	0.000186535999373	0.975349684544	0.201797682326	0.000266226299274
24	middle	noError	0.00529845000762	0.0234714715305	0.00352829436596	0.758556521382	0.00352829436596	0.0134477320596	0.979495679208	0.256137275682	0.00719153319474	0.474266479761	0.000328325110789	0.269409708557	0.000186535999373	0.975940356385	0.228953495416	0.000259846974089
25	right	noError	0.00367604952339	0.022922262295	0.0034577414992	0.693727771925	0.0034577414992	0.0131788270449	0.979905689957	0.213447729735	0.0743691804104	0.478555399801	0.000320642627701	0.307841423798	0.000155446666144	0.976503328266	0.228226998141	0.000253766811719
26	left	ERROR	0.00699226559756	0.0382037704917	0.00576290249867	0.939126552083	0.00576290249867	0.0219647117415	0.966509483261	0.266809662169	0.000190211409097	0.598194249751	0.000534404379502	0.134801779747	0.00019430833268	0.960838880443	0.0536909709107	0.000422944686199
27	middle	noError	0.00602379870947	0.0367675873657	0.00557669381063	0.861408401264	0.00557669381063	0.0212549964275	0.967591615951	0.266809662169	0.000163866092422	0.598194249751	0.000514314672586	0.134801779747	0.00019430833268	0.962311052911	0.132403933934	0.000407045050804
28	middle	noError	0.00486381879023	0.0354356004552	0.00540215878976	0.807353074514	0.00540215878976	0.0205897740985	0.968605908322	0.266809662169	0.000132311024628	0.598194249751	0.000495682489708	0.134801779747	0.00019430833268	0.963676418109	0.187650795671	0.000392298946462
29	middle	noError	0.00325873760294	0.0341968674275	0.00523823304463	0.669928685609	0.00523823304463	0.0199649879356	0.969558545975	0.266809662169	8.86478156021e-05	0.598194249751	0.000478354766645	0.134801779747	0.00019430833268	0.964946192573	0.326723928973	0.000378585233262
30	right	ERROR	0.0119203469078	0.0488526677535	0.00748319006376	0.987389586054	0.00748319006376	0.0285214113366	0.956512208536	0.296455180188	0.000324270574484	0.55354916639	0.00068336395235	0.149779755274	0.000215898147422	0.949923132247	0.000365796463546	0.000540836047518
31	middle	noError	0.010714818269	0.0465273752726	0.00717201229014	0.898778103527	0.00717201229014	0.0273353891717	0.958320586248	0.269504709262	0.000291476439608	0.594135605809	0.000650837150167	0.136163413886	0.000196271043111	0.952306694279	0.0902156017646	0.000515093297889
32	middle	ERROR	0.105750273553	0.0516970836363	0.00717201229014	0.000986953496537	0.00717201229014	0.0273353891717	0.958320586248	0.269504709262	0.00287673691229	0.594135605809	0.000723152389075	0.136163413886	0.000196271043111	0.947007438088	0.890386036038	0.000572325886543
33	right	noError	0.170109878583	0.0491000558902	0.0938804703371	0.000815991816501	0.00628253470914	0.0239452366102	0.875891758344	0.307920591051	0.00237842389423	0.578446338175	0.000686824482606	0.113469511572	0.000163559202592	0.949669544806	0.826695705707	0.000543574821636
34	middle	noError	0.144995956297	0.0467516968751	0.0766992142226	0.000695524062152	0.00513275523426	0.101261766377	0.816906264166	0.307920591051	0.00202728877298	0.578446338175	0.000653975019681	0.113469511572	0.000163559202592	0.952076751397	0.852281230868	0.000517576707995
35	middle	noError	0.307398581578	0.0446179228581	0.0648348439213	0.000480460793258	0.00433878479555	0.0855978889066	0.845228482377	0.307920591051	0.0014004300139	0.578446338175	0.000624127228093	0.113469511572	0.000163559202592	0.954263995701	0.690720527615	0.000493954212874
36	right	ERROR	0.518496453945	0.0743632047635	0.126014728654	0.00120115198314	0.0084329776341	0.000194362662162	0.86535793105	0.307920591051	0.00350107503475	0.578446338175	0.00104021204682	0.113469511572	0.000163559202592	0.923773326168	0.476801319037	0.000823257021457
37	left	ERROR	0.63699290789	0.00023488690928	0.180021040934	0.00240230396629	0.0120471109059	0.000277660945945	0.807654187214	0.342133990057	0.0070021500695	0.531607042416	0.00244332192674	0.126077235079	0.000181732447325	0.995388068191	0.353602638074	0.00193372297313
38	right	ERROR	0.592482269724	0.000587217273201	0.25717291562	0.00600575991572	0.0172101584369	0.000396658494208	0.725220267449	0.342133990057	0.0175053751737	0.531607042416	0.00610830481685	0.126077235079	0.000181732447325	0.988470170477	0.384006595186	0.00483430743284
39	right	ERROR	0.845325804149	0.000978695455334	0.261954859367	0.0103086428535	0.0286835973949	0.000661097490346	0.708700445748	0.302667487571	0.000171645936537	0.53950880302	0.0101805080281	0.157596543849	0.000227165559156	0.980783617462	0.144193907061	0.00805717905473
40	left	noError	0.866033559033	0.000960337280515	0.261954859367	0.00892852351159	0.0286835973949	0.000661097490346	0.708700445748	0.275152261428	0.000148666007914	0.581371639109	0.00998954408203	0.143269585318	0.000206514144687	0.981144074546	0.124889251448	0.00790604409151
41	left	noError	0.810379443675	0.000942656878375	0.218295716139	0.00723621553772	0.0239029978291	0.000550914575289	0.757250371457	0.25013841948	0.000120487925579	0.528519671918	0.00980563040904	0.221154168471	0.000187740131534	0.981491223773	0.182263852862	0.00776048893947
42	left	ERROR	0.982154001002	0.00314218959458	0.272869645174	0.0173183090723	0.0298787472863	0.000688643219111	0.696562964321	0.25013841948	0.000288361661394	0.528519671918	0.0326854346968	0.221154168471	0.000187740131534	0.938304079244	0.000239328264644	0.0258682964649
43	middle	noError	0.982465174006	0.00270506252513	0.248063313794	0.0170163371699	0.027162497533	0.000626039290101	0.724148149383	0.25013841948	0.0002833336232	0.528519671918	0.114226842851	0.221154168471	0.000187740131534	0.860798477451	0.000235155200688	0.022269617173
44	left	noError	0.982765651867	0.00202005783698	0.290052761495	0.0167247441656	0.0226354146109	0.000521699408417	0.686790124486	0.291782016234	0.00027847840074	0.523766393265	0.234654981389	0.184295140392	0.000156450109612	0.746694692794	0.000231125566651	0.0166302679804
45	middle	ERROR	0.956914129668	0.00712618529881	0.322280846106	0.041811860414	0.0251504606787	0.000579666009353	0.651989027206	0.291782016234	0.000696196001851	0.523766393265	0.475024195455	0.184295140392	0.000156450109612	0.517496847896	0.000577813916627	0.000352771349828
46	left	noError	0.958689881083	0.00445386581176	0.401754497004	0.0400886163498	0.0193465082144	0.000445896930271	0.578453097851	0.378293858641	0.000667502812506	0.402897225588	0.42189012216	0.218688569532	0.000120346238163	0.573435529935	0.000553999754994	0.000220482093643
47	left	noError	0.960324896803	0.0027383726443	0.385964997696	0.0385019465538	0.0148819293957	0.00034299763867	0.59881007527	0.434812598765	0.000641083677904	0.36627020508	0.382357028761	0.198807790484	0.000109405671057	0.614769039474	0.00053207296484	0.000135559120842
48	right	noError	0.877432296647	0.00172753716412	0.373819228997	0.121538234878	0.0114476379967	0.000263844337439	0.614469288669	0.395284180695	0.000562563780224	0.423882004618	0.367387328406	0.180734354985	9.9459700961e-05	0.630799615237	0.000466904693993	8.55191931883e-05
49	middle	noError	0.817935719085	0.0011759149899	0.339835662724	0.181222157666	0.0104069436334	0.000239858488581	0.649517535154	0.395284180695	0.000460187028812	0.423882004618	0.318145263083	0.180734354985	9.9459700961e-05	0.68062060998	0.000381936220248	5.82119466275e-05
