Trial	nTrans	naoDecision	humanDecision	guessCorr	errpDetector	x01	x12	x32	x00	x33	x30	x31	x21	x02	x20	x13	x23	x22	x10	x03	x11
1	21	left	right	0	ERROR	0.38455622212	0.25	0.499666888741	0.38455622212	0.000333111259161	0.499666888741	0.000333111259161	0.357142857143	0.230733733272	0.214285714286	0.416666666667	0.0714285714286	0.357142857143	0.0833333333333	0.000153822488848	0.25
2	16	left	middle	0	ERROR	0.406508888742	0.357142857143	0.570952698201	0.406508888742	0.000475873227372	0.428095555344	0.000475873227372	0.580514077466	0.186762476103	0.258006256652	0.309523809524	0.161253910407	0.00022575547457	0.119047619048	0.00021974641264	0.214285714286
3	21	right	left	0	ERROR	0.000254070778378	0.559123024008	0.588690872751	0.524678741048	0.000594841534215	0.41011944418	0.000594841534215	0.543591539238	0.474508876752	0.225723223788	0.389691804612	0.230362729153	0.000322507820815	0.000355805560733	0.000558311421052	0.0508293658189
4	16	middle	left	0	ERROR	0.000423451297297	0.510136693343	0.481151454586	0.54113123508	0.000991402557025	0.5168657403	0.000991402557025	0.944339669786	0.457514794587	0.0547608746094	0.432990894013	0.000212884959756	0.000686570644551	0.000395339511925	0.000930519035087	0.0564770731322
5	22	left	right	0	ERROR	0.000846902594594	0.902549478202	0.301919090976	0.482262470161	0.00165233759504	0.694776233834	0.00165233759504	0.860849174466	0.515029589175	0.136902186523	0.0960090012444	0.00053221239939	0.00171642661138	0.0011505038838	0.00186103807017	0.000291016670254
6	40	left	right	0	ERROR	0.00120986084942	0.0609191275448	0.33546565664	0.546089243087	0.00183593066116	0.660862482037	0.00183593066116	0.00254771711522	0.45004227025	0.940163321948	0.0609191275448	0.0135592663886	0.0437296945483	0.700876928382	0.00265862581454	0.177284816529
7	10	middle	left	0	ERROR	0.00241972169884	0.0609191275448	0.372739618489	0.892178486173	0.00203992295684	0.623180535597	0.00203992295684	0.00424619519204	0.100084540499	0.900272203247	0.0609191275448	0.0225987773143	0.0728828242471	0.700876928382	0.00531725162907	0.177284816529
8	14	right	right	1	noError	0.00200354276308	0.0609191275448	0.372739618489	0.827922653155	0.00203992295684	0.623180535597	0.00203992295684	0.00386148404449	0.165671090734	0.909307679337	0.0609191275448	0.0205512968852	0.0662795397336	0.700876928382	0.00440271334757	0.177284816529
9	12	left	left	1	noError	0.00170954052011	0.0609191275448	0.338854198627	0.853173487262	0.00185447541531	0.657436850543	0.00185447541531	0.00386148404449	0.141360318252	0.909307679337	0.0609191275448	0.0205512968852	0.0662795397336	0.700876928382	0.00375665396556	0.177284816529
10	13	right	right	1	ERROR	0.0364301632567	0.0609191275448	0.376504665141	0.00213099150492	0.00206052823923	0.619374278381	0.00206052823923	0.00429053782721	0.881384868363	0.899230754819	0.0609191275448	0.0228347743169	0.0736439330374	0.700876928382	0.0800539768753	0.177284816529
11	15	left	left	1	noError	0.0325701121301	0.0609191275448	0.376504665141	0.00190519684951	0.00206052823923	0.619374278381	0.00206052823923	0.0038981173009	0.893953038022	0.908447296386	0.0609191275448	0.0207462636181	0.0669083226953	0.700876928382	0.0715716529987	0.177284816529
12	19	middle	middle	1	noError	0.029449976581	0.0609191275448	0.433186059219	0.00172268374073	0.00187320749021	0.563067525801	0.00187320749021	0.00301839725914	0.904112072618	0.774244381696	0.0609191275448	0.016064284476	0.206672936568	0.700876928382	0.0647152670601	0.177284816529
13	26	middle	left	0	noError	0.0246280932485	0.0609191275448	0.48471459929	0.00144062647003	0.00170291590019	0.51187956891	0.00170291590019	0.00197842633877	0.836185060163	0.655390369887	0.0609191275448	0.0105294302877	0.332101773487	0.700876928382	0.137746220118	0.177284816529
14	13	middle	middle	1	noError	0.0194886461117	0.0609191275448	0.531558726627	0.00113999322523	0.00154810536381	0.465345062645	0.00154810536381	0.00113408737024	0.791238568509	0.573169664839	0.0609191275448	0.00603575360431	0.419660494187	0.700876928382	0.188132792154	0.177284816529
15	15	right	middle	0	ERROR	0.000208068326291	0.0676879194942	0.479509696252	0.00237196482356	0.0017201170709	0.517050069606	0.0017201170709	0.00378029123412	0.814043541302	0.243898882796	0.0676879194942	0.020119178681	0.732201647289	0.667641031535	0.183376425549	0.196983129476
16	12	right	right	1	noError	0.000175458273018	0.0615344722675	0.479509696252	0.00200021242551	0.0017201170709	0.517050069606	0.0017201170709	0.00241136391295	0.843188054225	0.346941031006	0.0615344722675	0.0128335777391	0.637814027342	0.697855483214	0.154636275077	0.179075572251
17	13	right	right	1	noError	0.000151687093454	0.0615344722675	0.435917905684	0.00172922258892	0.00156374279173	0.560954608733	0.00156374279173	0.00136847120422	0.864433019519	0.423895906668	0.0615344722675	0.00728317343096	0.567452448697	0.697855483214	0.133686070799	0.179075572251
18	18	middle	left	0	noError	0.000122777132737	0.0615344722675	0.487198096076	0.00139965099532	0.00142158435612	0.509958735211	0.00142158435612	0.000770533812035	0.809329602326	0.563005459139	0.0615344722675	0.00410087648914	0.432123130559	0.697855483214	0.189147969546	0.179075572251
19	16	right	right	1	noError	0.00010312463083	0.0559404293341	0.487198096076	0.001175613805	0.00142158435612	0.509958735211	0.00142158435612	0.000443627286463	0.839849539308	0.575682620031	0.0559404293341	0.00236103942563	0.421512713257	0.725323166558	0.158871722256	0.162795974774
20	19	right	right	1	noError	7.5824121097e-05	0.0559404293341	0.442907360069	0.000864389843592	0.00129234941465	0.554507941101	0.00129234941465	0.000243187731536	0.735193310027	0.548125465188	0.0559404293341	0.00129427526103	0.450337071819	0.725323166558	0.263866476008	0.162795974774
21	14	right	middle	0	ERROR	0.000151648242194	0.0559404293341	0.442907360069	0.00172877968718	0.00129234941465	0.554507941101	0.00129234941465	0.00162381795342	0.670386620054	0.989066299568	0.0559404293341	0.00864216049159	0.000667721987108	0.725323166558	0.327732952016	0.162795974774
22	6	left	left	1	noError	0.000116652493995	0.0559404293341	0.452422800058	0.0013298305286	0.00107695784554	0.545423284251	0.00107695784554	0.00160641453952	0.592605092349	0.989183482478	0.0559404293341	0.00854953736494	0.000660565617097	0.725323166558	0.405948424628	0.162795974774
23	19	middle	middle	1	noError	6.45453564338e-05	0.0559404293341	0.394587714327	0.000735812690543	0.00076925560396	0.603873774465	0.00076925560396	0.00158938190054	0.553257797478	0.98929816884	0.0559404293341	0.00845888754832	0.000653561711563	0.725323166558	0.445941844475	0.162795974774
24	25	right	right	1	ERROR	0.0645222544357	0.0559404293341	0.389175428654	0.735549329329	0.00153851120792	0.60774754893	0.00153851120792	0.00794690950269	0.0999642081175	0.946490844198	0.0559404293341	0.0422944377416	0.00326780855782	0.725323166558	0.0999642081175	0.162795974774
25	8	middle	middle	1	noError	0.0510319296161	0.0559404293341	0.389175428654	0.790840724172	0.00153851120792	0.60774754893	0.00153851120792	0.00794690950269	0.0790636731062	0.946490844198	0.0559404293341	0.0422944377416	0.00326780855782	0.725323166558	0.0790636731062	0.162795974774
26	12	middle	middle	1	noError	0.0362170211655	0.0559404293341	0.299365714349	0.709622382218	0.00118347015994	0.698267345331	0.00118347015994	0.00794690950269	0.0561109631528	0.946490844198	0.0559404293341	0.0422944377416	0.00326780855782	0.725323166558	0.198049633464	0.162795974774
27	10	left	left	1	noError	0.026050208032	0.0559404293341	0.249471428624	0.719208873977	0.000986225133282	0.748556121109	0.000986225133282	0.00794690950269	0.0403595385808	0.946490844198	0.0559404293341	0.0422944377416	0.00326780855782	0.725323166558	0.21438137941	0.162795974774
28	13	right	right	1	noError	0.0175932762574	0.0559404293341	0.207892857187	0.675292761891	0.000821854277735	0.790463434258	0.000821854277735	0.00754399129619	0.094793259792	0.949203825021	0.0559404293341	0.0401500570872	0.00310212659518	0.725323166558	0.212320702059	0.162795974774
29	21	middle	middle	1	noError	0.00914122939425	0.0559404293341	0.236840659375	0.519534573185	0.000632195598258	0.761894949429	0.000632195598258	0.00717999310918	0.205129260648	0.951654744551	0.0559404293341	0.0382128136024	0.00295244873737	0.725323166558	0.266194936772	0.162795974774
30	15	middle	middle	1	noError	0.00571326837141	0.0559404293341	0.251748421451	0.387209108241	0.000472491189766	0.74730659617	0.000472491189766	0.00575206921704	0.253205787905	0.801044502781	0.0559404293341	0.190838148643	0.00236527935875	0.725323166558	0.353871835483	0.162795974774
31	11	right	right	1	noError	0.00380884558094	0.0559404293341	0.270575708808	0.324806072161	0.000363454761359	0.728697381669	0.000363454761359	0.00442856748064	0.302137191937	0.769831595694	0.0559404293341	0.223918787937	0.0018210488879	0.725323166558	0.369247890322	0.162795974774
32	11	left	left	1	noError	0.00238052848809	0.0559404293341	0.212850182108	0.3280037951	0.000285914106939	0.786577989678	0.000285914106939	0.00402597043695	0.251335744961	0.790755996086	0.0559404293341	0.203562534489	0.001655498989	0.725323166558	0.418279931451	0.162795974774
33	16	middle	middle	1	noError	0.00125290973057	0.0508549357582	0.177375151757	0.330528313211	0.000238261755783	0.822148324731	0.000238261755783	0.00307526935533	0.342808286821	0.763781522132	0.0508549357582	0.231878642518	0.0012645659943	0.75029378778	0.325410490237	0.147996340703
34	7	right	right	1	noError	0.000894935521837	0.0508549357582	0.150604881726	0.37894879515	0.000202302200698	0.848990513872	0.000202302200698	0.00279569941393	0.244863062015	0.785255929211	0.0508549357582	0.210798765926	0.00114960544937	0.75029378778	0.375293207312	0.147996340703
35	20	middle	left	0	ERROR	0.00251926369739	0.0565054841758	0.0843414695441	0.785247155695	0.000337170334497	0.914984189787	0.000337170334497	0.00698924853483	0.000281502257528	0.713139823028	0.0565054841758	0.276996914814	0.00287401362342	0.722548653089	0.21195207835	0.164440378559
36	10	middle	middle	1	noError	0.00207406067438	0.0565054841758	0.167583154131	0.823198171139	0.000306518485906	0.831803808897	0.000306518485906	0.00635386230439	0.0002317553191	0.739218020934	0.0565054841758	0.251815377104	0.00261273965765	0.722548653089	0.174496012868	0.164440378559
37	15	right	right	1	noError	0.00150654312422	0.051368621978	0.143466912577	0.726301061739	0.000262408599772	0.856008270223	0.000262408599772	0.0966853293676	0.000168340968423	0.672016382667	0.051368621978	0.228923070094	0.0023752178706	0.747771502808	0.272024054168	0.149491253236
38	9	middle	middle	1	noError	0.00115887932633	0.051368621978	0.195729987385	0.558693124415	0.000210957749368	0.803848097116	0.000210957749368	0.0805711078064	0.000129493052633	0.560013652223	0.051368621978	0.357435891745	0.0019793482255	0.747771502808	0.440018503206	0.149491253236
39	14	middle	middle	1	noError	0.000643821847958	0.051368621978	0.228177580487	0.477051735786	0.000162769522501	0.771496880468	0.000162769522501	0.0671425898386	7.19405847962e-05	0.633344710186	0.051368621978	0.297863243121	0.00164945685458	0.747771502808	0.522232501781	0.149491253236
40	14	right	right	1	noError	0.000378718734093	0.051368621978	0.299759622919	0.457089256345	0.000113952091167	0.700012472899	0.000113952091167	0.0559521581989	4.23179910566e-05	0.611120591821	0.051368621978	0.331552702601	0.00137454737882	0.747771502808	0.54248970693	0.149491253236
41	13	right	right	1	noError	0.000210399296718	0.0466987472528	0.307507402245	0.476160697969	8.76554547442e-05	0.692317286845	8.76554547442e-05	0.0508655983626	2.35099950314e-05	0.646473265292	0.0466987472528	0.301411547819	0.0012495885262	0.770701366189	0.523605392739	0.135901139305
42	14	middle	middle	1	ERROR	0.00105199648359	0.0466987472528	0.179179003742	0.380803489846	0.000146092424574	0.820528811409	0.000146092424574	0.0635819979532	0.000117549975157	0.558091581615	0.0466987472528	0.376764434774	0.00156198565775	0.770701366189	0.618026963695	0.135901139305
43	12	left	left	1	noError	0.000665032186179	0.0424534065934	0.151927574181	0.367161887532	0.000123873150359	0.847824679518	0.000123873150359	0.0635819979532	7.43106257325e-05	0.558091581615	0.0424534065934	0.376764434774	0.00156198565775	0.791546696536	0.632098769656	0.123546490278
44	18	right	right	1	ERROR	0.0201903550737	0.0424534065934	0.129818935453	0.00303599667705	0.000309682875898	0.869561698795	0.000309682875898	0.0794774974416	0.00225606812793	0.572614477019	0.0424534065934	0.345955543467	0.00195248207218	0.791546696536	0.974517580121	0.123546490278
45	11	middle	middle	1	noError	0.0196905609871	0.038594005994	0.18679328704	0.00296084330898	0.00025170546637	0.812703302028	0.00025170546637	0.0722522704014	0.00220022118986	0.611467706381	0.038594005994	0.314505039516	0.00177498370198	0.810496996851	0.975148374514	0.112314991161
46	12	left	left	1	noError	0.0192149595057	0.038594005994	0.157339796648	0.00288932775059	0.000212016649642	0.842236170053	0.000212016649642	0.0722522704014	0.00214707753093	0.611467706381	0.038594005994	0.314505039516	0.00177498370198	0.810496996851	0.975748635213	0.112314991161
47	14	left	left	1	noError	0.0187618355707	0.0350854599946	0.135911473243	0.00282119211079	0.000183141810392	0.863722243137	0.000183141810392	0.0722522704014	0.00209644551064	0.611467706381	0.0350854599946	0.314505039516	0.00177498370198	0.827724542591	0.976320526808	0.102104537419
48	10	left	left	1	noError	0.0183296324927	0.0350854599946	0.119621663443	0.00275620231226	0.000161191159822	0.880055954238	0.000161191159822	0.0722522704014	0.00204815118469	0.611467706381	0.0350854599946	0.314505039516	0.00177498370198	0.827724542591	0.97686601401	0.102104537419
49	10	right	right	1	noError	0.0179169340841	0.0318958727223	0.106819930771	0.00269414540475	0.000143940721417	0.892892187786	0.000143940721417	0.0722522704014	0.00200203630841	0.611467706381	0.0318958727223	0.314505039516	0.00177498370198	0.84338594781	0.977386884203	0.0928223067449
50	6	middle	middle	1	noError	0.0175224491571	0.0318958727223	0.0964942881093	0.00263482723412	0.000130026834345	0.903245658222	0.000130026834345	0.0722522704014	0.00195795660465	0.611467706381	0.0318958727223	0.314505039516	0.00177498370198	0.84338594781	0.977884767004	0.0928223067449
