Trial	nTrans	naoDecision	humanDecision	guessCorr	errpDetector	x01	x12	x32	x00	x33	x30	x31	x21	x02	x20	x13	x23	x22	x10	x03	x11
1	21	left	right	0	ERROR	0.1	0.1	0.3	0.3	0.3	0.1	0.3	0.125	0.3	0.375	0.3	0.375	0.125	0.3	0.3	0.3
2	6	left	left	1	noError	0.0833333333333	0.0909090909091	0.25	0.25	0.25	0.166666666667	0.333333333333	0.113636363636	0.333333333333	0.340909090909	0.272727272727	0.431818181818	0.113636363636	0.363636363636	0.333333333333	0.272727272727
3	19	middle	middle	1	noError	0.114583333333	0.0606060606061	0.192307692308	0.28125	0.192307692308	0.205128205128	0.410256410256	0.142424242424	0.395833333333	0.360606060606	0.381818181818	0.354545454545	0.142424242424	0.309090909091	0.208333333333	0.248484848485
4	15	middle	right	0	ERROR	0.229166666667	0.0865800865801	0.384615384615	0.1625	0.184615384615	0.0102564102564	0.420512820513	0.0530303030303	0.591666666667	0.450757575758	0.25974025974	0.443181818182	0.0530303030303	0.298701298701	0.0166666666667	0.354978354978
5	17	middle	right	0	noError	0.219444444444	0.0577200577201	0.403846153846	0.175	0.153846153846	0.00854700854701	0.433760683761	0.10202020202	0.594444444444	0.500505050505	0.306493506494	0.362121212121	0.0353535353535	0.265800865801	0.0111111111111	0.369985569986
6	15	right	left	0	ERROR	0.199074074074	0.1443001443	0.576923076923	0.125	0.0769230769231	0.01221001221	0.333943833944	0.00252525252525	0.657407407407	0.500631313131	0.266233766234	0.452651515152	0.0441919191919	0.414502164502	0.0185185185185	0.174963924964
7	20	middle	middle	1	noError	0.182085493367	0.12025012025	0.615384615385	0.19786999434	0.0699300699301	0.0111000111	0.303585303585	0.00168432286179	0.608769868741	0.666925154082	0.305194805195	0.301914872975	0.0294756500813	0.428751803752	0.0112746435521	0.145803270803
8	11	left	middle	0	ERROR	0.000122247220788	0.150312650313	0.593406593407	0.241890568854	0.0999000999001	0.0158571587143	0.290836147979	0.00251157426954	0.744204245529	0.696254399558	0.131493506494	0.301084911396	0.00014911477642	0.53593975469	0.0137829383962	0.182254088504
9	18	right	middle	0	ERROR	0.00030561805197	0.150312650313	0.419152276295	0.604726422135	0.142714428429	0.0226530838776	0.415480211399	0.0251157426954	0.360510613823	0.962543995583	0.131493506494	0.0108491139573	0.0014911477642	0.53593975469	0.0344573459906	0.182254088504
10	15	middle	left	0	noError	0.000170244290434	0.150312650313	0.419152276295	0.556993492066	0.142714428429	0.0226530838776	0.415480211399	0.0242113050761	0.423641826729	0.963892815719	0.131493506494	0.0104584288433	0.00143745036212	0.53593975469	0.0191944369143	0.182254088504
11	10	right	right	1	noError	0.000103623845673	0.150312650313	0.419152276295	0.608616494713	0.142714428429	0.0226530838776	0.415480211399	0.0233698235335	0.379596662207	0.965147747207	0.131493506494	0.0100949385313	0.0013874907278	0.53593975469	0.0116832192347	0.182254088504
12	10	middle	middle	1	noError	7.40170326239e-05	0.136647863921	0.471956614814	0.506154639081	0.129740389481	0.020593712616	0.37770928309	0.0225849457881	0.48542618729	0.966318263431	0.210448642267	0.00975589906087	0.00134089171979	0.487217958809	0.00834515659622	0.165685535004
13	8	left	left	1	noError	5.69361789414e-05	0.136647863921	0.519960558922	0.38934972237	0.117945808619	0.0187215569236	0.343372075536	0.0218511463478	0.604173990223	0.967412604754	0.210448642267	0.00943892361456	0.00129732528386	0.487217958809	0.00641935122786	0.165685535004
14	11	left	middle	0	ERROR	0.000113872357883	0.0407198488007	0.577733954357	0.57869944474	0.131050898465	0.0208017299151	0.270413417262	0.0364185772463	0.408347980447	0.94568767459	0.233831824741	0.0157315393576	0.00216220880643	0.541353287565	0.0128387024557	0.184095038893
15	8	right	right	1	noError	7.59149052553e-05	0.0407198488007	0.616121776688	0.652466296493	0.119137180423	0.0189106635592	0.245830379329	0.0345457706844	0.338898653631	0.948480657927	0.233831824741	0.0149225530554	0.00205101833313	0.541353287565	0.00855913497048	0.184095038893
16	5	left	left	1	noError	5.83960809656e-05	0.0407198488007	0.616121776688	0.655743304995	0.119137180423	0.0189106635592	0.245830379329	0.0328563203111	0.337614348947	0.95100019563	0.233831824741	0.014192770152	0.00195071390744	0.541353287565	0.00658394997729	0.184095038893
17	8	left	left	1	noError	3.78174580044e-05	0.0407198488007	0.616121776688	0.64753791065	0.119137180423	0.0189106635592	0.245830379329	0.031324555667	0.348160488301	0.95328457097	0.233831824741	0.0135311019154	0.00185977144749	0.541353287565	0.00426378359048	0.184095038893
18	5	right	left	0	ERROR	3.78174580044e-05	0.0661031182728	0.684579751876	0.64753791065	0.132374644914	0.0210118483991	0.16203375481	0.031324555667	0.348160488301	0.95328457097	0.054921351088	0.0135311019154	0.00185977144749	0.878813194284	0.00426378359048	0.000162336354922
19	9	right	right	1	noError	2.28869073239e-05	0.0661031182728	0.684579751876	0.605133709158	0.132374644914	0.0210118483991	0.16203375481	0.0299293845649	0.392262986714	0.955365239481	0.054921351088	0.0129284372656	0.00177693868818	0.878813194284	0.00258041722087	0.000162336354922
20	11	left	left	1	noError	1.35044622067e-05	0.0600937438843	0.684579751876	0.58999285353	0.132374644914	0.0210118483991	0.16203375481	0.0286533159988	0.408471062031	0.957268286125	0.0499285009891	0.0123772207056	0.0017011771703	0.889830176622	0.00152257997744	0.000147578504475
21	7	right	right	1	noError	9.64604443335e-06	0.0600937438843	0.713254319887	0.635709181093	0.120340586286	0.0191016803628	0.147303413464	0.0274817230451	0.363193615736	0.959015524556	0.0499285009891	0.0118711339209	0.00163161847818	0.889830176622	0.00108755712674	0.000147578504475
22	11	middle	middle	1	noError	6.16679519964e-06	0.0546306762585	0.713254319887	0.639244258382	0.120340586286	0.0191016803628	0.147303413464	0.0264022796895	0.360054290646	0.960625336998	0.0453895463537	0.0114048525086	0.00156753080354	0.899845615111	0.00069528417735	0.000134162276795
23	8	left	left	1	noError	3.95141288061e-06	0.0496642511441	0.713254319887	0.640692225284	0.120340586286	0.0191016803628	0.147303413464	0.0254045255113	0.358858315585	0.962113323452	0.0412632239579	0.0109738579363	0.00150829310031	0.908950559192	0.000445507717563	0.000121965706177
24	6	right	right	1	noError	2.63427525374e-06	0.0496642511441	0.713254319887	0.627128150189	0.120340586286	0.0191016803628	0.147303413464	0.0244795255956	0.37257221039	0.963492808875	0.0412632239579	0.0105742906363	0.00145337489332	0.908950559192	0.000297005145042	0.000121965706177
25	7	middle	middle	1	noError	1.78865127961e-06	0.0496642511441	0.739322108989	0.678923894511	0.109400532987	0.0173651639662	0.133912194058	0.0236196022232	0.320872652781	0.964775243323	0.0412632239579	0.010202834105	0.00140232034838	0.908950559192	0.000201664056167	0.000121965706177
26	8	middle	middle	1	noError	1.19243418641e-06	0.0496642511441	0.739322108989	0.652615929674	0.109400532987	0.0173651639662	0.133912194058	0.0228181212659	0.347248435187	0.96597052051	0.0412632239579	0.00985662263337	0.0013547355904	0.908950559192	0.000134442704112	0.000121965706177
27	6	middle	middle	1	noError	8.51738704578e-07	0.0455238797384	0.739322108989	0.609011378339	0.109400532987	0.0173651639662	0.133912194058	0.0220693207018	0.39089173942	0.967087233545	0.0378232229785	0.00953316723132	0.00131027852216	0.916541099521	9.60305029368e-05	0.00011179776222
28	14	left	left	1	noError	5.35385502782e-07	0.0420210511201	0.672111008171	0.628516658165	0.0994550299883	0.0157865126966	0.212647449144	0.0213681718687	0.371422443642	0.96813288185	0.0349129203275	0.00923029569439	0.00126865058674	0.922962833054	6.03628070685e-05	0.000103195498897
29	5	left	left	1	noError	3.90398137741e-07	0.0420210511201	0.672111008171	0.729117796241	0.0994550299883	0.0157865126966	0.212647449144	0.0213681718687	0.270837797362	0.96813288185	0.0349129203275	0.00923029569439	0.00126865058674	0.922962833054	4.40159984646e-05	0.000103195498897
30	5	middle	middle	1	noError	3.00306259801e-07	0.0390190369594	0.672111008171	0.714705997108	0.0994550299883	0.0157865126966	0.212647449144	0.0207102663894	0.285259844125	0.969114039797	0.0324187161508	0.00894610375928	0.00122959005421	0.928466423752	3.38584603574e-05	9.58231381223e-05
31	7	right	right	1	noError	2.14504471287e-07	0.0390190369594	0.672111008171	0.653361426506	0.0994550299883	0.0157865126966	0.212647449144	0.0200917233926	0.346614174375	0.970036495068	0.0324187161508	0.00867891502667	0.00119286651321	0.928466423752	2.4184614541e-05	9.58231381223e-05
32	5	left	left	1	noError	1.65003439451e-07	0.0390190369594	0.672111008171	0.656431866543	0.0994550299883	0.0157865126966	0.212647449144	0.0195091129032	0.343549364904	0.970905362906	0.0324187161508	0.00842724786838	0.00115827632254	0.928466423752	1.86035496469e-05	9.58231381223e-05
33	6	middle	left	0	ERROR	2.35719199216e-07	0.0390190369594	0.635678897968	0.652045523633	0.110505588876	0.0175405696628	0.236274943493	0.024386391129	0.347927664148	0.963631703632	0.0324187161508	0.0105340598355	0.00144784540317	0.928466423752	2.65764994956e-05	9.58231381223e-05
34	4	right	right	1	noError	1.74884754511e-07	0.0390190369594	0.635678897968	0.741845664745	0.110505588876	0.0175405696628	0.236274943493	0.024386391129	0.258134442738	0.963631703632	0.0324187161508	0.0105340598355	0.00144784540317	0.928466423752	1.97176326982e-05	9.58231381223e-05
35	6	left	left	1	noError	1.39012083668e-07	0.0390190369594	0.668798998153	0.794798739593	0.100459626251	0.0159459724208	0.214795403176	0.0235328931846	0.205185448278	0.964904555611	0.0324187161508	0.0101653788622	0.00139717234258	0.928466423752	1.56731169279e-05	9.58231381223e-05
36	4	middle	left	0	noError	1.15843403056e-07	0.0390190369594	0.698908180139	0.828998949661	0.0913269329553	0.0144963385643	0.195268548341	0.0227371949434	0.170987873565	0.966091208826	0.0324187161508	0.00982166531971	0.00134993091047	0.928466423752	1.30609307733e-05	9.58231381223e-05
37	6	left	left	1	noError	9.11506076932e-08	0.0390190369594	0.726280163763	0.78676463422	0.0830244845048	0.0131784896039	0.177516862129	0.021993617328	0.213224997723	0.967200132691	0.0324187161508	0.00950046604707	0.00130578393412	0.928466423752	1.0276906113e-05	9.58231381223e-05
38	4	left	left	1	ERROR	1.13938259617e-07	0.0390190369594	0.726280163763	0.858455792775	0.0830244845048	0.0131784896039	0.177516862129	0.02749202166	0.141531247154	0.959000165864	0.0324187161508	0.0118755825588	0.00163222991766	0.928466423752	1.28461326413e-05	9.58231381223e-05
39	12	right	right	1	noError	9.17788000085e-08	0.0364175977162	0.726280163763	0.805432893545	0.0830244845048	0.0131784896039	0.177516862129	0.0264117840722	0.194556666944	0.960611162773	0.0302573270704	0.0114089580663	0.00156809508862	0.933235640702	1.03477325574e-05	8.94345111508e-05
40	10	right	right	1	noError	7.09008359894e-08	0.0341415717126	0.726280163763	0.772441412388	0.0830244845048	0.0131784896039	0.177516862129	0.0254133241175	0.227550522895	0.962100201776	0.0283663054893	0.0109776586235	0.00150881548271	0.937408277763	7.9938165333e-06	8.38450355739e-05
41	6	middle	middle	1	noError	5.77623039221e-08	0.0341415717126	0.726280163763	0.814609967368	0.0830244845048	0.0131784896039	0.177516862129	0.0254133241175	0.185383462376	0.962100201776	0.0283663054893	0.0109776586235	0.00150881548271	0.937408277763	6.51249387472e-06	8.38450355739e-05
42	6	middle	middle	1	noError	4.49410657949e-08	0.0321334943115	0.726280163763	0.777956705968	0.0830244845048	0.0131784896039	0.177516862129	0.0244876942172	0.222038182146	0.963480626718	0.0266979072831	0.0105778191924	0.00145385987287	0.941089684816	5.06694497691e-06	7.89135894606e-05
43	7	middle	left	0	noError	3.39962129978e-08	0.0321334943115	0.751163785239	0.756386453575	0.0754768040953	0.0119804450945	0.161378965571	0.0236272061758	0.243609679477	0.964763903277	0.0266979072831	0.010206118744	0.00140277180295	0.941089684816	3.83295183673e-06	7.89135894606e-05
44	6	middle	left	0	ERROR	5.66603549963e-08	0.0321334943115	0.751163785239	0.927310755958	0.0754768040953	0.0119804450945	0.161378965571	0.0295340077198	0.0726827991284	0.955954879096	0.0266979072831	0.0127576484301	0.00175346475369	0.941089684816	6.38825306122e-06	7.89135894606e-05
45	7	middle	middle	1	ERROR	1.88867849988e-07	0.0321334943115	0.751163785239	0.757702519861	0.0754768040953	0.0119804450945	0.161378965571	0.0295340077198	0.242275997095	0.955954879096	0.0266979072831	0.0127576484301	0.00175346475369	0.941089684816	2.12941768707e-05	7.89135894606e-05
46	7	right	right	1	noError	1.40715396045e-07	0.0303486789378	0.751163785239	0.744972341847	0.0754768040953	0.0119804450945	0.161378965571	0.0282907665627	0.255011652279	0.957808969053	0.0252150048977	0.0122206121515	0.00167965223323	0.944361785733	1.5865159327e-05	7.45304313048e-05
47	10	left	left	1	ERROR	4.69051320149e-07	0.0337207543753	0.751163785239	0.816574472822	0.0754768040953	0.0119804450945	0.161378965571	0.0353634582034	0.183372174262	0.947261211316	0.0280166721085	0.0152757651894	0.00209956529153	0.938179761926	5.28838644234e-05	8.28115903386e-05
48	13	right	right	1	noError	3.16216037245e-07	0.0317604894077	0.751163785239	0.674093435109	0.0754768040953	0.0119804450945	0.161378965571	0.117437882129	0.325870596444	0.867487724529	0.0263879985554	0.013252864071	0.00182152927018	0.941773514475	3.56522310541e-05	7.79975622287e-05
49	8	middle	middle	1	noError	2.43243105573e-07	0.0300157777375	0.773785259308	0.595456488545	0.0686152764503	0.0108913137223	0.146708150519	0.176432746133	0.404515843418	0.811335638164	0.0249384160744	0.0107535962882	0.0014780194148	0.944972093297	2.74247931185e-05	7.37128909404e-05
50	4	left	left	1	noError	1.73745075409e-07	0.0300157777375	0.773785259308	0.711040348961	0.0686152764503	0.0108913137223	0.146708150519	0.176432746133	0.288939888156	0.811335638164	0.0249384160744	0.0107535962882	0.0014780194148	0.944972093297	1.95891379418e-05	7.37128909404e-05
