Trial	nTrans	naoDecision	humanDecision	guessCorr	errpDetector	x01	x12	x32	x00	x33	x30	x31	x21	x02	x20	x13	x23	x22	x10	x03	x11
1	14	middle	right	0	ERROR	0.277777777778	0.0833333333333	0.454462824941	0.277777777778	0.0908925649882	0.454462824941	0.000181785129976	0.25	0.277777777778	0.25	0.0833333333333	0.416666666667	0.0833333333333	0.416666666667	0.166666666667	0.416666666667
2	17	right	middle	0	ERROR	0.155555555556	0.000187429713857	0.568078531176	0.355555555556	0.113615706235	0.318078531176	0.00022723141247	0.290266400052	0.155555555556	0.290266400052	0.000187429713857	0.419273688963	0.000193510933368	0.593527427215	0.333333333333	0.406097713357
3	16	left	middle	0	ERROR	0.311111111111	0.000208255237619	0.336157062352	0.311111111111	0.22723141247	0.436157062352	0.000454462824941	0.380532800103	0.111111111111	0.180532800103	0.000208255237619	0.438547377927	0.000387021866735	0.548363808016	0.266666666667	0.451219681508
4	25	left	right	0	ERROR	0.38448229459	0.0010412761881	0.237675909129	0.38448229459	0.00017456010362	0.76135621999	0.000793310778133	0.291385341466	0.000346034065131	0.000161402992309	0.0010412761881	0.707828590668	0.000624664873802	0.741819040082	0.230689376754	0.256098407542
5	31	right	right	1	noError	0.283380507254	0.000592279998382	0.252271098018	0.413965666378	0.000130410455173	0.747005824488	0.000592667038598	0.355804855878	0.000143260548416	0.000146729993008	0.000592279998382	0.643480536971	0.000567877158002	0.568745139045	0.30251056582	0.430070300959
6	22	middle	right	0	noError	0.375553772057	0.000323446154671	0.229337361835	0.47935353663	0.000118554959248	0.770005294989	0.000538788216907	0.323458959889	6.86793184747e-05	0.000133390902735	0.000323446154671	0.675891397246	0.00051625196182	0.546048846725	0.145024011995	0.453304260965
7	12	left	left	1	noError	0.338561042386	0.000231032967622	0.208488510759	0.576090315665	0.00010777723568	0.790913904536	0.000489807469916	0.323458959889	4.03995991028e-05	0.000133390902735	0.000231032967622	0.675891397246	0.00051625196182	0.461463461947	0.0853082423499	0.538074472118
8	12	right	right	1	noError	0.37562414258	0.000177717667401	0.189535009781	0.57417077392	9.79793051639e-05	0.809921731396	0.000445279518105	0.294053599899	2.37644700605e-05	0.000121264457032	0.000177717667401	0.705355815678	0.000469319965291	0.585741124574	0.0501813190293	0.413903440091
9	5	left	left	1	noError	0.268302958986	0.000177717667401	0.172304554346	0.624407695657	8.90720956036e-05	0.827201573996	0.000404799561914	0.294053599899	1.69746214718e-05	0.000121264457032	0.000177717667401	0.705355815678	0.000469319965291	0.585741124574	0.107272370735	0.413903440091
10	5	left	left	1	noError	0.195059585676	0.000177717667401	0.156640503951	0.726939726848	8.09746323669e-05	0.842910521815	0.00036799960174	0.294053599899	1.23407607721e-05	0.000121264457032	0.000177717667401	0.705355815678	0.000469319965291	0.585741124574	0.0779883467153	0.413903440091
11	5	right	right	1	noError	0.153233050387	0.000177717667401	0.142400458137	0.785491912897	7.36133021517e-05	0.857191383468	0.000334545092491	0.294053599899	9.6945372392e-06	0.000121264457032	0.000177717667401	0.705355815678	0.000469319965291	0.585741124574	0.0612653421793	0.413903440091
12	4	right	right	1	noError	0.127694208656	0.000177717667401	0.220364052852	0.737909927414	6.69211837743e-05	0.779264894062	0.000304131902264	0.267321454454	8.07878103267e-06	0.000110240415483	0.000177717667401	0.732141650617	0.000426654513901	0.585741124574	0.134387785149	0.413903440091
13	4	right	left	0	ERROR	0.127694208656	0.000296196112336	0.220364052852	0.737909927414	6.69211837743e-05	0.779264894062	0.000304131902264	0.267321454454	8.07878103267e-06	0.000110240415483	0.000296196112336	0.732141650617	0.000426654513901	0.809568540957	0.134387785149	0.189839066818
14	8	left	left	1	noError	0.155742650326	0.000269269193032	0.18363671071	0.683930772684	5.57676531452e-05	0.816054078385	0.000253443251887	0.267321454454	5.52587954197e-06	0.000110240415483	0.000269269193032	0.732141650617	0.000426654513901	0.826880491779	0.16032105111	0.172580969835
15	14	right	right	1	noError	0.158259604207	0.000229552186596	0.220927376046	0.618761782773	4.34379641718e-05	0.778831776591	0.000197409399072	0.333928594958	3.41954503128e-06	0.00010021855953	0.000229552186596	0.665583318742	0.00038786773991	0.852415490955	0.222975193475	0.147125404672
16	19	right	middle	0	ERROR	0.872731664772	0.000327931695138	0.0298962514946	0.000551455735746	6.20542345311e-05	0.969759680844	0.000282013427246	0.292410743698	1.88572772114e-05	0.000125273199413	0.000327931695138	0.706979148428	0.000484834674887	0.932022129936	0.126698022215	0.0673220066738
17	11	left	right	0	ERROR	0.745463329544	0.000757736530496	0.0298962514946	0.00110291147149	6.20542345311e-05	0.969759680844	0.000282013427246	0.292410743698	3.77145544229e-05	0.000125273199413	0.000757736530496	0.706979148428	0.000484834674887	0.998253461586	0.25339604443	0.000231065353465
18	19	right	middle	0	noError	0.687482666183	0.000756490939104	0.0290215332209	0.000758308349821	6.02386232023e-05	0.970644466007	0.000273762148711	0.292410743698	2.59306954981e-05	0.000125273199413	0.000756490939104	0.706979148428	0.000484834674887	0.998256332601	0.311733094771	0.000230685520894
19	4	left	middle	0	ERROR	0.763869629092	0.000756490939104	0.0362769165262	0.000842564833134	7.52982790028e-05	0.963305582509	0.000342202685888	0.324900826331	2.88118838868e-05	0.000139192443792	0.000756490939104	0.674421276031	0.000538705194319	0.998256332601	0.235258994191	0.000230685520894
20	17	middle	right	0	ERROR	0.819348145462	0.00252163646368	0.0453461456577	0.00421282416567	9.41228487536e-05	0.954131978136	0.00042775335736	0.324900826331	0.000144059419434	0.000139192443792	0.00252163646368	0.674421276031	0.000538705194319	0.994187775336	0.176294970953	0.000768951736312
21	18	right	right	1	noError	0.724275583502	0.00250731412211	0.04336157227	0.00305155083587	9.00035636831e-05	0.956139391428	0.000409032738062	0.324900826331	0.000104349154985	0.000139192443792	0.00250731412211	0.674421276031	0.000538705194319	0.994220787497	0.272568516507	0.000764584259249
22	7	left	left	1	noError	0.726869913043	0.00249315496526	0.0415435990915	0.00221830232095	8.62300827833e-05	0.957978287156	0.000391883670166	0.324900826331	7.58558467947e-05	0.000139192443792	0.00249315496526	0.674421276031	0.000538705194319	0.994253423525	0.270835928789	0.000760266543986
23	14	left	left	1	noError	0.785448836005	0.00247915622007	0.0415435990915	0.00174253722962	8.62300827833e-05	0.957978287156	0.000391883670166	0.324900826331	5.95868452536e-05	0.000139192443792	0.00247915622007	0.674421276031	0.000538705194319	0.994285689815	0.21274903992	0.000755997744905
24	10	middle	right	0	ERROR	0.642414726676	0.00413192703345	0.0461595545461	0.00290422871603	9.58112030926e-05	0.953309207951	0.000435426300184	0.361000918145	9.9311408756e-05	0.00015465827088	0.00413192703345	0.638245862257	0.000598561327021	0.990476149692	0.3545817332	0.00125999624151
25	19	middle	right	0	noError	0.603263278469	0.00409335189791	0.127473162666	0.00175218975563	8.35618110288e-05	0.872063518156	0.000379757366973	0.32818265286	5.99169177273e-05	0.000140598428073	0.00409335189791	0.671132602051	0.000544146660928	0.990565063124	0.394924614858	0.00124823307981
26	19	left	left	1	noError	0.589342425111	0.00405549411633	0.113024507292	0.00103274303414	7.40903600601e-05	0.886564689205	0.000336713143338	0.389256957145	3.53151131099e-05	0.000127816752794	0.00405549411633	0.61012054732	0.000494678782662	0.990652323098	0.409589516741	0.00123668866915
27	27	middle	middle	1	noError	0.499733101305	0.00401833386308	0.175569362728	0.000516147494053	6.10633840464e-05	0.824092063508	0.000277510380142	0.407714130954	1.7649895987e-05	0.000106513960661	0.00401833386308	0.591767122766	0.000412232318885	0.99073797531	0.499733101305	0.00122535696386
28	23	middle	middle	1	noError	0.499866550652	0.00398185203641	0.272980953785	0.000258073747026	4.43836544526e-05	0.726772955351	0.000201707209837	0.423095109128	8.82494799348e-06	8.87616338844e-05	0.00398185203641	0.576472602305	0.000343526932404	0.990822063788	0.499866550652	0.00121423213902
29	18	middle	right	0	ERROR	0.000499417057069	0.00796370407283	0.288301589641	0.00128886431247	7.3972757421e-05	0.711288258919	0.000336178683062	0.470105676809	4.4073295557e-05	9.86240376493e-05	0.00796370407283	0.529414002561	0.00038169659156	0.981644127576	0.998167645335	0.00242846427805
30	16	middle	middle	1	ERROR	0.000832361761782	0.011376720104	0.000163452533231	0.00214810718745	0.000120910345906	0.999166144547	0.000549492573648	0.283509461349	7.34554925949e-05	0.000164373396082	0.011376720104	0.715690004269	0.000636160985934	0.973777325109	0.996946075558	0.00346923468293
31	9	middle	middle	1	noError	0.000829910269553	0.011376720104	0.00016333267066	0.00214178052959	0.000120821680257	0.999166756028	0.000549089621236	0.283509461349	7.32391496806e-05	0.000164373396082	0.011376720104	0.715690004269	0.000636160985934	0.973777325109	0.996955070051	0.00346923468293
32	11	right	right	1	noError	0.000827473418301	0.0110870955125	0.000163212995715	0.00213549165626	0.0001207331534	0.999167366551	0.000548687299581	0.283509461349	7.3024098825e-05	0.000164373396082	0.0110870955125	0.715690004269	0.000636160985934	0.974444892865	0.996964010827	0.00338091611054
33	7	left	left	1	noError	0.000825051077271	0.0110870955125	0.000163093507956	0.00212924022999	0.000120644765009	0.99916797612	0.000548285607205	0.283509461349	7.28103284888e-05	0.000164373396082	0.0110870955125	0.715690004269	0.000636160985934	0.974444892865	0.996972898364	0.00338091611054
34	10	right	right	1	ERROR	0.00165010215454	0.0123189950139	0.00027182251326	0.00425848045999	0.000201074608349	0.998613293533	0.000913809345342	0.283509461349	0.000145620656978	0.000164373396082	0.0123189950139	0.715690004269	0.000636160985934	0.971605436516	0.993945796728	0.00375657345615
35	10	left	left	1	noError	0.00164033526494	0.0123189950139	0.000271473206929	0.00423327468203	0.000200816216824	0.998615075524	0.000912635051919	0.257735873954	0.00014475873405	0.000149430360075	0.0123189950139	0.741536367517	0.000578328169031	0.971605436516	0.993981631319	0.00375657345615
36	6	left	left	1	noError	0.0016306842742	0.0123189950139	0.000271124831996	0.00420836800861	0.00020055851428	0.998616852764	0.000911463889658	0.257735873954	0.000143907039136	0.000149430360075	0.0123189950139	0.741536367517	0.000578328169031	0.971605436516	0.994017040678	0.00375657345615
37	5	left	left	1	noError	0.00162114713157	0.0123189950139	0.000270777384743	0.00418375514726	0.000200301497967	0.998618625271	0.00091029584606	0.257735873954	0.000143065391259	0.000149430360075	0.0123189950139	0.741536367517	0.000578328169031	0.971605436516	0.99405203233	0.00375657345615
38	7	left	left	1	noError	0.00161172183439	0.0123189950139	0.000270430861471	0.00415943092966	0.000200045165148	0.998620393065	0.000909130908688	0.257735873954	0.000142233613685	0.000149430360075	0.0123189950139	0.741536367517	0.000578328169031	0.971605436516	0.994086613622	0.00375657345615
39	9	left	left	1	ERROR	0.00268620305732	0.0123189950139	0.000540861722943	0.00693238488277	0.000400090330295	0.997240786129	0.00181826181738	0.257735873954	0.000237056022808	0.000149430360075	0.0123189950139	0.741536367517	0.000578328169031	0.971605436516	0.990144356037	0.00375657345615
40	4	middle	middle	1	noError	0.00266025059962	0.0123189950139	0.000539427270463	0.00686540840273	0.000399029226242	0.997248104009	0.00181343949392	0.257735873954	0.000234765731913	0.000149430360075	0.0123189950139	0.741536367517	0.000578328169031	0.971605436516	0.990239575266	0.00375657345615
41	5	middle	middle	1	ERROR	0.00332531324953	0.0123189950139	0.000770610386376	0.00858176050341	0.000570041751775	0.996068720013	0.00259062784846	0.257735873954	0.000293457164891	0.000149430360075	0.0123189950139	0.741536367517	0.000578328169031	0.971605436516	0.987799469082	0.00375657345615
42	5	left	left	1	noError	0.00328555627425	0.0123189950139	0.000767669230616	0.0084791581876	0.000567866097759	0.996083724362	0.00258074030976	0.257735873954	0.000289948632499	0.000149430360075	0.0123189950139	0.741536367517	0.000578328169031	0.971605436516	0.987945336906	0.00375657345615
43	11	right	right	1	noError	0.00324674256078	0.011980025424	0.000764750731032	0.0083789901829	0.000565707203142	0.99609861313	0.00257092893629	0.325214430867	0.000286523342471	0.000135845781886	0.011980025424	0.67412397047	0.000525752880937	0.972386741609	0.988087743914	0.0036532075434
44	10	left	left	1	noError	0.00320883893356	0.011980025424	0.000761854626856	0.00828117087187	0.000563564875025	0.996113387647	0.00256119285141	0.325214430867	0.000283178367081	0.000135845781886	0.011980025424	0.67412397047	0.000525752880937	0.972386741609	0.988226811827	0.0036532075434
45	7	middle	middle	1	noError	0.00317181375475	0.011980025424	0.000758980661308	0.00818561860557	0.000561438923462	0.996128049223	0.00255153119188	0.325214430867	0.000279910914307	0.000135845781886	0.011980025424	0.67412397047	0.000525752880937	0.972386741609	0.988362656725	0.0036532075434
46	11	left	left	1	noError	0.00313563683618	0.011980025424	0.000756128581518	0.00809225547628	0.000559329161397	0.996142599149	0.0025419431076	0.295649482606	0.000276718320058	0.000123496165351	0.011980025424	0.703749064064	0.000477957164488	0.972386741609	0.988495389367	0.0036532075434
47	5	middle	middle	1	noError	0.00310027935726	0.011980025424	0.000753298138452	0.00800100710557	0.000557235404614	0.996157038696	0.00253242776138	0.295649482606	0.000273598040931	0.000123496165351	0.011980025424	0.703749064064	0.000477957164488	0.972386741609	0.988625115496	0.0036532075434
48	14	right	right	1	noError	0.00306571378838	0.011980025424	0.00075048908684	0.00791180244677	0.000555157471679	0.996171369113	0.00252298432867	0.295649482606	0.000270547647453	0.000123496165351	0.011980025424	0.703749064064	0.000477957164488	0.972386741609	0.988751936117	0.0036532075434
49	7	right	right	1	noError	0.00303191381943	0.011980025424	0.000747701185107	0.00782457360042	0.000553095183893	0.996185591634	0.00251361199733	0.268772256915	0.000267564817772	0.000112269241228	0.011980025424	0.730680967331	0.000434506513171	0.972386741609	0.988875947762	0.0036532075434
50	7	middle	middle	1	noError	0.00299885429305	0.0116592416946	0.0007449341953	0.00773925564194	0.000551048365235	0.996199707472	0.00250430996744	0.268772256915	0.000264647331762	0.000112269241228	0.0116592416946	0.730680967331	0.000434506513171	0.973126129356	0.988997242733	0.00355538725517
