Trial	nTrans	naoDecision	humanDecision	guessCorr	errpDetector	x01	x12	x32	x00	x33	x30	x31	x21	x02	x20	x13	x23	x22	x10	x03	x11
1	8	right	right	1	noError	0.291666666667	0.192307692308	0.318181818182	0.208333333333	0.227272727273	0.227272727273	0.227272727273	0.291666666667	0.208333333333	0.208333333333	0.192307692308	0.291666666667	0.208333333333	0.346153846154	0.291666666667	0.269230769231
2	12	left	middle	0	noError	0.244791666667	0.24358974359	0.380165289256	0.317708333333	0.206611570248	0.206611570248	0.206611570248	0.378205128205	0.192708333333	0.237179487179	0.160256410256	0.224358974359	0.160256410256	0.371794871795	0.244791666667	0.224358974359
3	9	right	middle	0	noError	0.313446969697	0.286324786325	0.369357914812	0.288825757576	0.31277813096	0.158931977114	0.158931977114	0.290927021696	0.175189393939	0.259368836292	0.133547008547	0.249506903353	0.200197238659	0.309829059829	0.222537878788	0.270299145299
4	12	left	left	1	noError	0.261205808081	0.374095989481	0.361044549856	0.324021464646	0.3175216392	0.122255367011	0.199178443934	0.350662158354	0.229324494949	0.185263454494	0.102728468113	0.321076359538	0.142998027613	0.315253122945	0.185448232323	0.207922419461
5	12	middle	middle	1	noError	0.217671506734	0.311746657901	0.40074610704	0.270017887205	0.226801170857	0.158753833579	0.213698888524	0.321901541682	0.274437079125	0.203759610353	0.168940390094	0.37219739967	0.102141448295	0.262710935788	0.237873526936	0.256602016217
6	10	right	right	1	noError	0.278447671156	0.239805121462	0.364314642763	0.24667859147	0.206182882597	0.14432166689	0.285180807749	0.292637765165	0.249624719416	0.276145100321	0.129954146226	0.338361272427	0.0928558620866	0.432854565991	0.225249017957	0.197386166321
7	9	right	left	0	noError	0.291113593197	0.199837601218	0.38692886897	0.189752762669	0.171819068831	0.120268055742	0.320984006458	0.243864804304	0.268942091859	0.313454250267	0.108295121855	0.365301060356	0.0773798850722	0.527378804992	0.250191552275	0.164488471934
8	12	right	middle	0	noError	0.300856610151	0.199891734146	0.405774057475	0.145963663592	0.143182557359	0.100223379785	0.350820005381	0.203220670254	0.283801609122	0.344545208556	0.0721967479035	0.38775088363	0.0644832375602	0.484919203328	0.269378117135	0.242992314623
9	16	right	right	1	noError	0.286326150108	0.142779810104	0.270516038316	0.104259759708	0.162121704906	0.200148919856	0.367213336921	0.233246669426	0.345572577944	0.265034775812	0.122997677074	0.375192987408	0.126525567354	0.560656573806	0.263841512239	0.173565939016
10	6	left	middle	0	noError	0.260296500098	0.129799827367	0.308763365264	0.094781599735	0.218434754088	0.166790766547	0.306011114101	0.194372224522	0.405065979949	0.220862313177	0.111816070067	0.395994156173	0.188771306128	0.600596885278	0.239855920217	0.157787217288
11	12	middle	right	0	noError	0.200228076999	0.108166522806	0.391356434818	0.0729089228731	0.168026733914	0.205223666575	0.235393164693	0.210265874658	0.388512292269	0.229187366555	0.0931800583894	0.354281540124	0.206265218663	0.667164071065	0.338350707859	0.13148934774
12	13	middle	right	0	noError	0.285877197856	0.0983332025509	0.422397453442	0.0520778020522	0.120019095653	0.289445476125	0.168137974781	0.15018991047	0.348937351621	0.235133833254	0.0847091439903	0.467343957231	0.147332299045	0.697421882786	0.313107648471	0.119535770672
13	9	left	middle	0	noError	0.204197998469	0.0819443354591	0.383997684947	0.108627001466	0.109108268775	0.263132251023	0.243761795255	0.125158258725	0.3920981083	0.279278194378	0.0705909533253	0.389453297693	0.206110249204	0.747851568989	0.295076891765	0.099613142227
14	6	right	middle	0	noError	0.185634544062	0.0819443354591	0.349088804497	0.0987518195144	0.0991893352504	0.330120228202	0.22160163205	0.0893987562323	0.447361916637	0.270912995984	0.0705909533253	0.349609498352	0.290078749432	0.747851568989	0.268251719786	0.099613142227
15	8	right	middle	0	noError	0.219718880048	0.0630341041993	0.317353458634	0.152886015011	0.0901721229549	0.300109298366	0.292365120046	0.172180687484	0.344124551259	0.246284541804	0.13122381025	0.317826816684	0.263707954029	0.72911659153	0.283270553682	0.0766254940208
16	8	middle	right	0	noError	0.183099066707	0.0573037310903	0.321041122026	0.127405012509	0.0693631715038	0.307776383358	0.301819323112	0.143483906237	0.370103792716	0.288570451503	0.119294372955	0.348189013903	0.219756628357	0.662833265027	0.319392128068	0.160568630928
17	12	middle	right	0	noError	0.140845435928	0.0477531092419	0.350867601688	0.0980038557763	0.0578026429198	0.339813652799	0.251516102593	0.162322604158	0.515464455935	0.259046967669	0.182745310796	0.298792675935	0.279837752238	0.635694387523	0.24568625236	0.13380719244
18	12	middle	right	0	noError	0.128041305389	0.0367331609553	0.32204828692	0.0890944143421	0.112716173514	0.242724037713	0.322511501852	0.115944717256	0.559513141759	0.185033548335	0.21749639292	0.356280482811	0.342741251599	0.565918759633	0.223351138509	0.179851686492
19	7	middle	right	0	noError	0.190034421158	0.0262379721109	0.292771169927	0.0742453452851	0.102469248649	0.220658216103	0.38410136532	0.115944717256	0.466260951466	0.185033548335	0.155354566371	0.356280482811	0.342741251599	0.618513399738	0.269459282091	0.19989406178
20	14	left	right	0	noError	0.146180323968	0.0174919814073	0.209122264234	0.0571118040655	0.144620891892	0.229041582931	0.417215260943	0.179953931046	0.512508424205	0.154194623612	0.170236377581	0.296900402342	0.368951042999	0.545675599825	0.284199447762	0.266596041187
21	11	middle	left	0	noError	0.132891203607	0.0159018012794	0.314709434026	0.0519198218777	0.111246839917	0.176185833024	0.397857893033	0.112471206904	0.556825840186	0.158871639758	0.154760343255	0.310562751464	0.418094401874	0.586977818023	0.258363134329	0.242360037443
22	11	left	right	0	noError	0.120810185097	0.0772678675196	0.262257861688	0.0471998380706	0.092705699931	0.14682152752	0.498214910861	0.163439389926	0.597114400169	0.12220895366	0.169840228837	0.238894424203	0.475457232211	0.457985212015	0.234875576663	0.294906691628
23	7	middle	right	0	noError	0.109827440997	0.0772678675196	0.238416237899	0.0429089437006	0.0842779090282	0.224383206836	0.452922646237	0.108959593284	0.63374036379	0.0814726357732	0.169840228837	0.225929616135	0.583638154807	0.457985212015	0.213523251512	0.294906691628
24	13	right	middle	0	noError	0.0998431281794	0.0551913339425	0.183397106076	0.0390081306369	0.141752237714	0.172602466797	0.502248189413	0.072639728856	0.667036694355	0.0543150905155	0.192743020598	0.217286410757	0.655758769872	0.398560865725	0.194112046829	0.353504779735
25	11	right	middle	0	noError	0.0768024062919	0.0501739399478	0.236164255063	0.0300062543361	0.118126864762	0.227168722331	0.418540157844	0.048426485904	0.66695130335	0.10287672701	0.175220927816	0.278190940505	0.570505846581	0.453237150659	0.226240036022	0.321367981577
26	13	middle	right	0	noError	0.0590787740707	0.0501739399478	0.311545896474	0.100004811028	0.0843763319726	0.305120515951	0.298957255603	0.03026655369	0.666885617961	0.0642979543814	0.175220927816	0.423869337815	0.481566154113	0.453237150659	0.17403079694	0.321367981577
27	12	left	right	0	noError	0.0454452108236	0.0501739399478	0.341030597649	0.153849854637	0.122917554648	0.336747010634	0.199304837069	0.0216189669214	0.589912013816	0.0459271102725	0.175220927816	0.445620955582	0.486832967224	0.453237150659	0.210792920723	0.321367981577
28	8	left	middle	0	noError	0.0378710090197	0.0418116166231	0.310027816045	0.128208212197	0.111743231499	0.39704273694	0.181186215517	0.016629974555	0.658260011514	0.0353285463634	0.146017439847	0.419708427371	0.528333051711	0.461030958883	0.175660767269	0.351139984647
29	11	left	left	1	noError	0.0270507207283	0.0418116166231	0.315406012342	0.234434437284	0.085956331922	0.4592636438	0.139374011936	0.0118785532535	0.541614293938	0.0252346759739	0.146017439847	0.442648876694	0.520237894079	0.461030958883	0.19690054805	0.351139984647
30	14	right	right	1	noError	0.0208082467141	0.0418116166231	0.225290008816	0.180334182526	0.132825951373	0.542331174143	0.0995528656687	0.00707198978394	0.570472533799	0.0150236621312	0.146017439847	0.38260604584	0.595298302245	0.461030958883	0.228385036961	0.351139984647
31	10	right	middle	0	noError	0.0189165879219	0.0321627820178	0.250223083704	0.163940165933	0.102173808748	0.494100903187	0.153502204361	0.00543999214149	0.609520485272	0.0115566631778	0.112321107574	0.4481584968	0.534844847881	0.431562276064	0.207622760874	0.423953834344
32	11	left	right	0	noError	0.0126110586146	0.0321627820178	0.20851923642	0.242626777288	0.0851448406236	0.578417419322	0.127918503634	0.00388570867249	0.606346990181	0.00825475941273	0.112321107574	0.462970354857	0.524889177058	0.431562276064	0.138415173916	0.423953834344
33	9	left	middle	0	noError	0.086623891242	0.0214418546785	0.1895629422	0.263559059453	0.0774044005669	0.616743108475	0.116289548758	0.00388570867249	0.543343838601	0.00825475941273	0.074880738383	0.462970354857	0.524889177058	0.354374850709	0.106473210705	0.549302556229
34	8	right	middle	0	noError	0.0787489920382	0.0214418546785	0.222740724769	0.239599144957	0.136464923513	0.551340852673	0.0894534990446	0.00277550619464	0.584858035092	0.00589625672338	0.074880738383	0.402121682041	0.589206555041	0.354374850709	0.0967938279132	0.549302556229
35	5	right	right	1	noError	0.119165994692	0.0214418546785	0.222740724769	0.426399429971	0.136464923513	0.551340852673	0.0894534990446	0.00277550619464	0.389905356728	0.00589625672338	0.074880738383	0.402121682041	0.589206555041	0.354374850709	0.0645292186088	0.549302556229
36	6	right	middle	0	noError	0.119165994692	0.0214418546785	0.268950603975	0.426399429971	0.113720769594	0.542784043894	0.0745445825372	0.00198250442474	0.389905356728	0.00421161194527	0.074880738383	0.358658344315	0.635147539315	0.354374850709	0.0645292186088	0.549302556229
37	14	middle	right	0	noError	0.0916661497632	0.0142945697857	0.20688507998	0.404922638439	0.164400591996	0.494449264534	0.13426506349	0.00152500340365	0.453773351329	0.00323970149636	0.0499204922553	0.352814111011	0.642421184089	0.302916567139	0.0496378604683	0.63286837082
38	5	right	middle	0	noError	0.0916661497632	0.0142945697857	0.20688507998	0.404922638439	0.164400591996	0.494449264534	0.13426506349	0.00112340862028	0.453773351329	0.00238655768207	0.0499204922553	0.259903953473	0.736586080225	0.302916567139	0.0496378604683	0.63286837082
39	12	right	middle	0	noError	0.076388458136	0.0142945697857	0.159142369216	0.337435532033	0.126461993843	0.611114818872	0.103280818069	0.000767715392508	0.544811126108	0.00163092665888	0.0499204922553	0.314289331399	0.68331202655	0.302916567139	0.0413648837236	0.63286837082
40	10	middle	middle	1	noError	0.0636570484466	0.0119121414881	0.144674881105	0.281196276694	0.114965448948	0.646468017157	0.0938916527903	0.000541946851799	0.620675938423	0.00115130630038	0.0416004102128	0.292455773424	0.705850973423	0.335763805949	0.0344707364363	0.61072364235
41	5	left	middle	0	noError	0.0578700440424	0.0108292195346	0.131522619187	0.255632978813	0.104514044498	0.678607288324	0.0853560479912	0.000451622376499	0.655159944021	0.000959421916985	0.0378185547389	0.327046477854	0.671542477853	0.3961489145	0.0313370331239	0.555203311227
42	10	right	middle	0	noError	0.048225036702	0.00773515681044	0.109602182655	0.213027482344	0.0870950370818	0.565506073603	0.237796706659	0.000376351980416	0.712633286684	0.000799518264154	0.0270132533849	0.439205398211	0.559618731544	0.354392081785	0.0261141942699	0.610859508019
43	13	middle	middle	1	noError	0.0324252780421	0.00773515681044	0.0782872733253	0.27770908785	0.133639312201	0.618218624002	0.169854790471	0.000268822843154	0.672307119528	0.000571084474396	0.0270132533849	0.456575284437	0.542584808246	0.354392081785	0.0175585145799	0.610859508019
44	16	left	middle	0	noError	0.0227132528367	0.00773515681044	0.0566608732558	0.264577592825	0.0967222360544	0.723683489819	0.122933400871	0.000158131084209	0.700409769254	0.000335932043762	0.0270132533849	0.503867814375	0.495638122498	0.354392081785	0.0122993850839	0.610859508019
45	13	middle	middle	1	noError	0.017478586833	0.00703196073676	0.0443975397621	0.203601063375	0.0757882657706	0.783487748375	0.0963264460927	9.88319276303e-05	0.769455572918	0.000209957527351	0.0245575030772	0.502417383984	0.497273826561	0.413083710714	0.00946477687393	0.555326825472
46	11	left	right	0	noError	0.0131374046726	0.00703196073676	0.0364987607637	0.228195223487	0.0623047537291	0.822007504992	0.0791889805155	7.05942340217e-05	0.751553375433	0.000149969662394	0.0245575030772	0.573155274274	0.426624161829	0.413083710714	0.00711399640696	0.555326825472
47	14	left	middle	0	noError	0.00907062194214	0.00703196073676	0.0309864957272	0.295644161573	0.0528951105412	0.848889015116	0.0672293786157	5.04244528726e-05	0.690373411337	0.000107121187424	0.0245575030772	0.623682338767	0.376160115592	0.413083710714	0.00491180514823	0.555326825472
48	9	left	middle	0	noError	0.00697740149396	0.00703196073676	0.0269211120781	0.227418585825	0.0459553481556	0.86871455888	0.058408980886	3.87880406712e-05	0.761825701028	8.24009134032e-05	0.0245575030772	0.710524875975	0.289353935071	0.413083710714	0.00377831165248	0.555326825472
49	13	right	right	1	noError	0.00521450976177	0.00639269157887	0.023799026313	0.244693875427	0.0406258306419	0.883939947999	0.0516351950465	3.00828207001e-05	0.747267921347	6.39076339134e-05	0.0223250027974	0.775491927344	0.224414082201	0.466439737013	0.0028236934641	0.504842568611
50	9	middle	middle	1	noError	0.00385508361369	0.00639269157887	0.0213260557762	0.254831953838	0.036404377172	0.895999814874	0.0462697521779	2.45692766749e-05	0.73922540784	5.21947178728e-05	0.0223250027974	0.816639503063	0.183283732942	0.466439737013	0.00208755470808	0.504842568611
