Trial	naoDecision	errpDetector	x01	x12	x32	x00	x33	x30	x31	x21	x02	x20	x13	x23	x22	x10	x03	x11
0	middle	noError	0.269230769231	0.233333333333	0.321428571429	0.192307692308	0.178571428571	0.178571428571	0.321428571429	0.269230769231	0.192307692308	0.346153846154	0.3	0.192307692308	0.192307692308	0.166666666667	0.346153846154	0.3
1	right	noError	0.224358974359	0.208333333333	0.401098901099	0.24358974359	0.137362637363	0.137362637363	0.324175824176	0.335164835165	0.24358974359	0.247252747253	0.3125	0.28021978022	0.137362637363	0.166666666667	0.288461538462	0.3125
2	middle	noError	0.270299145299	0.205555555556	0.334065934066	0.202991452991	0.158241758242	0.0915750915751	0.416117216117	0.257819103973	0.202991452991	0.267117497887	0.341666666667	0.215553677092	0.259509721048	0.177777777778	0.323717948718	0.275
3	right	noError	0.264499389499	0.218253968254	0.333896872358	0.216422466422	0.19864750634	0.0704423781347	0.397013243167	0.255585074266	0.144993894994	0.262226784205	0.244047619048	0.153966912209	0.32822122932	0.269841269841	0.374084249084	0.267857142857
4	middle	noError	0.264499389499	0.212169312169	0.355931248239	0.216422466422	0.19909833756	0.0469615854231	0.398008828778	0.303723382844	0.144993894994	0.174817856137	0.296031746032	0.169311274806	0.352147486213	0.179894179894	0.374084249084	0.311904761905
5	middle	noError	0.331363081363	0.29440665155	0.325665177314	0.196747696748	0.213641669686	0.0335439895879	0.427149163413	0.314827114278	0.131812631813	0.109261160085	0.282879818594	0.168319546754	0.407592178883	0.19992441421	0.340076590077	0.222789115646
6	right	noError	0.359469234469	0.35314760825	0.404357828703	0.24728974729	0.164339745912	0.0258030689138	0.405499356471	0.321766946424	0.109843859844	0.0682882250533	0.344914156139	0.167699716721	0.442245111802	0.142803153007	0.283397158397	0.159135082604
7	middle	noError	0.359469234469	0.533217255156	0.420298190586	0.24728974729	0.13694978826	0.0215025574282	0.421249463726	0.365745262602	0.109843859844	0.040169544149	0.215571347587	0.216293951012	0.377791242237	0.0892519706295	0.283397158397	0.161959426628
8	left	noError	0.359469234469	0.488811503437	0.514498707561	0.24728974729	0.0978212773286	0.0153589695916	0.372321045519	0.416090789126	0.109843859844	0.0251059650931	0.277047565058	0.197683719383	0.361119526398	0.059501313753	0.283397158397	0.174639617752
9	left	noError	0.359469234469	0.452931925721	0.581784791115	0.24728974729	0.069872340949	0.0109706925654	0.337372175371	0.342272660626	0.109843859844	0.0139477583851	0.366959665429	0.220935399657	0.422844181332	0.0457702413485	0.283397158397	0.134338167501
10	right	noError	0.417699304063	0.560548191601	0.484820659263	0.224808861172	0.0582269507908	0.00914224380449	0.447810146142	0.494848440417	0.0998580544035	0.00929850559005	0.333505685547	0.147290266438	0.348562787555	0.0269236713815	0.257633780361	0.0790224514714
11	middle	noError	0.379726640057	0.585037070462	0.52678512251	0.204371691975	0.0447899621468	0.00703249523423	0.421392420109	0.386026911343	0.0907800494577	0.0607213919945	0.333465911959	0.19293903691	0.360312659753	0.0207105164473	0.32512161851	0.0607865011319
12	right	noError	0.399772200048	0.560740764616	0.559065478854	0.253643076646	0.111376893959	0.00540961171864	0.324148015469	0.366266819589	0.0756500412148	0.162950869997	0.381047079971	0.120586898069	0.350195412345	0.0147932260338	0.270934682092	0.0434189293799
13	middle	noError	0.399772200048	0.508262126627	0.542189627753	0.253643076646	0.0795549242565	0.00386400837045	0.37439143962	0.31459267755	0.0756500412148	0.0905282611092	0.446959292285	0.122548276705	0.472330784636	0.0113794046414	0.270934682092	0.0333991764461
14	right	noError	0.399772200048	0.544817020483	0.561459751835	0.253643076646	0.186369949504	0.0025760055803	0.24959429308	0.302701575029	0.0756500412148	0.0532519182995	0.420737917142	0.189734280415	0.454312226257	0.00875338818566	0.270934682092	0.0256916741893
15	left	noError	0.363429272771	0.674869300345	0.508815193719	0.230584615133	0.143361499619	0.00198154275408	0.345841763908	0.295706808841	0.0687727647407	0.090148187235	0.300527083673	0.229255459067	0.384889544857	0.00625242013261	0.337213347356	0.0183511958495
16	right	noError	0.302857727309	0.672976384881	0.605876795813	0.275487179277	0.0955743330791	0.00132102850272	0.297227842605	0.330471205894	0.0573106372839	0.06009879149	0.308097756672	0.352836972712	0.256593029905	0.00480955394817	0.36434445613	0.0141163044996
17	left	noError	0.302857727309	0.75354752045	0.575626282723	0.275487179277	0.0682673807708	0.000943591787657	0.355162744718	0.253218356408	0.0573106372839	0.0941757597	0.232189519548	0.442845278066	0.209760605826	0.0036245899111	0.36434445613	0.0106383700906
18	left	noError	0.275325206644	0.74267327107	0.673558679018	0.250442890252	0.0525133698237	0.000725839836659	0.273202111322	0.384246092005	0.052100579349	0.0553975057059	0.246732950393	0.319320751803	0.241035650486	0.00269215526109	0.422131323755	0.00790162327637
19	right	noError	0.275325206644	0.736722891383	0.748891291552	0.250442890252	0.0403948998644	0.000558338335892	0.210155470247	0.435692273336	0.052100579349	0.0307763920588	0.255471648916	0.28851152878	0.245019805826	0.00198357076508	0.422131323755	0.00582188893568
20	left	noError	0.275325206644	0.624481927589	0.740113660073	0.250442890252	0.0298998071676	0.000413275156852	0.229573257602	0.584807670835	0.052100579349	0.0192352450368	0.370314432611	0.180319705487	0.215637378641	0.00132238051005	0.422131323755	0.00388125929045
21	middle	noError	0.341204733313	0.726978960111	0.763739690976	0.227675354775	0.0271816428797	0.000375704688047	0.208702961457	0.583000683402	0.0473641630446	0.0112152825301	0.269237724906	0.163442924162	0.242341109906	0.000961438951965	0.383755748868	0.0028218760305
22	right	noError	0.341204733313	0.728301170241	0.803116409146	0.227675354775	0.0226513690664	0.000313087240039	0.173919134547	0.65917361097	0.0473641630446	0.00739355763917	0.268943161463	0.173671990804	0.159760840587	0.000700287142546	0.383755748868	0.00205538115341
23	right	noError	0.341204733313	0.729003246653	0.835489396447	0.227675354775	0.0189268713571	0.000261607229938	0.145322124966	0.648979602815	0.0473641630446	0.00479874797486	0.268987661303	0.24252975315	0.103691896059	0.000510562656771	0.383755748868	0.00149852938688
24	left	noError	0.284337277761	0.729376590585	0.790803238434	0.273062795645	0.0940571607221	0.000206900534687	0.114932700309	0.689148765115	0.0394701358705	0.00330738197917	0.269157878157	0.236077564155	0.0714662887506	0.000372429692845	0.403129790723	0.00109310156525
25	left	noError	0.258488434328	0.786998486286	0.762156337257	0.248238905132	0.149274739017	0.000159154257451	0.0884097694686	0.708771309409	0.0358819417004	0.00234441189728	0.211848027484	0.238225957805	0.0506583208885	0.000293130917609	0.457390718839	0.000860355312741
26	middle	noError	0.258488434328	0.761595587754	0.783778488415	0.248238905132	0.135704308197	0.000144685688592	0.0803725176987	0.718768872185	0.0358819417004	0.00168525882123	0.237525834365	0.243130603296	0.0364152656984	0.000223269540439	0.457390718839	0.000655308340918
27	middle	noError	0.258488434328	0.747139433189	0.822204023591	0.248238905132	0.111587786997	0.000118973052622	0.0660892163596	0.632395367095	0.0358819417004	0.00106585645655	0.252204080982	0.280261766719	0.0862770097297	0.000166830160908	0.457390718839	0.000489655667964
28	right	noError	0.258488434328	0.688275840385	0.849030666682	0.248238905132	0.0947509282806	0.000101021872372	0.0561173831647	0.637892851485	0.0358819417004	0.000679970211361	0.311272271091	0.242590521735	0.118836656568	0.000114836652866	0.457390718839	0.000337051871554
29	left	noError	0.234989485753	0.658850560257	0.868821482207	0.225671731938	0.0823298749367	8.77787507645e-05	0.0487608641051	0.734137116013	0.0326199470004	0.000499241294073	0.340848180727	0.178112517251	0.0872511254422	7.65577685772e-05	0.506718835308	0.000224701247703
30	left	noError	0.234989485753	0.648843557003	0.884023508776	0.225671731938	0.072788823801	7.76062398708e-05	0.0431100611833	0.732118299394	0.0326199470004	0.000365540241228	0.350960953477	0.203631626332	0.0638845340324	4.96789827781e-05	0.506718835308	0.000145810537876
31	middle	noError	0.234989485753	0.689084153015	0.896066910508	0.225671731938	0.0652301794809	6.9547338331e-05	0.0386333626726	0.731037708398	0.0326199470004	0.000267250425317	0.310781124782	0.221988367148	0.0467066740285	3.42364234127e-05	0.506718835308	0.000100485779571
32	left	noError	0.234989485753	0.683910886935	0.830596873211	0.225671731938	0.137253395777	5.77715789158e-05	0.0320919594334	0.637340833133	0.0326199470004	0.000170346643391	0.315985480601	0.332717772581	0.029771047643	2.63357103174e-05	0.506718835308	7.72967535162e-05
33	left	noError	0.195824571461	0.679931451488	0.855124712397	0.271393109949	0.11738050864	4.94068454896e-05	0.027445372118	0.639911768592	0.027183289167	0.000109017723619	0.319988831232	0.340926464659	0.0190527490249	2.02582387057e-05	0.505599029424	5.94590411663e-05
34	right	noError	0.195824571461	0.704170526205	0.87344652774	0.271393109949	0.102535851281	4.31585534949e-05	0.0239744624252	0.640966373892	0.027183289167	6.98836833661e-05	0.295773333622	0.34675034963	0.0122133927945	1.42666812775e-05	0.505599029424	4.18734916549e-05
35	middle	noError	0.195824571461	0.71639957368	0.887653173987	0.271393109949	0.0910253763746	3.83136583602e-05	0.02128313598	0.641399982177	0.027183289167	4.48278760531e-05	0.283560203501	0.286574323722	0.071980866225	1.02216665517e-05	0.505599029424	3.00011516853e-05
36	middle	noError	0.195824571461	0.654571124057	0.824832021453	0.271393109949	0.157579605304	3.16054928238e-05	0.01755676775	0.641578433471	0.027183289167	2.87634748415e-05	0.345400145358	0.312206813062	0.0461859899915	7.30119039407e-06	0.505599029424	2.14293940609e-05
37	left	noError	0.195824571461	0.691814864176	0.850929493659	0.271393109949	0.134102544007	2.6896735679e-05	0.0149410655984	0.641651903867	0.027183289167	1.84579841923e-05	0.308165257591	0.32869134591	0.0296382922393	5.05157719852e-06	0.505599029424	1.48266560072e-05
38	left	noError	0.195824571461	0.762934510905	0.870257325564	0.271393109949	0.116715392838	2.34094222006e-05	0.0130038721759	0.523139946593	0.027183289167	1.02544356624e-05	0.237050198147	0.460384081061	0.0164657179107	3.88582861425e-06	0.505599029424	1.14051200056e-05
39	middle	noError	0.195824571461	0.719112092421	0.885147155492	0.271393109949	0.103320630036	2.07228557582e-05	0.0115114916161	0.457299970329	0.027183289167	5.69690870132e-06	0.280875165122	0.477991156145	0.0647031766171	3.23819051187e-06	0.505599029424	9.50426667129e-06
40	left	noError	0.195824571461	0.724151764736	0.760523169185	0.271393109949	0.230705437378	1.57617881146e-05	0.00875563164906	0.473312481456	0.027183289167	3.56056793832e-06	0.275839006868	0.423744472591	0.102939485386	2.34517589131e-06	0.505599029424	6.88321980452e-06
41	middle	noError	0.195824571461	0.710885972874	0.694675625308	0.271393109949	0.299230492083	1.0950425057e-05	0.00608293218399	0.42082030091	0.027183289167	2.22535496145e-06	0.28910692836	0.452340295369	0.126837178366	1.80398145486e-06	0.505599029424	5.29478446502e-06
42	right	noError	0.195824571461	0.719863140669	0.74556302109	0.271393109949	0.249358743403	9.12535421414e-06	0.00506911015333	0.432010684689	0.027183289167	1.1712394534e-06	0.28013174868	0.343336997563	0.224651146508	1.29874963076e-06	0.505599029424	3.81190136429e-06
43	middle	noError	0.268931428601	0.683219283891	0.738294837674	0.246721009044	0.257955552306	6.73787569581e-06	0.00374287214501	0.312947461582	0.0247120810609	6.8896438435e-07	0.316776457233	0.43725705739	0.249794792064	1.08229135897e-06	0.459635481294	3.17658447024e-06
44	left	noError	0.268931428601	0.71201753081	0.792561753755	0.246721009044	0.204466151541	5.34071664972e-06	0.00296675398673	0.229415256434	0.0247120810609	3.82757991306e-07	0.287978597485	0.520698365217	0.249885995591	9.83901235427e-07	0.459635481294	2.88780406385e-06
45	middle	noError	0.268931428601	0.593347942341	0.764836493442	0.246721009044	0.232890112728	4.08518351319e-06	0.00226930864698	0.238564031352	0.0247120810609	2.12643328503e-07	0.406648831237	0.455943536231	0.305492219773	8.19917696189e-07	0.459635481294	2.40650338655e-06
46	middle	noError	0.268931428601	0.687190724878	0.617740352458	0.246721009044	0.380635794806	2.91798822371e-06	0.00162093474784	0.243646684085	0.0247120810609	1.18135182502e-07	0.31280679326	0.364413075684	0.391940122096	6.30705920146e-07	0.459635481294	1.85115645119e-06
47	middle	noError	0.268931428601	0.759377480675	0.705954117276	0.246721009044	0.292796765235	2.24460632593e-06	0.00124687288296	0.338761412676	0.0247120810609	6.2176411843e-08	0.2406206102	0.297059513518	0.364179011629	4.85158400112e-07	0.459635481294	1.42396650091e-06
48	right	noError	0.335392207819	0.745903172521	0.69688778252	0.224291826404	0.302151357873	1.72662025071e-06	0.00095913298689	0.375742007457	0.0224655282372	3.65743599077e-08	0.254095403314	0.233564419716	0.390693536253	3.61917381557e-07	0.41785043754	1.06224735533e-06
49	middle	noError	0.335392207819	0.738480312293	0.766836755784	0.224291826404	0.232424121441	1.32816942363e-06	0.0007377946053	0.486523337476	0.0224655282372	2.03190888376e-08	0.261518635885	0.240869122065	0.27260752014	2.67295590515e-07	0.41785043754	7.84527211418e-07
