Trial	nTrans	naoDecision	humanDecision	guessCorr	errpDetector	x01	x12	x32	x00	x33	x30	x31	x21	x02	x20	x13	x23	x22	x10	x03	x11
1	6	middle	middle	1	noError	0.25	0.318181818182	0.25	0.25	0.392857142857	0.178571428571	0.178571428571	0.227272727273	0.25	0.227272727273	0.227272727273	0.318181818182	0.227272727273	0.227272727273	0.25	0.227272727273
2	9	right	middle	0	noError	0.227272727273	0.318181818182	0.3	0.227272727273	0.461904761905	0.119047619048	0.119047619048	0.174825174825	0.227272727273	0.251748251748	0.227272727273	0.321678321678	0.251748251748	0.227272727273	0.318181818182	0.227272727273
3	5	right	middle	0	noError	0.206611570248	0.380165289256	0.25	0.206611570248	0.468253968254	0.18253968254	0.0992063492063	0.158931977114	0.206611570248	0.228862047044	0.206611570248	0.383343928798	0.228862047044	0.206611570248	0.380165289256	0.206611570248
4	7	right	right	1	noError	0.17217630854	0.48347107438	0.208333333333	0.255509641873	0.390211640212	0.152116402116	0.249338624339	0.144483615558	0.17217630854	0.298965497313	0.17217630854	0.348494480726	0.208056406404	0.17217630854	0.400137741047	0.17217630854
5	9	right	middle	0	noError	0.22681359045	0.486225895317	0.160256410256	0.212924701561	0.454008954009	0.193935693936	0.191798941799	0.120403012965	0.143480257117	0.332471247761	0.143480257117	0.373745400605	0.17338033867	0.143480257117	0.416781450872	0.22681359045
6	7	right	middle	0	noError	0.272344658708	0.488521579431	0.133547008547	0.177437251301	0.461674128341	0.16161307828	0.243165784832	0.109457284514	0.119566880931	0.302246588873	0.119566880931	0.430677636914	0.1576184897	0.202900214264	0.43065120906	0.189011325375
7	12	middle	right	0	noError	0.31028721559	0.563229699593	0.111289173789	0.147864376084	0.384728440284	0.134677565233	0.369304820694	0.149612346081	0.182972400775	0.287318992052	0.0854049149504	0.450484026367	0.1125846355	0.216357295903	0.35887600755	0.135008089554
8	9	right	right	1	noError	0.364490868279	0.552691416328	0.111289173789	0.177045982917	0.384728440284	0.134677565233	0.369304820694	0.115086420062	0.202123143411	0.374860763117	0.0711707624586	0.423449251051	0.086603565769	0.263631079919	0.256340005393	0.112506741295
9	9	right	middle	0	noError	0.422264425708	0.568460944219	0.101171976172	0.160950893561	0.349753127531	0.122434150212	0.426640746085	0.179238683385	0.183748312192	0.312383969264	0.0474471749724	0.43620770921	0.0721696381409	0.242420719946	0.233036368539	0.141671160863
10	6	middle	middle	1	noError	0.351887021423	0.568460944219	0.0778245970554	0.134125744634	0.345963944255	0.248026269394	0.328185189296	0.162944257623	0.153123593493	0.283985426604	0.0474471749724	0.487461553827	0.0656087619462	0.242420719946	0.360863640449	0.141671160863
11	8	left	middle	0	noError	0.293239184519	0.568460944219	0.127017569325	0.111771453862	0.389974245896	0.248590192424	0.234417992355	0.135786881353	0.127602994578	0.319987855503	0.0474471749724	0.406217961522	0.138007301622	0.242420719946	0.467386367041	0.141671160863
12	6	left	middle	0	noError	0.293239184519	0.568460944219	0.174628899481	0.111771453862	0.453826342997	0.191223224942	0.18032153258	0.104451447194	0.127602994578	0.246144504233	0.0474471749724	0.466321508863	0.183082539709	0.242420719946	0.467386367041	0.141671160863
13	9	right	right	1	noError	0.3024916804	0.607691767471	0.134329922678	0.0859780414322	0.349097186921	0.377864019186	0.138708871216	0.0870428726619	0.0981561496751	0.288453753528	0.0431337954295	0.388601257386	0.235902116424	0.220382472678	0.513374128493	0.128791964421
14	5	middle	left	0	noError	0.3024916804	0.607691767471	0.122118111525	0.0859780414322	0.317361079019	0.343512744714	0.217008064742	0.0621734804728	0.0981561496751	0.206038395377	0.0431337954295	0.349000898133	0.382787226017	0.220382472678	0.513374128493	0.128791964421
15	6	left	middle	0	noError	0.418743067	0.589743139559	0.122118111525	0.0716483678602	0.317361079019	0.343512744714	0.217008064742	0.0518112337273	0.0817967913959	0.255031996147	0.0359448295246	0.290834081777	0.402322688348	0.266985393898	0.427811773744	0.107326637017
16	5	right	middle	0	noError	0.418743067	0.627039217781	0.122118111525	0.0716483678602	0.317361079019	0.343512744714	0.217008064742	0.0370080240909	0.0817967913959	0.253594282962	0.0326771177496	0.207738629841	0.501659063106	0.242713994453	0.427811773744	0.0975696700159
17	3	left	middle	0	noError	0.418743067	0.627039217781	0.111016465023	0.0716483678602	0.379419162744	0.312284313377	0.197280058856	0.0308400200758	0.0817967913959	0.211328569135	0.0326771177496	0.256448858201	0.501382552588	0.242713994453	0.427811773744	0.0975696700159
18	10	left	middle	0	noError	0.399033128461	0.689199348151	0.100924059112	0.132037206046	0.344926511586	0.374803921252	0.179345508051	0.0220285857684	0.0629206087661	0.222377549382	0.027230931458	0.183177755858	0.572416108991	0.202261662044	0.406009056726	0.0813080583466
19	3	left	middle	0	noError	0.399033128461	0.689199348151	0.100924059112	0.132037206046	0.344926511586	0.374803921252	0.179345508051	0.0169450659757	0.0629206087661	0.171059653371	0.027230931458	0.140905966044	0.671089314609	0.202261662044	0.406009056726	0.0813080583466
20	7	right	middle	0	noError	0.499194273718	0.657666123459	0.100924059112	0.110031005039	0.344926511586	0.374803921252	0.179345508051	0.0130346661352	0.0524338406384	0.131584348747	0.0226924428817	0.10838920465	0.746991780468	0.25188471837	0.338340880605	0.0677567152888
21	4	middle	left	0	noError	0.499194273718	0.657666123459	0.100924059112	0.110031005039	0.344926511586	0.374803921252	0.179345508051	0.0096345531404	0.0524338406384	0.0972603661116	0.0226924428817	0.15403055554	0.739074525208	0.25188471837	0.338340880605	0.0677567152888
22	8	right	right	1	noError	0.537841749014	0.631388436216	0.0841033825931	0.161562311568	0.370772092988	0.395669934376	0.149454590042	0.00875868467309	0.040333723568	0.0884185146469	0.0189103690681	0.140027777764	0.762795022916	0.293237265309	0.26026221585	0.0564639294073
23	7	left	middle	0	noError	0.579856135467	0.664898578378	0.0700861521609	0.146874828698	0.39231007749	0.413058278647	0.124545491702	0.00707998499346	0.0366670214255	0.0714721194116	0.0171912446073	0.113189891204	0.808258004391	0.266579332099	0.236602014409	0.0513308449158
24	5	right	middle	0	noError	0.579856135467	0.69536234398	0.0700861521609	0.146874828698	0.39231007749	0.413058278647	0.124545491702	0.00594136915244	0.0366670214255	0.0599778454225	0.0156284041885	0.0949864905911	0.839094294834	0.242344847362	0.236602014409	0.0466644044689
25	11	right	middle	0	noError	0.527141941334	0.74613528665	0.0412271483299	0.133522571544	0.466064751465	0.301798987439	0.190909112766	0.00540124468403	0.0333336558413	0.0545253140205	0.0130236701571	0.177260445992	0.762812995304	0.201954039469	0.306001831281	0.0388870037241
26	11	middle	right	0	noError	0.522618284445	0.604382347607	0.0374792257545	0.11126880962	0.423695228604	0.274362715854	0.264462829787	0.00436609928285	0.0277780465344	0.044075569312	0.00930262154076	0.14328858465	0.808269746755	0.287110028192	0.338334859401	0.09920500266
27	6	right	middle	0	noError	0.522618284445	0.604382347607	0.114566021462	0.11126880962	0.436412690504	0.228635596545	0.220385691489	0.0033803011906	0.0277780465344	0.0341239833933	0.00930262154076	0.188357762633	0.774137952783	0.287110028192	0.338334859401	0.09920500266
28	4	right	middle	0	noError	0.522618284445	0.604382347607	0.104150928602	0.11126880962	0.487647900458	0.207850542314	0.200350628627	0.00260023168507	0.0277780465344	0.0262492179948	0.00930262154076	0.221813663564	0.749336886756	0.287110028192	0.338334859401	0.09920500266
29	5	middle	left	0	noError	0.522618284445	0.604382347607	0.157039175848	0.11126880962	0.528959923429	0.159885032549	0.154115868174	0.00216685973756	0.0277780465344	0.021874348329	0.00930262154076	0.26817805297	0.707780738964	0.287110028192	0.338334859401	0.09920500266
30	7	right	left	0	noError	0.602181903704	0.541832575083	0.142762887134	0.0927240080166	0.480872657663	0.14535002959	0.231014425613	0.00196987248869	0.023148372112	0.0198857712082	0.00715586272366	0.334707320882	0.643437035422	0.374700021686	0.281945716167	0.0763115405077
31	13	right	middle	0	noError	0.602181903704	0.618193812569	0.0830486424609	0.0927240080166	0.581666140715	0.0845536461289	0.250731570696	0.00164156040724	0.023148372112	0.0165714760068	0.00596321893639	0.445589434068	0.536197529518	0.312250018072	0.281945716167	0.0635929504231
32	5	right	right	1	noError	0.547438094276	0.652903465972	0.0638835711237	0.0842945527424	0.601281646703	0.065041266253	0.26979351592	0.00164156040724	0.0210439746473	0.0165714760068	0.00542110812399	0.445589434068	0.536197529518	0.283863652792	0.347223378334	0.0578117731119
33	5	right	middle	0	noError	0.547438094276	0.684457696338	0.0638835711237	0.0842945527424	0.601281646703	0.065041266253	0.26979351592	0.00117254314803	0.0210439746473	0.0118367685763	0.00492828011272	0.318278167191	0.668712521084	0.258057866175	0.347223378334	0.0525561573745
34	4	right	middle	0	noError	0.547438094276	0.684457696338	0.0638835711237	0.0842945527424	0.601281646703	0.065041266253	0.26979351592	0.00088082495261	0.0210439746473	0.00889188695341	0.00492828011272	0.239093420147	0.751133867947	0.258057866175	0.347223378334	0.0525561573745
35	8	middle	right	0	noError	0.651875457136	0.603428997183	0.0638835711237	0.064841963648	0.601281646703	0.065041266253	0.26979351592	0.000734020793842	0.0161876728056	0.00740990579451	0.00379098470209	0.282577850123	0.709278223289	0.35235220475	0.267094906411	0.040427813365
36	8	middle	right	0	noError	0.655288813181	0.541099228602	0.0580759737488	0.126801510498	0.546619678821	0.0591284238664	0.336175923563	0.000667291630765	0.0124520560043	0.00673627799501	0.00291614207853	0.347798045566	0.644798384808	0.424886311346	0.205457620316	0.0310983179731
37	4	middle	middle	1	noError	0.504068317832	0.491908389638	0.0580759737488	0.251385777306	0.546619678821	0.0591284238664	0.336175923563	0.000667291630765	0.00957850461871	0.00673627799501	0.00265103825321	0.347798045566	0.644798384808	0.477169373951	0.234967400243	0.0282711981573
38	8	middle	left	0	noError	0.458243925302	0.493256991365	0.0483966447907	0.319441615733	0.538849732351	0.0492736865553	0.363479936303	0.000513301254435	0.00870773147156	0.00518175230385	0.00220919854434	0.344460035051	0.649844911391	0.480974478293	0.213606727494	0.0235593317978
39	4	right	middle	0	noError	0.458243925302	0.493256991365	0.0483966447907	0.319441615733	0.538849732351	0.0492736865553	0.363479936303	0.000366643753168	0.00870773147156	0.00370125164561	0.00220919854434	0.317471453608	0.678460650993	0.480974478293	0.213606727494	0.0235593317978
40	5	right	middle	0	noError	0.458243925302	0.539324537605	0.0483966447907	0.319441615733	0.538849732351	0.0492736865553	0.363479936303	0.00026188839512	0.00870773147156	0.00264375117544	0.00200836231304	0.298193895434	0.698900464995	0.43724952572	0.213606727494	0.0214175743616
41	8	middle	middle	1	noError	0.548536604418	0.568711182773	0.0439969498097	0.266201346444	0.489863393046	0.135703351414	0.33043630573	0.000218240329267	0.00725644289296	0.00220312597953	0.00154489408695	0.331828246195	0.665750387496	0.413268865939	0.178005606245	0.0164750572012
42	7	left	middle	0	noError	0.589578731289	0.607919257066	0.110766884469	0.24200122404	0.453741071574	0.181310270318	0.254181773638	0.000181866941055	0.00659676626633	0.00183593831627	0.00140444916996	0.443190205163	0.55479198958	0.375698969035	0.161823278404	0.0149773247284
43	12	middle	middle	1	noError	0.530445177915	0.643562960969	0.0791192031922	0.263077864646	0.466957908267	0.20093590737	0.25298698117	0.000129904957897	0.00507443558948	0.00131138451162	0.00127677197269	0.387993003688	0.610565706843	0.341544517305	0.201402521849	0.0136157497531
44	9	left	middle	0	noError	0.530445177915	0.619635800808	0.0608609255324	0.263077864646	0.436121467898	0.154566082593	0.348451523977	9.27892556405e-05	0.00507443558948	0.000936703222589	0.00106397664391	0.348566431205	0.650404076316	0.367953764421	0.201402521849	0.0113464581276
45	8	middle	left	0	noError	0.530445177915	0.619635800808	0.107240617022	0.263077864646	0.490747645265	0.169710721728	0.232301015985	7.13763504927e-05	0.00507443558948	0.000720540940453	0.00106397664391	0.42197417785	0.577233904859	0.367953764421	0.201402521849	0.0113464581276
46	11	middle	middle	1	noError	0.573131979922	0.683029834007	0.138160411348	0.239161695133	0.527165096844	0.113140481152	0.221534010656	5.49048849944e-05	0.00461312326317	0.000554262261887	0.000886647203255	0.555364752193	0.444026080661	0.306628137017	0.183093201681	0.00945538177298
47	8	middle	middle	1	noError	0.611938163566	0.711845303642	0.260123393344	0.217419722848	0.48243468988	0.0870311393479	0.170410777428	4.22345269188e-05	0.00419374842106	0.000426355586067	0.00080604291205	0.657972886302	0.341558523585	0.278752851834	0.166448365165	0.0085958016118
48	5	right	right	1	noError	0.470721664281	0.738041185129	0.236475812131	0.321092094499	0.4385769908	0.079119217589	0.24582797948	4.22345269188e-05	0.00322596032389	0.000426355586067	0.000732766283682	0.657972886302	0.341558523585	0.253411683485	0.204960280896	0.00781436510164
49	10	right	middle	0	noError	0.470721664281	0.781700987608	0.311768437237	0.321092094499	0.384697850571	0.0565137268493	0.247019985343	3.01675192277e-05	0.00322596032389	0.000304539704334	0.000610638569735	0.684266347359	0.315398945418	0.211176402904	0.204960280896	0.00651197091803
50	8	middle	middle	1	noError	0.470721664281	0.734750823007	0.222691740883	0.321092094499	0.417641321837	0.0403669477495	0.319299989531	2.51395993564e-05	0.00322596032389	0.000253783086945	0.000508865474779	0.736888622799	0.262832454515	0.259313669087	0.204960280896	0.00542664243169
