Trial	nTrans	naoDecision	humanDecision	guessCorr	errpDetector	x01	x12	x32	x00	x33	x30	x31	x21	x02	x20	x13	x23	x22	x10	x03	x11
1	13	middle	left	0	noError	0.25	0.366666666667	0.375	0.25	0.208333333333	0.208333333333	0.208333333333	0.34375	0.25	0.15625	0.233333333333	0.21875	0.28125	0.166666666667	0.25	0.233333333333
2	5	middle	left	0	noError	0.227272727273	0.424242424242	0.431818181818	0.227272727273	0.189393939394	0.189393939394	0.189393939394	0.369791666667	0.227272727273	0.213541666667	0.212121212121	0.182291666667	0.234375	0.151515151515	0.318181818182	0.212121212121
3	8	middle	middle	1	noError	0.272727272727	0.436868686869	0.526515151515	0.272727272727	0.157828282828	0.157828282828	0.157828282828	0.391493055556	0.189393939394	0.261284722222	0.260101010101	0.151909722222	0.1953125	0.126262626263	0.265151515152	0.176767676768
4	9	left	middle	0	noError	0.310606060606	0.526334776335	0.526515151515	0.310606060606	0.157828282828	0.157828282828	0.157828282828	0.45499465812	0.157828282828	0.277911324786	0.185786435786	0.116853632479	0.150240384615	0.0901875901876	0.22095959596	0.197691197691
5	4	left	right	0	noError	0.310606060606	0.375953411668	0.526515151515	0.310606060606	0.157828282828	0.157828282828	0.157828282828	0.45499465812	0.157828282828	0.277911324786	0.204133168419	0.116853632479	0.150240384615	0.0644197072769	0.22095959596	0.355493712637
6	16	middle	right	0	noError	0.342171717172	0.33879612451	0.56955922865	0.258838383838	0.143480257117	0.143480257117	0.143480257117	0.471871661325	0.214856902357	0.298694577991	0.178901863776	0.0730335202991	0.156400240385	0.0967174748687	0.184132996633	0.385584536845
7	8	middle	right	0	noError	0.342171717172	0.292530749674	0.608690207864	0.258838383838	0.130436597379	0.130436597379	0.130436597379	0.559893051104	0.214856902357	0.248912148326	0.185934575851	0.060861266916	0.130333533654	0.0644783165792	0.184132996633	0.457056357897
8	4	left	right	0	noError	0.342171717172	0.208950535481	0.608690207864	0.258838383838	0.130436597379	0.130436597379	0.130436597379	0.559893051104	0.214856902357	0.248912148326	0.132810411322	0.060861266916	0.130333533654	0.0460559404137	0.184132996633	0.612183112783
9	5	left	right	0	noError	0.342171717172	0.160731181139	0.644263825331	0.258838383838	0.11857872489	0.11857872489	0.11857872489	0.599902773731	0.214856902357	0.226283771206	0.102161854863	0.055328424469	0.118485030594	0.0354276464721	0.184132996633	0.701679317526
10	4	right	left	0	noError	0.342171717172	0.20056244703	0.644263825331	0.258838383838	0.11857872489	0.11857872489	0.11857872489	0.545366157937	0.214856902357	0.205712519278	0.0785860422023	0.141207658608	0.107713664177	0.0272520357477	0.184132996633	0.69359947502
11	7	right	left	0	noError	0.342171717172	0.153534690674	0.585694386664	0.258838383838	0.107798840809	0.107798840809	0.198707931718	0.495787416307	0.214856902357	0.187011381162	0.0601592364846	0.219279689644	0.0979215128879	0.0208619955566	0.184132996633	0.765444077285
12	6	left	right	0	noError	0.342171717172	0.189991056549	0.623358533331	0.258838383838	0.0979989461899	0.0979989461899	0.180643574289	0.541624923915	0.214856902357	0.170010346511	0.0450814713776	0.199345172403	0.0890195571709	0.0156333343061	0.184132996633	0.749294137768
13	5	right	middle	0	noError	0.285143097643	0.189991056549	0.566689575756	0.299031986532	0.0890899510817	0.179999041991	0.164221431172	0.451354103263	0.262380751964	0.141675288759	0.0450814713776	0.249454310336	0.157516297642	0.0156333343061	0.153444163861	0.749294137768
14	7	middle	middle	1	noError	0.259220997857	0.223070043499	0.606081432505	0.271847260484	0.0809908646197	0.163635492719	0.149292210156	0.459461752719	0.238527956331	0.201396073966	0.0346780549059	0.207878591947	0.131263581369	0.012025641774	0.230403785328	0.730226259821
15	6	right	middle	0	noError	0.259220997857	0.269225036249	0.550983120459	0.271847260484	0.164537149654	0.148759538835	0.135720191051	0.430355194399	0.238527956331	0.154920056897	0.0288983790882	0.236829686113	0.177895062591	0.010021368145	0.230403785328	0.691855216518
16	5	left	left	1	noError	0.276323844506	0.224354196874	0.550983120459	0.362959431141	0.164537149654	0.148759538835	0.135720191051	0.430355194399	0.183483043332	0.154920056897	0.0240819825735	0.236829686113	0.177895062591	0.0083511401208	0.177233681022	0.743212680431
17	7	left	middle	0	ERROR	0.345404805632	0.13817132986	0.550983120459	0.328699288927	0.164537149654	0.148759538835	0.135720191051	0.530942740144	0.104353804164	0.248985579481	0.026757758415	0.219910961624	0.000160718750347	0.00927904457867	0.221542101277	0.825791867146
18	4	middle	middle	1	noError	0.342619081255	0.125610299873	0.550983120459	0.406691760713	0.164537149654	0.148759538835	0.135720191051	0.530942740144	0.0802721570495	0.248985579481	0.0243252349228	0.219910961624	0.000160718750347	0.00843549507152	0.170417000982	0.841628970133
19	6	right	middle	0	noError	0.342619081255	0.108446379676	0.625819267049	0.406691760713	0.137114291379	0.123966282363	0.113100159209	0.525785616787	0.0802721570495	0.207487982901	0.0210013324131	0.26659246802	0.000133932291956	0.00728283351133	0.170417000982	0.863269454399
20	7	middle	right	0	noError	0.36884923438	0.0876950517372	0.568926606408	0.338909800594	0.124649355799	0.203605711239	0.102818326554	0.525785616787	0.066893464208	0.207487982901	0.097847601164	0.26659246802	0.000133932291956	0.00588925571767	0.225347500819	0.808568091381
21	11	left	middle	0	noError	0.426226576709	0.192911484073	0.47410550534	0.308099818722	0.103874463166	0.253004759366	0.169015272128	0.481373551374	0.0608122401891	0.159606140693	0.132665035879	0.358917283093	0.000103024839966	0.00394899061948	0.204861364381	0.670474489429
22	6	left	right	0	noError	0.426226576709	0.244092903394	0.395087921117	0.308099818722	0.086562052638	0.294170632805	0.22417939344	0.401144626145	0.0608122401891	0.133005117244	0.110554196566	0.465764402577	8.5854033305e-05	0.00329082551624	0.204861364381	0.642062074524
23	5	left	right	0	noError	0.426226576709	0.187763771842	0.412573267597	0.308099818722	0.072135043865	0.245142194004	0.270149494534	0.401144626145	0.0608122401891	0.133005117244	0.161964766589	0.465764402577	8.5854033305e-05	0.00253140424326	0.204861364381	0.647740057326
24	4	left	right	0	noError	0.426226576709	0.134116979887	0.412573267597	0.308099818722	0.072135043865	0.245142194004	0.270149494534	0.401144626145	0.0608122401891	0.133005117244	0.187117690421	0.465764402577	8.5854033305e-05	0.00180814588804	0.204861364381	0.676957183804
25	6	middle	middle	1	noError	0.426226576709	0.195097483239	0.427144389665	0.308099818722	0.0601125365542	0.20428516167	0.308457912111	0.417620521788	0.0608122401891	0.110837597703	0.155931408684	0.471470335481	7.15450277541e-05	0.00150678824003	0.204861364381	0.647464319837
26	5	left	middle	0	noError	0.426226576709	0.268270439308	0.52262032472	0.308099818722	0.0500937804618	0.170237634725	0.257048260093	0.34801710149	0.0608122401891	0.0923646647529	0.141755826076	0.559558612901	5.96208564618e-05	0.00136980749094	0.204861364381	0.588603927125
27	11	left	right	0	noError	0.387478706099	0.312180292872	0.478938711323	0.280090744293	0.0385336772783	0.130952026712	0.351575584687	0.290014251242	0.0552838547173	0.0769705539607	0.0945038840508	0.632965510751	4.96840470515e-05	0.00091320499396	0.277146694891	0.592402618083
28	6	right	right	1	noError	0.374983620076	0.26015024406	0.478938711323	0.369300572533	0.0385336772783	0.130952026712	0.351575584687	0.263649319311	0.0425260420902	0.160882321782	0.162086570042	0.575423191591	4.51673155013e-05	0.000761004161634	0.213189765301	0.577002181736
29	6	right	middle	0	noError	0.374983620076	0.1858216029	0.39911559277	0.369300572533	0.0321113977319	0.109126688926	0.459646320572	0.263649319311	0.0425260420902	0.160882321782	0.258633264316	0.575423191591	4.51673155013e-05	0.000543574401167	0.213189765301	0.555001558383
30	4	right	left	0	noError	0.374983620076	0.142939694539	0.453741447972	0.369300572533	0.0291921797563	0.0992060808421	0.417860291429	0.263649319311	0.0425260420902	0.160882321782	0.275871741782	0.575423191591	4.51673155013e-05	0.000418134154744	0.213189765301	0.580770429525
31	9	left	middle	0	noError	0.374983620076	0.202449745449	0.466958177123	0.369300572533	0.0208515569688	0.0708614863158	0.441328779592	0.279730245623	0.0425260420902	0.12375563214	0.313226451485	0.596479378147	3.47440888472e-05	0.000348445128953	0.213189765301	0.483975357938
32	7	right	middle	0	noError	0.395819683397	0.252041454541	0.515416524657	0.391083810444	0.0189559608807	0.0644195330143	0.401207981448	0.23310853802	0.0354383684085	0.186463026784	0.261022042904	0.580399481789	2.89534073727e-05	0.000290370940794	0.177658137751	0.486646131615
33	5	middle	right	0	noError	0.395819683397	0.251458181815	0.468560476961	0.391083810444	0.0172326917097	0.0585632118312	0.455643619498	0.23310853802	0.0354383684085	0.186463026784	0.18644431636	0.580399481789	2.89534073727e-05	0.000207407814853	0.177658137751	0.561890094011
34	5	right	right	1	noError	0.413183069497	0.209548484846	0.468560476961	0.409236508703	0.0172326917097	0.0585632118312	0.455643619498	0.211916852745	0.0295319736738	0.26042093344	0.155370263633	0.527635892536	2.63212794297e-05	0.000172839845711	0.148048448126	0.634908411675
35	5	right	middle	0	noError	0.413183069497	0.281407713496	0.516873160874	0.409236508703	0.0156660833725	0.0532392834829	0.414221472271	0.239936040573	0.0295319736738	0.200323794954	0.141245694212	0.559719917335	2.02471380228e-05	0.000157127132464	0.148048448126	0.577189465159
36	8	left	right	0	noError	0.413183069497	0.234506427913	0.55144089298	0.409236508703	0.0120508333635	0.0409532949869	0.39555497867	0.261489261979	0.0295319736738	0.154095226887	0.20103807851	0.584399936412	1.5574721556e-05	0.000130939277054	0.148048448126	0.5643245543
37	14	middle	middle	1	noError	0.471679284229	0.257312636856	0.654954533061	0.39172039131	0.00926987181804	0.0315025346053	0.304273060515	0.174326174653	0.022716902826	0.236063484592	0.2315677527	0.589599957608	1.0383147704e-05	0.000100722520811	0.113883421635	0.511018887923
38	6	left	left	1	noError	0.43975329556	0.297760530714	0.654954533061	0.455169531777	0.00926987181804	0.0315025346053	0.304273060515	0.158478340594	0.0174745406354	0.30551225872	0.276306460583	0.535999961462	9.43922518547e-06	8.39354340088e-05	0.0876026320271	0.425849073269
39	5	right	right	1	noError	0.415194842739	0.270691391558	0.654954533061	0.503976562905	0.00926987181804	0.0315025346053	0.304273060515	0.144071218721	0.0134419543349	0.368647507927	0.342096782348	0.487272692238	8.58111380498e-06	7.6304940008e-05	0.0673866400208	0.387135521154
40	6	left	left	1	noError	0.296567744813	0.270691391558	0.686322302783	0.574268973504	0.00842715619822	0.028638667823	0.276611873196	0.130973835201	0.0096013959535	0.426043189024	0.342096782348	0.442975174762	7.80101254998e-06	7.6304940008e-05	0.119561885729	0.387135521154
41	5	right	left	0	noError	0.296567744813	0.19335099397	0.623929366166	0.574268973504	0.00766105108929	0.0260351525663	0.342374430178	0.130973835201	0.0096013959535	0.426043189024	0.315783415963	0.442975174762	7.80101254998e-06	5.45035285771e-05	0.119561885729	0.490811086538
42	7	middle	right	0	noError	0.296567744813	0.148731533823	0.633791820128	0.574268973504	0.00589311622253	0.0200270404357	0.340288023214	0.11906712291	0.0096013959535	0.387311990022	0.319833396895	0.493613795238	7.09182959089e-06	4.19257912132e-05	0.119561885729	0.531393143491
43	8	middle	middle	1	noError	0.360516131649	0.106236809874	0.61149318344	0.522062703185	0.00491093018544	0.016689200363	0.366906686011	0.199151929918	0.00872854177591	0.352101809111	0.442738140639	0.448739813853	6.4471178099e-06	2.99469937237e-05	0.10869262339	0.450995102494
44	4	middle	middle	1	noError	0.354243178191	0.187488008976	0.61149318344	0.555432848604	0.00491093018544	0.016689200363	0.366906686011	0.199151929918	0.00671426290455	0.352101809111	0.402489218763	0.448739813853	6.4471178099e-06	2.72245397488e-05	0.0836097103001	0.409995547721
45	4	middle	right	0	noError	0.354243178191	0.144221545366	0.555902894036	0.555432848604	0.00446448198677	0.01517200033	0.424460623647	0.199151929918	0.00671426290455	0.352101809111	0.386530168279	0.448739813853	6.4471178099e-06	2.09419536529e-05	0.0836097103001	0.469227344401
46	4	left	left	1	noError	0.253030841565	0.144221545366	0.555902894036	0.682452034717	0.00446448198677	0.01517200033	0.424460623647	0.199151929918	0.00479590207468	0.352101809111	0.386530168279	0.448739813853	6.4471178099e-06	2.09419536529e-05	0.0597212216429	0.469227344401
47	6	right	middle	0	noError	0.253030841565	0.203517954472	0.54658574503	0.682452034717	0.00372040165564	0.0126433336084	0.437050519706	0.249293274932	0.00479590207468	0.293418174259	0.405441806899	0.457283178211	5.37259817492e-06	1.74516280441e-05	0.0597212216429	0.391022787001
48	8	left	right	0	noError	0.323593458261	0.169598295393	0.587805222755	0.630322881941	0.00338218332331	0.011493939644	0.397318654278	0.226630249938	0.00342564433905	0.35765288569	0.504534839083	0.415711980191	4.88418015901e-06	1.45430233701e-05	0.0426580154592	0.325852322501
49	8	right	middle	0	noError	0.323593458261	0.130460227226	0.491289444825	0.630322881941	0.00241584523093	0.00820995688855	0.498084753056	0.206027499944	0.00342564433905	0.325138986991	0.541949876217	0.468829072901	4.44016378092e-06	1.11869410539e-05	0.0426580154592	0.327578709616
50	4	middle	middle	1	noError	0.302566755901	0.130460227226	0.491289444825	0.664516344243	0.00241584523093	0.00820995688855	0.498084753056	0.206027499944	0.00244688881361	0.325138986991	0.541949876217	0.468829072901	4.44016378092e-06	1.11869410539e-05	0.0304700110423	0.327578709616
