Trial	nTrans	naoDecision	humanDecision	guessCorr	errpDetector	x01	x12	x32	x00	x33	x30	x31	x21	x02	x20	x13	x23	x22	x10	x03	x11
1	17	right	middle	0	noError	0.269230769231	0.3	0.233333333333	0.269230769231	0.166666666667	0.233333333333	0.366666666667	0.25	0.192307692308	0.25	0.366666666667	0.25	0.25	0.166666666667	0.269230769231	0.166666666667
2	9	left	middle	0	noError	0.244755244755	0.272727272727	0.25641025641	0.244755244755	0.128205128205	0.333333333333	0.282051282051	0.178571428571	0.265734265734	0.178571428571	0.424242424242	0.321428571429	0.321428571429	0.151515151515	0.244755244755	0.151515151515
3	10	right	right	1	noError	0.342119419042	0.440559440559	0.25641025641	0.265196342119	0.128205128205	0.333333333333	0.282051282051	0.127551020408	0.204410973642	0.270408163265	0.32634032634	0.301020408163	0.301020408163	0.11655011655	0.188273265196	0.11655011655
4	7	right	right	1	ERROR	0.26569161932	0.48951048951	0.2849002849	0.000186949553488	0.14245014245	0.259259259259	0.31339031339	0.127551020408	0.382145402504	0.270408163265	0.251489251489	0.301020408163	0.301020408163	0.1295001295	0.351976028622	0.1295001295
5	16	left	middle	0	ERROR	0.20711452415	0.556443556444	0.283000949668	0.00023368694186	0.141500474834	0.197530864198	0.377967711301	0.212585034014	0.35268175313	0.284013605442	0.0735560735561	0.00170068027211	0.501700680272	0.185000185	0.439970035778	0.185000185
6	17	left	left	1	ERROR	0.00020284573258	0.867215746843	0.137745106306	0.00047402398916	0.234828613725	0.000165956060572	0.627260323909	0.140731292517	0.715399885812	0.230017006803	0.000155849723984	0.00212585034014	0.62712585034	0.000155849723984	0.283923244466	0.132472553709
7	6	left	right	0	ERROR	0.00020284573258	0.99946367284	0.137745106306	0.00047402398916	0.234828613725	0.000165956060572	0.627260323909	0.175914115646	0.715399885812	0.162521258503	0.00020302781608	0.00265731292517	0.658907312925	0.00020302781608	0.283923244466	0.000130271527527
8	7	right	left	0	ERROR	0.00020284573258	0.999233818343	0.137745106306	0.00047402398916	0.234828613725	0.000165956060572	0.627260323909	0.000160208685436	0.715399885812	0.260373171802	0.000290039737258	0.00425724610533	0.735209373407	0.000290039737258	0.283923244466	0.000186102182181
9	6	left	middle	0	noError	0.00020284573258	0.999233818343	0.198120921921	0.00047402398916	0.279023844771	0.000138296717143	0.522716936591	0.000126678163076	0.715399885812	0.20587894488	0.000290039737258	0.00336623520078	0.790628141756	0.000290039737258	0.283923244466	0.000186102182181
10	9	right	right	1	noError	0.000169038110483	0.99923432842	0.180109929019	0.000395019990967	0.253658040701	0.000125724288312	0.566106305992	9.0484402197e-05	0.679499904844	0.289913532057	0.000289846646738	0.00240445371484	0.707591529826	0.000289846646738	0.319936037055	0.000185978286858
11	7	right	middle	0	ERROR	0.000169038110483	0.9991492538	0.180109929019	0.000395019990967	0.253658040701	0.000125724288312	0.566106305992	0.000226211005492	0.679499904844	0.724783830142	0.000322051829709	0.00601113428711	0.268978824565	0.000322051829709	0.319936037055	0.000206642540953
12	12	middle	left	0	ERROR	0.000281730184139	0.999054726444	0.225137411274	0.000658366651611	0.317072550876	0.00015715536039	0.45763288249	0.000452422010985	0.799166508073	0.649567660285	0.000357835366344	0.0120222685742	0.33795764913	0.000357835366344	0.199893395091	0.000229602823282
13	9	right	right	1	ERROR	0.000402471691627	0.998949696049	0.225137411274	0.000940523788016	0.317072550876	0.00015715536039	0.45763288249	0.00090484402197	0.713095011533	0.69913532057	0.000397594851493	0.0240445371484	0.27591529826	0.000397594851493	0.285561992988	0.000255114248091
14	11	middle	left	0	ERROR	0.000574959559467	0.998949696049	0.139041568083	0.00134360541145	0.352302834306	0.0001746170671	0.508480980544	0.00240614513378	0.590135730761	0.795455325396	0.000397594851493	0.000265918221854	0.201872611248	0.000397594851493	0.407945704268	0.000255114248091
15	5	right	right	1	noError	0.000479132966222	0.998950693209	0.12640142553	0.00111967117621	0.320275303915	0.000158742788273	0.553164527767	0.00218740466707	0.575113108967	0.814050295815	0.000397217374253	0.000241743838049	0.18352055568	0.000397217374253	0.42328808689	0.000254872042182
16	13	right	right	1	noError	0.000319421977481	0.908216203809	0.105334521275	0.000746447450806	0.266896086596	0.000132285656894	0.627637106473	0.0018445884494	0.650075405978	0.843192856962	0.0911914987865	0.000203857063164	0.154758697525	0.000360795335264	0.348858724593	0.000231502068815
17	11	left	left	1	noError	0.000228158555344	0.915924559373	0.171112101062	0.000533176750576	0.222413405496	0.000110238047412	0.606364255394	0.0015946892526	0.607196718556	0.864436608712	0.0835328866332	0.000176239132257	0.133792462903	0.000330494357912	0.392041946138	0.000212059636336
18	10	middle	left	0	noError	0.000163824239078	0.915924559373	0.171112101062	0.000382835854327	0.222413405496	0.000110238047412	0.606364255394	0.00140443916099	0.717956231828	0.880609632747	0.0835328866332	0.000155213398872	0.117830714693	0.000330494357912	0.281497108079	0.000212059636336
19	10	right	right	1	noError	0.000118546241063	0.922437873151	0.155556455511	0.000277027085432	0.202194004997	0.000100216406738	0.642149323085	0.00125475855245	0.72354608272	0.893333874081	0.0770616044446	0.000138671254049	0.105272696112	0.0003048910017	0.276058343954	0.000195631403064
20	6	left	middle	0	ERROR	0.000148182801329	0.922437873151	0.0793663650159	0.00034628385679	0.0031342928525	0.00014316629534	0.917356175836	0.00139417616939	0.9044326034	0.881482082313	0.0770616044446	0.000154079171166	0.116969662347	0.0003048910017	0.0950729299421	0.000195631403064
21	6	middle	right	0	ERROR	0.000164647557033	0.999270359186	0.0992079562698	0.000384759840877	0.00391786606562	0.000178957869175	0.896695219795	0.00154908463266	0.893814003778	0.868313424792	0.000121501014461	0.000171199079073	0.129966291497	0.000370445660065	0.105636588825	0.000237694139326
22	18	middle	left	0	ERROR	0.000548825190109	0.999189287985	0.110231062522	0.00128253280292	0.00435318451736	0.000198842076861	0.885216910884	0.00910510119532	0.979380012592	0.989300863846	0.000135001127178	0.00100626196054	0.000587772998541	0.000411606288961	0.0187886294151	0.000264104599251
23	6	left	left	1	noError	0.000537789751186	0.999189287985	0.110231062522	0.00125674442319	0.00435318451736	0.000198842076861	0.885216910884	0.00900960714252	0.9797946266	0.989413076094	0.000135001127178	0.000995708312567	0.000581608451377	0.000411606288961	0.018410839226	0.000264104599251
24	7	right	right	1	ERROR	0.000768271073123	0.999099208872	0.110231062522	0.00179534917598	0.00435318451736	0.000198842076861	0.885216910884	0.0128708673465	0.971135180857	0.984875822991	0.00015000125242	0.00142244044652	0.000830869216252	0.000457340321068	0.0263011988943	0.000293449554723
25	10	middle	right	0	noError	0.000746789799599	0.999099208872	0.110231062522	0.00174515024481	0.00435318451736	0.000198842076861	0.885216910884	0.0126803554418	0.971942256766	0.985099687917	0.00015000125242	0.00140138577853	0.000818570862716	0.000457340321068	0.0255658031893	0.000293449554723
26	6	middle	left	0	noError	0.000726479083907	0.999099208872	0.110231062522	0.00169768675444	0.00435318451736	0.000198842076861	0.885216910884	0.012495419336	0.972705353485	0.985317000886	0.00015000125242	0.00138094732712	0.000806632450709	0.000457340321068	0.0248704806765	0.000293449554723
27	15	left	left	1	noError	0.000644501893398	0.99909992964	0.100210056838	0.00150611676491	0.00395744047032	0.000180765524419	0.895651737167	0.0123158177763	0.887069507553	0.985528045387	0.000149881228862	0.00136109842992	0.000795038406334	0.000456974380039	0.110779873789	0.000293214750952
28	13	left	left	1	noError	0.000531403108193	0.999100649184	0.0911000516711	0.00124181967249	0.00359767315484	0.000164332294926	0.905137942879	0.0121413232299	0.824435076647	0.985733088788	0.000149761409198	0.00134181394086	0.000783774041385	0.000456609060663	0.173791700573	0.000292980346061
29	9	right	right	1	ERROR	0.00106280621639	0.999100649184	0.0911000516711	0.00248363934497	0.00359767315484	0.000164332294926	0.905137942879	0.0202355387165	0.648870153293	0.976221814646	0.000149761409198	0.00223635656811	0.00130629006898	0.000456609060663	0.347583401146	0.000292980346061
30	10	right	right	1	noError	0.000759147297419	0.999101367507	0.0832144766788	0.00177402810355	0.00328626036264	0.000150107773518	0.913349155185	0.0197674806457	0.677764395209	0.976771815895	0.000149641792908	0.00218462852887	0.00127607493025	0.000456244361361	0.31970242939	0.000292746339036
31	14	right	right	1	noError	0.000506098198279	0.999102084611	0.076585902147	0.00118268540237	0.00302448834155	0.000138150712628	0.920251458799	0.0193206295681	0.65184293014	0.977296897431	0.000149522379478	0.00213524420773	0.0012472287931	0.000455880280556	0.34646828626	0.000292512728866
32	9	left	left	1	noError	0.000389306306369	0.9991028005	0.0709359566789	0.000909758001822	0.00280136380139	0.000127958967531	0.926134720552	0.0188935761289	0.732186869338	0.977798715345	0.00014940316839	0.00208804784805	0.00121966067771	0.000455516816678	0.266514066354	0.000292279514544
33	15	middle	left	0	ERROR	0.000973265765922	0.998878500625	0.0788177296432	0.00227439500456	0.00311262644599	0.00014217663059	0.91792746728	0.0472339403224	0.580467173345	0.944496788363	0.000186753960488	0.00522011962012	0.00304915169427	0.000569396020847	0.416285165884	0.000365349393179
34	13	right	right	1	noError	0.000695189832801	0.998879645067	0.0728463313621	0.0016245678604	0.00287680726808	0.00013140502766	0.924145456342	0.0447544026791	0.557476552389	0.947410419994	0.000186563386106	0.00494609033075	0.00288908699599	0.000568814976704	0.440203689917	0.000364976569842
35	14	right	middle	0	ERROR	0.001737974582	0.998755161186	0.000120881905746	0.00406141965099	0.00347753945028	0.000158844901681	0.996242733742	0.0895088053581	0.643691380974	0.894820839988	0.000207292651229	0.00989218066151	0.00577817399198	0.000632016640782	0.350509224793	0.000405529522046
36	18	left	left	1	noError	0.00108623411375	0.998756584696	0.000120441419406	0.00253838728187	0.00346486750726	0.000158266080485	0.996256424993	0.0809976412524	0.589807113109	0.904822058168	0.000207055605934	0.00895155842175	0.00522874215809	0.00063129391101	0.406568265496	0.000405065787011
37	11	middle	middle	1	noError	0.000905195094793	0.998758004812	0.000120004175193	0.00211532273489	0.00345228883395	0.000157691519606	0.996270015471	0.0739651838086	0.49150592759	0.913085691715	0.000206819125781	0.00817435734919	0.00477476712693	0.000630572904301	0.50547355458	0.000404603157569
38	17	right	left	0	ERROR	0.00181039018959	0.99822572116	0.000200006958655	0.00423064546978	0.00575381472325	0.000262819199343	0.993783359119	0.147930367617	0.583011855181	0.826171383431	0.000295455893972	0.0163487146984	0.00954953425387	0.000900818434716	0.41094710916	0.000578004510812
39	11	middle	middle	1	noError	0.0012931358497	0.998228686833	0.000198791025342	0.00302188962127	0.00571883466534	0.000261221401837	0.993821152907	0.126034558184	0.630722753701	0.851900503987	0.000294962045262	0.0139288711782	0.00813606665038	0.000899312734434	0.364962220828	0.00057703838765
40	15	right	middle	0	noError	0.000923668464075	0.998231642312	0.000197589906514	0.00215849258662	0.00568428079158	0.000259643071308	0.993858486231	0.109786248706	0.450516252643	0.870993413737	0.000294469893851	0.0121331683739	0.00708716918312	0.000897812209067	0.546401586306	0.00057607558494
41	6	middle	middle	1	noError	0.000769723720062	0.998234587651	0.000196403333073	0.00179874382219	0.00565014536058	0.00025808385415	0.993895367452	0.0998056806421	0.375430210536	0.882721285215	0.000293979431007	0.0110301530671	0.00644288107557	0.00089631683199	0.622001321922	0.000575116085597
42	6	middle	right	0	noError	0.000641436433385	0.998237522903	0.000195231042401	0.00149895318516	0.00561642081734	0.000256543405269	0.993931804735	0.0907324369474	0.31285850878	0.893382986559	0.000293490648057	0.0100274118792	0.00585716461415	0.000894826576759	0.685001101601	0.000574159872655
43	11	right	middle	0	noError	0.000458168880989	0.998240448117	0.000194072778165	0.00107068084654	0.00558309978763	0.000255021387829	0.993967806046	0.0819982303437	0.366327506272	0.903646295407	0.000293003536389	0.00906213981115	0.00529333443861	0.000893341417113	0.632143644001	0.000573206929263
44	7	right	middle	0	noError	0.000381807400825	0.998243363347	0.000192928290129	0.000892234038783	0.00555017507262	0.000253517473009	0.994003379164	0.0747985890494	0.305272921893	0.912106381771	0.000292518087446	0.00826646220047	0.004828566979	0.000891861326969	0.693453036667	0.000572257238685
45	16	middle	middle	1	noError	0.000254538267216	0.998246268643	0.000191797333973	0.000594822692522	0.00551763964373	0.000252031339759	0.994038531683	0.0687617465261	0.336848614595	0.919200097559	0.000292034292733	0.00759929279042	0.00443886312448	0.000890386280421	0.662302024445	0.0005713107843
46	9	right	middle	0	ERROR	0.000363626096023	0.997807835803	0.000239746667467	0.000849746703603	0.00689704955466	0.000315039174699	0.992548164603	0.0859521831576	0.481212306565	0.899000121949	0.000365042865916	0.00949911598803	0.0055485789056	0.00111298285053	0.517574320636	0.000714138480374
47	15	right	right	1	noError	0.000279712381556	0.997812412595	0.000237996953043	0.000653651310464	0.00684671364295	0.000312739961977	0.992602549442	0.154844035341	0.370163312742	0.832625615403	0.000364280730813	0.00790999829515	0.00462035096098	0.00111065916918	0.628903323566	0.00071264750478
48	7	left	right	0	ERROR	0.000349640476946	0.997569347328	0.000264441058937	0.00081706413808	0.00760745960328	0.000347488846641	0.991780610491	0.221205764772	0.337704140928	0.76089373629	0.00040475636757	0.0112999975645	0.00660050137283	0.00123406574353	0.661129154457	0.000791830560867
49	9	left	middle	0	noError	0.000268954213035	0.997574999163	0.000264441058937	0.000628510875446	0.00760745960328	0.000347488846641	0.991780610491	0.239883690971	0.413618569944	0.746747813733	0.000403815214561	0.00843909238571	0.00492940291	0.00123119625269	0.585483964967	0.000789989370031
50	6	left	middle	0	noError	0.000224128510863	0.997580624213	0.000262311251711	0.000523759062872	0.00754618915423	0.000344690172868	0.991846809421	0.199903075809	0.428015474954	0.788956511444	0.000402878521661	0.00703257698809	0.00410783575833	0.00122834036033	0.571236637473	0.000788156904568
