Trial	nTrans	naoDecision	humanDecision	guessCorr	errpDetector	x01	x12	x32	x00	x33	x30	x31	x21	x02	x20	x13	x23	x22	x10	x03	x11
1	17	left	left	1	ERROR	0.125	0.3	0.416666666667	0.125	0.25	0.25	0.0833333333333	0.3125	0.625	0.1875	0.3	0.3125	0.1875	0.1	0.125	0.3
2	12	left	middle	0	ERROR	0.0277777777778	0.25	0.678280736827	0.138888888889	0.000214193916893	0.321290875339	0.000214193916893	0.303571428571	0.694444444444	0.267857142857	0.25	0.160714285714	0.267857142857	0.125	0.138888888889	0.375
3	8	left	middle	0	ERROR	0.0277777777778	0.25	0.463801228045	0.138888888889	0.000356989861488	0.535484792232	0.000356989861488	0.275325076801	0.694444444444	0.362269837896	0.25	0.000135247406148	0.362269837896	0.125	0.138888888889	0.375
4	10	left	middle	0	ERROR	0.0396825396825	0.25	0.404223586717	0.198412698413	0.000396655401653	0.59498310248	0.000396655401653	0.438312692003	0.706349206349	0.405674594741	0.25	0.00033811851537	0.155674594741	0.125	0.0555555555556	0.375
5	12	right	right	1	noError	0.0284758473558	0.178571428571	0.367475987924	0.214138372116	0.000360595819685	0.631802820436	0.000360595819685	0.491009763079	0.717519594231	0.388980457493	0.25	0.000260091165669	0.119749688262	0.0892857142857	0.0398661862981	0.482142857143
6	8	right	middle	0	noError	0.0258871339598	0.368131868132	0.367475987924	0.194671247378	0.000360595819685	0.631802820436	0.000360595819685	0.565006973628	0.743199631119	0.349271755352	0.192307692308	0.000185779404049	0.0855354916158	0.0686813186813	0.0362419875437	0.370879120879
7	8	right	right	1	noError	0.0215726116332	0.473443223443	0.367475987924	0.162226039481	0.000360595819685	0.631802820436	0.000360595819685	0.546433552591	0.785999692599	0.392336968109	0.160256410256	0.000132699574321	0.0610967797256	0.0572344322344	0.0302016562864	0.309065934066
8	9	right	middle	0	noError	0.0177713206774	0.521312021312	0.334069079931	0.133640331494	0.000327814381532	0.665275291306	0.000327814381532	0.461738251851	0.823708498881	0.494526405792	0.145687645688	9.47854102293e-05	0.0436405569469	0.0520313020313	0.0248798489483	0.280969030969
9	6	middle	middle	1	ERROR	0.000116611435359	0.468124468124	0.417586349914	0.0392284734143	0.000409767976915	0.581594114132	0.000409767976915	0.461738251851	0.960538303715	0.494526405792	0.161875161875	9.47854102293e-05	0.0436405569469	0.0578125578126	0.000116611435359	0.312187812188
10	9	middle	left	0	ERROR	0.000145764294198	0.335155585156	0.463984833238	0.0490355917678	0.000455297752127	0.535104571258	0.000455297752127	0.436230419752	0.950672879644	0.490877342986	0.202343952344	0.000157975683715	0.0727342615781	0.0722656972657	0.000145764294198	0.390234765235
11	7	middle	right	0	noError	0.000138925396961	0.304686895596	0.463984833238	0.0467349640669	0.000455297752127	0.535104571258	0.000455297752127	0.383021728394	0.952987185139	0.493483816419	0.183949047585	0.000112839774082	0.123381615413	0.0656960884234	0.000138925396961	0.445667968395
12	10	middle	right	0	ERROR	0.000231542328269	0.304686895596	0.404427592486	0.0778916067781	0.000505886391252	0.594560634731	0.000505886391252	0.75603926761	0.921645308565	0.000197388088342	0.183949047585	0.00022273227295	0.243540612029	0.0656960884234	0.000231542328269	0.445667968395
13	11	left	middle	0	noError	0.00021473806709	0.234374535074	0.431733994633	0.0722385976123	0.000361347422323	0.567543310522	0.000361347422323	0.803868129255	0.927331926254	0.000158689862299	0.372268498143	0.00017906528211	0.195794115601	0.0505354526334	0.00021473806709	0.34282151415
14	3	right	left	0	noError	0.000200209266289	0.234374535074	0.392485449667	0.0673510608608	0.000328497656657	0.60685755502	0.000328497656657	0.821698299323	0.932248520607	0.000144263511181	0.372268498143	0.0001627866201	0.177994650546	0.0505354526334	0.000200209266289	0.34282151415
15	1	middle	right	0	noError	0.000187523054249	0.234374535074	0.392485449667	0.0630833770765	0.000328497656657	0.60685755502	0.000328497656657	0.821698299323	0.936541576815	0.000144263511181	0.372268498143	0.0001627866201	0.177994650546	0.0505354526334	0.000187523054249	0.34282151415
16	12	middle	middle	1	ERROR	0.000187523054249	0.000150212069792	0.324983832963	0.0630833770765	0.000364997396286	0.674286172245	0.000364997396286	0.804245748307	0.936541576815	0.000360658777951	0.408980146452	0.000406966550249	0.194986626365	0.0759103493795	0.000187523054249	0.514959292098
17	18	middle	left	0	ERROR	0.000312538423748	0.000300424139585	0.464262618518	0.105138961794	0.000521424851837	0.534694531778	0.000521424851837	0.998797735394	0.894235961358	0.000198077572047	0.417960292905	0.000806109461775	0.000198077572047	0.151820698759	0.000312538423748	0.429918584197
18	11	right	left	0	noError	0.00025922513547	0.000231095491988	0.422056925926	0.170146040041	0.000474022592579	0.576995028889	0.000474022592579	0.998799059149	0.829335509689	0.000197859478546	0.398430994542	0.000805221894181	0.000197859478546	0.270631306738	0.00025922513547	0.330706603228
19	6	left	right	0	noError	0.00025922513547	0.000177765763068	0.474597205387	0.170146040041	0.000430929629618	0.524540935354	0.000430929629618	0.99880037986	0.829335509689	0.00019764188652	0.38340845734	0.000804336367416	0.00019764188652	0.20817792826	0.00025922513547	0.408235848637
20	10	left	right	0	noError	0.000216020946225	0.000136742894668	0.518920927221	0.225121700034	0.000331484330475	0.480416104118	0.000331484330475	0.998801697537	0.774446258074	0.00019742479424	0.448775736416	0.000803452874453	0.00019742479424	0.160136867892	0.000216020946225	0.390950652798
21	9	left	middle	0	ERROR	0.000240023273583	0.000170928618334	0.455601324601	0.25013522226	0.000473549043536	0.543451577312	0.000473549043536	0.998288139339	0.749384731193	0.000282035420342	0.310969670519	0.00114778982065	0.000282035420342	0.200171084865	0.000240023273583	0.488688315997
22	10	middle	middle	1	noError	0.000200019394652	0.000122091870239	0.414183022365	0.20844601855	0.000430499130487	0.584955979374	0.000430499130487	0.998290894179	0.791153942661	0.000281581550119	0.293549764657	0.00114594272066	0.000281581550119	0.285836489189	0.000200019394652	0.420491654284
23	12	left	right	0	noError	0.000152832853655	8.72084787421e-05	0.345152518637	0.235680571353	0.000358749275406	0.654129982812	0.000358749275406	0.998293639893	0.76401376294	0.000281129183513	0.352535546183	0.00114410173989	0.000281129183513	0.275597492278	0.000152832853655	0.37177975306
24	6	left	right	0	ERROR	0.000169814281839	0.00012458354106	0.345152518637	0.261867301503	0.000358749275406	0.654129982812	0.000358749275406	0.997867049866	0.737793069933	0.000351411479391	0.503622208833	0.00143012717486	0.000351411479391	0.250853560397	0.000169814281839	0.245399647228
25	9	right	middle	0	ERROR	0.000212267852298	0.000177976487229	0.306440648297	0.202334126879	0.000448436594257	0.692662478515	0.000448436594257	0.997333812333	0.797241337416	0.000439264349239	0.433746012619	0.00178765896857	0.000439264349239	0.358362229139	0.000212267852298	0.207713781755
26	8	left	middle	0	noError	0.000176889876915	0.000127126062306	0.278582407542	0.168611772399	0.000407669631143	0.720602253195	0.000407669631143	0.997340636758	0.831034447847	0.000438139999775	0.381247151871	0.00178308324235	0.000438139999775	0.327401592242	0.000176889876915	0.291224129825
27	15	right	middle	0	noError	0.000139407895986	7.47800366507e-05	0.232152006285	0.211694432041	0.000339724692619	0.767168544329	0.000339724692619	0.997347425659	0.788026752167	0.000437021503005	0.341910089336	0.00177853133462	0.000437021503005	0.251412701319	0.000139407895986	0.406602429309
28	16	middle	middle	1	noError	9.22087193395e-05	5.34143118934e-05	0.211047278441	0.338450615999	0.000308840629654	0.7883350403	0.000308840629654	0.997354179313	0.661364966563	0.000435908813353	0.244221492383	0.00177400305993	0.000435908813353	0.465294786656	9.22087193395e-05	0.290430306649
29	12	left	middle	0	ERROR	0.000153681198899	0.000106828623787	0.211047278441	0.397417693331	0.000308840629654	0.7883350403	0.000308840629654	0.996220256162	0.602274944271	0.000622726876218	0.488442984765	0.00253429008562	0.000622726876218	0.330589573313	0.000153681198899	0.180860613298
30	8	middle	middle	1	noError	0.000118216306845	8.90238531556e-05	0.191861162219	0.459552071793	0.000280764208776	0.807577309363	0.000280764208776	0.996234113659	0.540211495593	0.000620443801961	0.573702487304	0.00252499873708	0.000620443801961	0.275491311094	0.000118216306845	0.150717177748
31	15	middle	middle	1	noError	8.44402191753e-05	6.84798870428e-05	0.1609137893	0.328251479852	0.000235476696855	0.838615257306	0.000235476696855	0.996247868546	0.671579639709	0.00061817763302	0.672078836388	0.00251577618751	0.00061817763302	0.211916393149	8.44402191753e-05	0.115936290576
32	5	middle	right	0	noError	7.03668493128e-05	6.22544427662e-05	0.146285263	0.35687623321	0.000214069724413	0.853286597551	0.000214069724413	0.99626152196	0.642983033091	0.000615928182332	0.701889851262	0.00250662167565	0.000615928182332	0.192651266499	7.03668493128e-05	0.105396627796
33	11	right	middle	0	noError	4.69112328752e-05	5.18787023051e-05	0.132986602728	0.37125082214	0.000194608840376	0.866624179592	0.000194608840376	0.996275075017	0.628655355394	0.000613695265585	0.668241542718	0.00249753445139	0.000613695265585	0.243876055416	4.69112328752e-05	0.0878305231634
34	7	middle	middle	1	noError	3.12741552501e-05	4.7162456641e-05	0.132986602728	0.580833881427	0.000194608840376	0.866624179592	0.000194608840376	0.996288528822	0.419103570263	0.000611478701165	0.607492311562	0.00248851377564	0.000611478701165	0.312614595833	3.12741552501e-05	0.0798459301486
35	7	right	right	1	noError	2.20385469294e-05	4.28749605828e-05	0.120896911571	0.704618330966	0.000176917127614	0.878749254174	0.000176917127614	0.996288528822	0.29533759194	0.000611478701165	0.643174828693	0.00248851377564	0.000611478701165	0.284195087121	2.20385469294e-05	0.072587209226
36	11	left	left	1	noError	1.57950522956e-05	3.5729133819e-05	0.107832877979	0.716629496532	0.000157799589639	0.891851522842	0.000157799589639	0.99630188446	0.283338913363	0.000609278310109	0.702645690577	0.00247955892006	0.000609278310109	0.236829239267	1.57950522956e-05	0.0604893410216
37	19	right	middle	0	noError	9.38354962142e-06	2.55208098707e-05	0.17204018043	0.594022171683	0.000130623557434	0.827698572455	0.000130623557434	0.996315143001	0.405959061218	0.000607093916055	0.644746921841	0.00247066916694	0.000607093916055	0.312020885191	9.38354962142e-06	0.0432066721583
38	10	middle	middle	1	noError	6.70253544387e-06	1.96313922082e-05	0.156400164028	0.567158694059	0.000118748688576	0.843362338595	0.000118748688576	0.996328305501	0.43282790087	0.000604925345197	0.57288224757	0.00246184380893	0.000604925345197	0.316939142455	6.70253544387e-06	0.110158978583
39	6	right	right	1	ERROR	1.34050708877e-05	1.96313922082e-05	0.156400164028	0.334317388119	0.000118748688576	0.843362338595	0.000118748688576	0.995920339445	0.66565580174	0.000672139272441	0.57288224757	0.00273538200992	0.000672139272441	0.316939142455	1.34050708877e-05	0.110158978583
40	9	middle	middle	1	noError	1.11708924064e-05	1.51010709294e-05	0.142181967298	0.278597823432	0.000107953353251	0.857602125996	0.000107953353251	0.995936510753	0.721379834783	0.000669474989234	0.594524805823	0.00272453926847	0.000669474989234	0.320722417273	1.11708924064e-05	0.0847376758333
41	8	right	left	0	ERROR	1.59584177235e-05	2.15729584706e-05	0.142181967298	0.25513974776	0.000107953353251	0.857602125996	0.000107953353251	0.994920638441	0.744828335404	0.000836843736543	0.849321151176	0.00340567408558	0.000836843736543	0.0296034532467	1.59584177235e-05	0.121053822619
42	7	left	left	1	noError	1.32986814362e-05	1.87496567424e-05	0.129256333907	0.2959497898	9.81394120463e-05	0.870547387269	9.81394120463e-05	0.994945805105	0.704023612837	0.000832697434945	0.869040831945	0.00338880002501	0.000832697434945	0.0257291825562	1.32986814362e-05	0.105211235842
43	15	middle	middle	1	noError	8.89022752841e-06	1.52329829676e-05	0.114451706624	0.33154463434	8.68988223341e-05	0.885374495732	8.68988223341e-05	0.994970721133	0.668437585205	0.000828592426575	0.812359387613	0.00337209401406	0.000828592426575	0.0209034333285	8.89022752841e-06	0.166721946075
44	24	left	middle	0	ERROR	4.4451137642e-05	3.04659659351e-05	0.286129266559	0.157723171701	0.000217247055835	0.713436239329	0.000217247055835	0.989941442266	0.842187926023	0.00165718485315	0.624718775227	0.00674418802812	0.00165718485315	0.041806866657	4.4451137642e-05	0.33344389215
45	5	left	left	1	noError	4.04101251291e-05	2.53883049459e-05	0.260117515054	0.143384701547	0.000197497323487	0.739487490299	0.000197497323487	0.990040623294	0.856534478203	0.00164084440937	0.603932312689	0.00667768788776	0.00164084440937	0.0348390555475	4.04101251291e-05	0.361203243458
46	8	right	right	1	ERROR	5.05126564114e-05	3.17353811824e-05	0.200146893818	0.0542308769333	0.000246871654358	0.799359362874	0.000246871654358	0.987550779117	0.945668097754	0.00205105551171	0.504915390861	0.00834710985969	0.00205105551171	0.0435488194344	5.05126564114e-05	0.451504054323
47	10	right	middle	0	ERROR	5.61251737904e-05	5.28923019707e-05	0.125183617272	0.0602565299259	0.000308589567948	0.874199203592	0.000308589567948	0.982215398738	0.939631219727	0.00293007930244	0.341525651436	0.0119244426567	0.00293007930244	0.072581365724	5.61251737904e-05	0.585840090538
48	12	middle	middle	1	ERROR	7.0156467238e-05	0.000168307507188	0.13909290808	0.0753206624073	0.00034287729772	0.860221337325	0.00034287729772	0.977769248423	0.924539024658	0.00366259912805	0.768553812191	0.0149055533209	0.00366259912805	0.230959672356	7.0156467238e-05	0.000318207945045
49	9	right	middle	0	noError	6.52399230089e-05	0.00014025625599	0.126448098254	0.0700422129261	0.000311706634291	0.872928488477	0.000311706634291	0.978250579446	0.929827307228	0.0035832980491	0.723794843493	0.0145828244556	0.0035832980491	0.275799726964	6.52399230089e-05	0.000265173287538
50	14	middle	middle	1	noError	6.09677486862e-05	0.000109909638148	0.304605784467	0.0654555652146	0.000222647595922	0.694948920341	0.000222647595922	0.978711463917	0.934422499288	0.00350736561585	0.783556115968	0.0142738048514	0.00350736561585	0.216126175462	6.09677486862e-05	0.000207798931135
