Block	Trial	nTrans	naoDecision	humanDecision	guessCorr	falseFeedback	x01	x12	x32	x00	x33	x30	x31	x21	x02	x20	x13	x23	x22	x10	x03	x11
1	1	9	middle	middle	1	0	0.05	0.05	0.05	0.85	0.05	0.85	0.05	0.05	0.05	0.85	0.05	0.05	0.05	0.85	0.05	0.05
1	2	9	right	right	1	0	0.05	0.05	0.05	0.85	0.05	0.85	0.05	0.05	0.05	0.85	0.05	0.05	0.05	0.85	0.05	0.05
1	3	9	middle	middle	1	0	0.05	0.05	0.05	0.85	0.05	0.85	0.05	0.05	0.05	0.85	0.05	0.05	0.05	0.85	0.05	0.05
1	4	10	middle	middle	1	0	0.05	0.05	0.05	0.85	0.05	0.85	0.05	0.05	0.05	0.85	0.05	0.05	0.05	0.85	0.05	0.05
1	5	12	left	left	1	0	0.05	0.05	0.05	0.85	0.05	0.85	0.05	0.05	0.05	0.85	0.05	0.05	0.05	0.85	0.05	0.05
1	6	13	right	middle	0	1	0.05	0.05	0.05	0.85	0.05	0.85	0.05	0.05	0.05	0.85	0.05	0.05	0.05	0.85	0.05	0.05
1	7	16	left	right	0	1	0.05	0.05	0.05	0.85	0.05	0.85	0.05	0.05	0.05	0.85	0.05	0.05	0.05	0.85	0.05	0.05
1	8	8	left	right	0	1	0.05	0.05	0.05	0.85	0.05	0.85	0.05	0.05	0.05	0.85	0.05	0.05	0.05	0.85	0.05	0.05
1	9	7	left	middle	0	1	0.05	0.05	0.05	0.85	0.05	0.85	0.05	0.05	0.05	0.85	0.05	0.05	0.05	0.85	0.05	0.05
1	10	13	right	middle	0	2	0.05	0.05	0.05	0.85	0.05	0.85	0.05	0.05	0.05	0.85	0.05	0.05	0.05	0.85	0.05	0.05
1	11	9	middle	middle	1	0	0.05	0.05	0.05	0.85	0.05	0.85	0.05	0.05	0.05	0.85	0.05	0.05	0.05	0.85	0.05	0.05
1	12	11	left	left	1	0	0.05	0.05	0.05	0.85	0.05	0.85	0.05	0.05	0.05	0.85	0.05	0.05	0.05	0.85	0.05	0.05
1	13	12	middle	middle	1	0	0.05	0.05	0.05	0.85	0.05	0.85	0.05	0.05	0.05	0.85	0.05	0.05	0.05	0.85	0.05	0.05
1	14	12	middle	left	0	1	0.05	0.05	0.05	0.85	0.05	0.85	0.05	0.05	0.05	0.85	0.05	0.05	0.05	0.85	0.05	0.05
1	15	18	left	middle	0	2	0.05	0.05	0.05	0.85	0.05	0.85	0.05	0.05	0.05	0.85	0.05	0.05	0.05	0.85	0.05	0.05
1	16	6	middle	middle	1	0	0.05	0.05	0.05	0.85	0.05	0.85	0.05	0.05	0.05	0.85	0.05	0.05	0.05	0.85	0.05	0.05
1	17	17	left	left	1	0	0.05	0.05	0.05	0.85	0.05	0.85	0.05	0.05	0.05	0.85	0.05	0.05	0.05	0.85	0.05	0.05
1	18	13	left	left	1	0	0.05	0.05	0.05	0.85	0.05	0.85	0.05	0.05	0.05	0.85	0.05	0.05	0.05	0.85	0.05	0.05
1	19	13	middle	middle	1	0	0.05	0.05	0.05	0.85	0.05	0.85	0.05	0.05	0.05	0.85	0.05	0.05	0.05	0.85	0.05	0.05
1	20	10	middle	middle	1	0	0.05	0.05	0.05	0.85	0.05	0.85	0.05	0.05	0.05	0.85	0.05	0.05	0.05	0.85	0.05	0.05
1	21	16	middle	left	0	2	0.05	0.05	0.05	0.85	0.05	0.85	0.05	0.05	0.05	0.85	0.05	0.05	0.05	0.85	0.05	0.05
1	22	9	middle	middle	1	0	0.05	0.05	0.05	0.85	0.05	0.85	0.05	0.05	0.05	0.85	0.05	0.05	0.05	0.85	0.05	0.05
1	23	13	left	left	1	0	0.05	0.05	0.05	0.85	0.05	0.85	0.05	0.05	0.05	0.85	0.05	0.05	0.05	0.85	0.05	0.05
1	24	13	right	left	0	1	0.05	0.05	0.05	0.85	0.05	0.85	0.05	0.05	0.05	0.85	0.05	0.05	0.05	0.85	0.05	0.05
1	25	18	left	middle	0	2	0.05	0.05	0.05	0.85	0.05	0.85	0.05	0.05	0.05	0.85	0.05	0.05	0.05	0.85	0.05	0.05
1	26	18	middle	middle	1	0	0.05	0.05	0.05	0.85	0.05	0.85	0.05	0.05	0.05	0.85	0.05	0.05	0.05	0.85	0.05	0.05
1	27	12	middle	middle	1	0	0.05	0.05	0.05	0.85	0.05	0.85	0.05	0.05	0.05	0.85	0.05	0.05	0.05	0.85	0.05	0.05
1	28	12	right	left	0	1	0.05	0.05	0.05	0.85	0.05	0.85	0.05	0.05	0.05	0.85	0.05	0.05	0.05	0.85	0.05	0.05
1	29	14	middle	middle	1	0	0.05	0.05	0.05	0.85	0.05	0.85	0.05	0.05	0.05	0.85	0.05	0.05	0.05	0.85	0.05	0.05
1	30	14	right	right	1	0	0.05	0.05	0.05	0.85	0.05	0.85	0.05	0.05	0.05	0.85	0.05	0.05	0.05	0.85	0.05	0.05
1	31	20	right	middle	0	1	0.05	0.05	0.05	0.85	0.05	0.85	0.05	0.05	0.05	0.85	0.05	0.05	0.05	0.85	0.05	0.05
1	32	16	middle	left	0	2	0.05	0.05	0.05	0.85	0.05	0.85	0.05	0.05	0.05	0.85	0.05	0.05	0.05	0.85	0.05	0.05
1	33	19	middle	left	0	2	0.05	0.05	0.05	0.85	0.05	0.85	0.05	0.05	0.05	0.85	0.05	0.05	0.05	0.85	0.05	0.05
1	34	10	right	middle	0	1	0.05	0.05	0.05	0.85	0.05	0.85	0.05	0.05	0.05	0.85	0.05	0.05	0.05	0.85	0.05	0.05
1	35	15	left	left	1	0	0.05	0.05	0.05	0.85	0.05	0.85	0.05	0.05	0.05	0.85	0.05	0.05	0.05	0.85	0.05	0.05
1	36	19	left	left	1	0	0.05	0.05	0.05	0.85	0.05	0.85	0.05	0.05	0.05	0.85	0.05	0.05	0.05	0.85	0.05	0.05
1	37	11	right	right	1	0	0.05	0.05	0.05	0.85	0.05	0.85	0.05	0.05	0.05	0.85	0.05	0.05	0.05	0.85	0.05	0.05
1	38	19	left	left	1	0	0.05	0.05	0.05	0.85	0.05	0.85	0.05	0.05	0.05	0.85	0.05	0.05	0.05	0.85	0.05	0.05
1	39	23	middle	middle	1	0	0.05	0.05	0.05	0.85	0.05	0.85	0.05	0.05	0.05	0.85	0.05	0.05	0.05	0.85	0.05	0.05
1	40	8	right	right	1	0	0.05	0.05	0.05	0.85	0.05	0.85	0.05	0.05	0.05	0.85	0.05	0.05	0.05	0.85	0.05	0.05
1	41	15	left	left	1	0	0.05	0.05	0.05	0.85	0.05	0.85	0.05	0.05	0.05	0.85	0.05	0.05	0.05	0.85	0.05	0.05
1	42	13	right	right	1	0	0.05	0.05	0.05	0.85	0.05	0.85	0.05	0.05	0.05	0.85	0.05	0.05	0.05	0.85	0.05	0.05
1	43	26	right	right	1	0	0.05	0.05	0.05	0.85	0.05	0.85	0.05	0.05	0.05	0.85	0.05	0.05	0.05	0.85	0.05	0.05
1	44	13	middle	middle	1	0	0.05	0.05	0.05	0.85	0.05	0.85	0.05	0.05	0.05	0.85	0.05	0.05	0.05	0.85	0.05	0.05
1	45	18	middle	middle	1	0	0.05	0.05	0.05	0.85	0.05	0.85	0.05	0.05	0.05	0.85	0.05	0.05	0.05	0.85	0.05	0.05
1	46	10	right	right	1	0	0.05	0.05	0.05	0.85	0.05	0.85	0.05	0.05	0.05	0.85	0.05	0.05	0.05	0.85	0.05	0.05
1	47	10	left	left	1	0	0.05	0.05	0.05	0.85	0.05	0.85	0.05	0.05	0.05	0.85	0.05	0.05	0.05	0.85	0.05	0.05
1	48	13	right	right	1	0	0.05	0.05	0.05	0.85	0.05	0.85	0.05	0.05	0.05	0.85	0.05	0.05	0.05	0.85	0.05	0.05
1	49	18	left	left	1	0	0.05	0.05	0.05	0.85	0.05	0.85	0.05	0.05	0.05	0.85	0.05	0.05	0.05	0.85	0.05	0.05
1	50	14	middle	middle	1	0	0.05	0.05	0.05	0.85	0.05	0.85	0.05	0.05	0.05	0.85	0.05	0.05	0.05	0.85	0.05	0.05
2	1	17	middle	right	0	2	0.05	0.05	0.05	0.85	0.05	0.85	0.05	0.05	0.05	0.85	0.05	0.05	0.05	0.85	0.05	0.05
2	2	18	left	middle	0	1	0.05	0.05	0.05	0.85	0.05	0.85	0.05	0.05	0.05	0.85	0.05	0.05	0.05	0.85	0.05	0.05
2	3	10	middle	right	0	1	0.05	0.05	0.05	0.85	0.05	0.85	0.05	0.05	0.05	0.85	0.05	0.05	0.05	0.85	0.05	0.05
2	4	11	middle	left	0	1	0.05	0.05	0.05	0.85	0.05	0.85	0.05	0.05	0.05	0.85	0.05	0.05	0.05	0.85	0.05	0.05
2	5	15	left	left	1	0	0.05	0.05	0.05	0.85	0.05	0.85	0.05	0.05	0.05	0.85	0.05	0.05	0.05	0.85	0.05	0.05
2	6	11	left	middle	0	1	0.05	0.05	0.05	0.85	0.05	0.85	0.05	0.05	0.05	0.85	0.05	0.05	0.05	0.85	0.05	0.05
2	7	19	middle	middle	1	0	0.05	0.05	0.05	0.85	0.05	0.85	0.05	0.05	0.05	0.85	0.05	0.05	0.05	0.85	0.05	0.05
2	8	20	left	middle	0	2	0.05	0.05	0.05	0.85	0.05	0.85	0.05	0.05	0.05	0.85	0.05	0.05	0.05	0.85	0.05	0.05
2	9	6	right	right	1	0	0.05	0.05	0.05	0.85	0.05	0.85	0.05	0.05	0.05	0.85	0.05	0.05	0.05	0.85	0.05	0.05
2	10	12	middle	right	0	2	0.05	0.05	0.05	0.85	0.05	0.85	0.05	0.05	0.05	0.85	0.05	0.05	0.05	0.85	0.05	0.05
2	11	7	middle	middle	1	0	0.05	0.05	0.05	0.85	0.05	0.85	0.05	0.05	0.05	0.85	0.05	0.05	0.05	0.85	0.05	0.05
2	12	8	right	middle	0	1	0.05	0.05	0.05	0.85	0.05	0.85	0.05	0.05	0.05	0.85	0.05	0.05	0.05	0.85	0.05	0.05
2	13	11	middle	left	0	2	0.05	0.05	0.05	0.85	0.05	0.85	0.05	0.05	0.05	0.85	0.05	0.05	0.05	0.85	0.05	0.05
2	14	9	left	left	1	0	0.05	0.05	0.05	0.85	0.05	0.85	0.05	0.05	0.05	0.85	0.05	0.05	0.05	0.85	0.05	0.05
2	15	15	left	left	1	0	0.05	0.05	0.05	0.85	0.05	0.85	0.05	0.05	0.05	0.85	0.05	0.05	0.05	0.85	0.05	0.05
2	16	14	left	right	0	1	0.05	0.05	0.05	0.85	0.05	0.85	0.05	0.05	0.05	0.85	0.05	0.05	0.05	0.85	0.05	0.05
2	17	18	middle	middle	1	0	0.05	0.05	0.05	0.85	0.05	0.85	0.05	0.05	0.05	0.85	0.05	0.05	0.05	0.85	0.05	0.05
2	18	11	left	left	1	0	0.05	0.05	0.05	0.85	0.05	0.85	0.05	0.05	0.05	0.85	0.05	0.05	0.05	0.85	0.05	0.05
2	19	24	right	right	1	0	0.05	0.05	0.05	0.85	0.05	0.85	0.05	0.05	0.05	0.85	0.05	0.05	0.05	0.85	0.05	0.05
2	20	10	right	right	1	0	0.05	0.05	0.05	0.85	0.05	0.85	0.05	0.05	0.05	0.85	0.05	0.05	0.05	0.85	0.05	0.05
2	21	11	middle	middle	1	0	0.05	0.05	0.05	0.85	0.05	0.85	0.05	0.05	0.05	0.85	0.05	0.05	0.05	0.85	0.05	0.05
2	22	17	left	right	0	1	0.05	0.05	0.05	0.85	0.05	0.85	0.05	0.05	0.05	0.85	0.05	0.05	0.05	0.85	0.05	0.05
2	23	14	right	right	1	0	0.05	0.05	0.05	0.85	0.05	0.85	0.05	0.05	0.05	0.85	0.05	0.05	0.05	0.85	0.05	0.05
2	24	14	middle	left	0	1	0.05	0.05	0.05	0.85	0.05	0.85	0.05	0.05	0.05	0.85	0.05	0.05	0.05	0.85	0.05	0.05
2	25	16	right	right	1	0	0.05	0.05	0.05	0.85	0.05	0.85	0.05	0.05	0.05	0.85	0.05	0.05	0.05	0.85	0.05	0.05
2	26	20	right	right	1	0	0.05	0.05	0.05	0.85	0.05	0.85	0.05	0.05	0.05	0.85	0.05	0.05	0.05	0.85	0.05	0.05
2	27	13	left	left	1	0	0.05	0.05	0.05	0.85	0.05	0.85	0.05	0.05	0.05	0.85	0.05	0.05	0.05	0.85	0.05	0.05
2	28	8	right	left	0	1	0.05	0.05	0.05	0.85	0.05	0.85	0.05	0.05	0.05	0.85	0.05	0.05	0.05	0.85	0.05	0.05
2	29	23	left	right	0	1	0.05	0.05	0.05	0.85	0.05	0.85	0.05	0.05	0.05	0.85	0.05	0.05	0.05	0.85	0.05	0.05
2	30	14	right	right	1	0	0.05	0.05	0.05	0.85	0.05	0.85	0.05	0.05	0.05	0.85	0.05	0.05	0.05	0.85	0.05	0.05
2	31	9	left	left	1	0	0.05	0.05	0.05	0.85	0.05	0.85	0.05	0.05	0.05	0.85	0.05	0.05	0.05	0.85	0.05	0.05
2	32	12	left	middle	0	2	0.05	0.05	0.05	0.85	0.05	0.85	0.05	0.05	0.05	0.85	0.05	0.05	0.05	0.85	0.05	0.05
2	33	14	left	middle	0	2	0.05	0.05	0.05	0.85	0.05	0.85	0.05	0.05	0.05	0.85	0.05	0.05	0.05	0.85	0.05	0.05
2	34	11	middle	right	0	1	0.05	0.05	0.05	0.85	0.05	0.85	0.05	0.05	0.05	0.85	0.05	0.05	0.05	0.85	0.05	0.05
2	35	15	right	middle	0	1	0.05	0.05	0.05	0.85	0.05	0.85	0.05	0.05	0.05	0.85	0.05	0.05	0.05	0.85	0.05	0.05
2	36	27	middle	right	0	2	0.05	0.05	0.05	0.85	0.05	0.85	0.05	0.05	0.05	0.85	0.05	0.05	0.05	0.85	0.05	0.05
2	37	17	middle	middle	1	0	0.05	0.05	0.05	0.85	0.05	0.85	0.05	0.05	0.05	0.85	0.05	0.05	0.05	0.85	0.05	0.05
2	38	16	middle	middle	1	0	0.05	0.05	0.05	0.85	0.05	0.85	0.05	0.05	0.05	0.85	0.05	0.05	0.05	0.85	0.05	0.05
2	39	22	middle	right	0	2	0.05	0.05	0.05	0.85	0.05	0.85	0.05	0.05	0.05	0.85	0.05	0.05	0.05	0.85	0.05	0.05
2	40	14	right	right	1	0	0.05	0.05	0.05	0.85	0.05	0.85	0.05	0.05	0.05	0.85	0.05	0.05	0.05	0.85	0.05	0.05
2	41	10	left	left	1	0	0.05	0.05	0.05	0.85	0.05	0.85	0.05	0.05	0.05	0.85	0.05	0.05	0.05	0.85	0.05	0.05
2	42	21	middle	left	0	1	0.05	0.05	0.05	0.85	0.05	0.85	0.05	0.05	0.05	0.85	0.05	0.05	0.05	0.85	0.05	0.05
2	43	21	right	right	1	0	0.05	0.05	0.05	0.85	0.05	0.85	0.05	0.05	0.05	0.85	0.05	0.05	0.05	0.85	0.05	0.05
2	44	28	middle	left	0	1	0.05	0.05	0.05	0.85	0.05	0.85	0.05	0.05	0.05	0.85	0.05	0.05	0.05	0.85	0.05	0.05
2	45	10	middle	right	0	2	0.05	0.05	0.05	0.85	0.05	0.85	0.05	0.05	0.05	0.85	0.05	0.05	0.05	0.85	0.05	0.05
2	46	22	right	middle	0	1	0.05	0.05	0.05	0.85	0.05	0.85	0.05	0.05	0.05	0.85	0.05	0.05	0.05	0.85	0.05	0.05
2	47	21	left	left	1	0	0.05	0.05	0.05	0.85	0.05	0.85	0.05	0.05	0.05	0.85	0.05	0.05	0.05	0.85	0.05	0.05
2	48	21	right	middle	0	2	0.05	0.05	0.05	0.85	0.05	0.85	0.05	0.05	0.05	0.85	0.05	0.05	0.05	0.85	0.05	0.05
2	49	17	left	right	0	1	0.05	0.05	0.05	0.85	0.05	0.85	0.05	0.05	0.05	0.85	0.05	0.05	0.05	0.85	0.05	0.05
2	50	8	right	right	1	0	0.05	0.05	0.05	0.85	0.05	0.85	0.05	0.05	0.05	0.85	0.05	0.05	0.05	0.85	0.05	0.05
3	1	10	right	middle	0	1	0.05	0.05	0.05	0.85	0.05	0.85	0.05	0.05	0.05	0.85	0.05	0.05	0.05	0.85	0.05	0.05
3	2	13	left	left	1	0	0.05	0.05	0.05	0.85	0.05	0.85	0.05	0.05	0.05	0.85	0.05	0.05	0.05	0.85	0.05	0.05
3	3	15	middle	middle	1	0	0.05	0.05	0.05	0.85	0.05	0.85	0.05	0.05	0.05	0.85	0.05	0.05	0.05	0.85	0.05	0.05
3	4	24	right	left	0	1	0.05	0.05	0.05	0.85	0.05	0.85	0.05	0.05	0.05	0.85	0.05	0.05	0.05	0.85	0.05	0.05
3	5	6	left	left	1	0	0.05	0.05	0.05	0.85	0.05	0.85	0.05	0.05	0.05	0.85	0.05	0.05	0.05	0.85	0.05	0.05
3	6	12	middle	middle	1	0	0.05	0.05	0.05	0.85	0.05	0.85	0.05	0.05	0.05	0.85	0.05	0.05	0.05	0.85	0.05	0.05
3	7	7	right	right	1	0	0.05	0.05	0.05	0.85	0.05	0.85	0.05	0.05	0.05	0.85	0.05	0.05	0.05	0.85	0.05	0.05
3	8	15	middle	left	0	2	0.05	0.05	0.05	0.85	0.05	0.85	0.05	0.05	0.05	0.85	0.05	0.05	0.05	0.85	0.05	0.05
3	9	13	right	middle	0	1	0.05	0.05	0.05	0.85	0.05	0.85	0.05	0.05	0.05	0.85	0.05	0.05	0.05	0.85	0.05	0.05
3	10	11	left	left	1	0	0.05	0.05	0.05	0.85	0.05	0.85	0.05	0.05	0.05	0.85	0.05	0.05	0.05	0.85	0.05	0.05
3	11	11	middle	middle	1	0	0.05	0.05	0.05	0.85	0.05	0.85	0.05	0.05	0.05	0.85	0.05	0.05	0.05	0.85	0.05	0.05
3	12	14	left	left	1	0	0.05	0.05	0.05	0.85	0.05	0.85	0.05	0.05	0.05	0.85	0.05	0.05	0.05	0.85	0.05	0.05
3	13	15	left	left	1	0	0.05	0.05	0.05	0.85	0.05	0.85	0.05	0.05	0.05	0.85	0.05	0.05	0.05	0.85	0.05	0.05
3	14	11	right	right	1	0	0.05	0.05	0.05	0.85	0.05	0.85	0.05	0.05	0.05	0.85	0.05	0.05	0.05	0.85	0.05	0.05
3	15	21	left	left	1	0	0.05	0.05	0.05	0.85	0.05	0.85	0.05	0.05	0.05	0.85	0.05	0.05	0.05	0.85	0.05	0.05
3	16	9	right	right	1	0	0.05	0.05	0.05	0.85	0.05	0.85	0.05	0.05	0.05	0.85	0.05	0.05	0.05	0.85	0.05	0.05
3	17	14	middle	middle	1	0	0.05	0.05	0.05	0.85	0.05	0.85	0.05	0.05	0.05	0.85	0.05	0.05	0.05	0.85	0.05	0.05
3	18	7	middle	middle	1	0	0.05	0.05	0.05	0.85	0.05	0.85	0.05	0.05	0.05	0.85	0.05	0.05	0.05	0.85	0.05	0.05
3	19	13	middle	right	0	2	0.05	0.05	0.05	0.85	0.05	0.85	0.05	0.05	0.05	0.85	0.05	0.05	0.05	0.85	0.05	0.05
3	20	7	right	right	1	0	0.05	0.05	0.05	0.85	0.05	0.85	0.05	0.05	0.05	0.85	0.05	0.05	0.05	0.85	0.05	0.05
3	21	12	right	right	1	0	0.05	0.05	0.05	0.85	0.05	0.85	0.05	0.05	0.05	0.85	0.05	0.05	0.05	0.85	0.05	0.05
3	22	9	middle	middle	1	0	0.05	0.05	0.05	0.85	0.05	0.85	0.05	0.05	0.05	0.85	0.05	0.05	0.05	0.85	0.05	0.05
3	23	13	middle	middle	1	0	0.05	0.05	0.05	0.85	0.05	0.85	0.05	0.05	0.05	0.85	0.05	0.05	0.05	0.85	0.05	0.05
3	24	14	right	right	1	0	0.05	0.05	0.05	0.85	0.05	0.85	0.05	0.05	0.05	0.85	0.05	0.05	0.05	0.85	0.05	0.05
3	25	10	left	left	1	0	0.05	0.05	0.05	0.85	0.05	0.85	0.05	0.05	0.05	0.85	0.05	0.05	0.05	0.85	0.05	0.05
3	26	14	middle	middle	1	0	0.05	0.05	0.05	0.85	0.05	0.85	0.05	0.05	0.05	0.85	0.05	0.05	0.05	0.85	0.05	0.05
3	27	20	middle	left	0	2	0.05	0.05	0.05	0.85	0.05	0.85	0.05	0.05	0.05	0.85	0.05	0.05	0.05	0.85	0.05	0.05
3	28	12	middle	right	0	1	0.05	0.05	0.05	0.85	0.05	0.85	0.05	0.05	0.05	0.85	0.05	0.05	0.05	0.85	0.05	0.05
3	29	10	middle	middle	1	0	0.05	0.05	0.05	0.85	0.05	0.85	0.05	0.05	0.05	0.85	0.05	0.05	0.05	0.85	0.05	0.05
3	30	8	right	middle	0	1	0.05	0.05	0.05	0.85	0.05	0.85	0.05	0.05	0.05	0.85	0.05	0.05	0.05	0.85	0.05	0.05
3	31	19	middle	left	0	2	0.05	0.05	0.05	0.85	0.05	0.85	0.05	0.05	0.05	0.85	0.05	0.05	0.05	0.85	0.05	0.05
3	32	10	right	middle	0	2	0.05	0.05	0.05	0.85	0.05	0.85	0.05	0.05	0.05	0.85	0.05	0.05	0.05	0.85	0.05	0.05
3	33	12	left	left	1	0	0.05	0.05	0.05	0.85	0.05	0.85	0.05	0.05	0.05	0.85	0.05	0.05	0.05	0.85	0.05	0.05
3	34	13	right	left	0	1	0.05	0.05	0.05	0.85	0.05	0.85	0.05	0.05	0.05	0.85	0.05	0.05	0.05	0.85	0.05	0.05
3	35	14	right	right	1	0	0.05	0.05	0.05	0.85	0.05	0.85	0.05	0.05	0.05	0.85	0.05	0.05	0.05	0.85	0.05	0.05
3	36	11	right	left	0	2	0.05	0.05	0.05	0.85	0.05	0.85	0.05	0.05	0.05	0.85	0.05	0.05	0.05	0.85	0.05	0.05
3	37	10	right	right	1	0	0.05	0.05	0.05	0.85	0.05	0.85	0.05	0.05	0.05	0.85	0.05	0.05	0.05	0.85	0.05	0.05
3	38	10	left	right	0	1	0.05	0.05	0.05	0.85	0.05	0.85	0.05	0.05	0.05	0.85	0.05	0.05	0.05	0.85	0.05	0.05
3	39	15	middle	middle	1	0	0.05	0.05	0.05	0.85	0.05	0.85	0.05	0.05	0.05	0.85	0.05	0.05	0.05	0.85	0.05	0.05
3	40	16	left	left	1	0	0.05	0.05	0.05	0.85	0.05	0.85	0.05	0.05	0.05	0.85	0.05	0.05	0.05	0.85	0.05	0.05
3	41	9	middle	middle	1	0	0.05	0.05	0.05	0.85	0.05	0.85	0.05	0.05	0.05	0.85	0.05	0.05	0.05	0.85	0.05	0.05
3	42	17	middle	left	0	2	0.05	0.05	0.05	0.85	0.05	0.85	0.05	0.05	0.05	0.85	0.05	0.05	0.05	0.85	0.05	0.05
3	43	16	right	right	1	0	0.05	0.05	0.05	0.85	0.05	0.85	0.05	0.05	0.05	0.85	0.05	0.05	0.05	0.85	0.05	0.05
3	44	8	right	middle	0	1	0.05	0.05	0.05	0.85	0.05	0.85	0.05	0.05	0.05	0.85	0.05	0.05	0.05	0.85	0.05	0.05
3	45	9	left	left	1	0	0.05	0.05	0.05	0.85	0.05	0.85	0.05	0.05	0.05	0.85	0.05	0.05	0.05	0.85	0.05	0.05
3	46	14	middle	right	0	2	0.05	0.05	0.05	0.85	0.05	0.85	0.05	0.05	0.05	0.85	0.05	0.05	0.05	0.85	0.05	0.05
3	47	6	right	right	1	0	0.05	0.05	0.05	0.85	0.05	0.85	0.05	0.05	0.05	0.85	0.05	0.05	0.05	0.85	0.05	0.05
3	48	12	middle	middle	1	0	0.05	0.05	0.05	0.85	0.05	0.85	0.05	0.05	0.05	0.85	0.05	0.05	0.05	0.85	0.05	0.05
3	49	22	left	left	1	0	0.05	0.05	0.05	0.85	0.05	0.85	0.05	0.05	0.05	0.85	0.05	0.05	0.05	0.85	0.05	0.05
3	50	14	middle	middle	1	0	0.05	0.05	0.05	0.85	0.05	0.85	0.05	0.05	0.05	0.85	0.05	0.05	0.05	0.85	0.05	0.05
