Trial	naoDecision	errpDetector	x01	x12	x32	x00	x33	x30	x31	x21	x02	x20	x13	x23	x22	x10	x03	x11
0	left	noError	0.227272727273	0.269230769231	0.28125	0.227272727273	0.21875	0.21875	0.28125	0.233333333333	0.227272727273	0.233333333333	0.346153846154	0.233333333333	0.3	0.192307692308	0.318181818182	0.192307692308
1	left	noError	0.162337662338	0.335664335664	0.293269230769	0.162337662338	0.245192307692	0.245192307692	0.216346153846	0.196078431373	0.376623376623	0.313725490196	0.314685314685	0.254901960784	0.235294117647	0.174825174825	0.298701298701	0.174825174825
2	left	noError	0.108225108225	0.27972027972	0.262179487179	0.108225108225	0.296794871795	0.230128205128	0.210897435897	0.150829562594	0.384415584416	0.47209653092	0.262237762238	0.196078431373	0.180995475113	0.229020979021	0.399134199134	0.229020979021
3	left	noError	0.173520923521	0.414085914086	0.301816239316	0.0901875901876	0.247329059829	0.191773504274	0.259081196581	0.147546801526	0.40367965368	0.395350900541	0.258741258741	0.17416378316	0.282938514772	0.163586413586	0.332611832612	0.163586413586
4	left	noError	0.266800659658	0.472373780066	0.287011599512	0.0644197072769	0.248092185592	0.20840964591	0.256486568987	0.176819143947	0.3597711812	0.425250643244	0.275954814416	0.195831273686	0.202098939123	0.125835702759	0.309008451866	0.125835702759
5	right	noError	0.377867106439	0.395513988274	0.26091963592	0.176279804851	0.225538350538	0.189463314463	0.324078699079	0.147349286623	0.239847454133	0.521042202703	0.221149890833	0.163192728072	0.168415782603	0.0740210016228	0.206005634577	0.30931511927
6	left	noError	0.444513158799	0.330342658849	0.200707412246	0.135599849886	0.173491038876	0.299587164972	0.326214383907	0.176678061873	0.261421118564	0.372173001931	0.280766593889	0.187994805765	0.26315413043	0.0493473344152	0.158465872752	0.339543412847
7	right	noError	0.404102871635	0.358618882375	0.250442132654	0.123272590805	0.358431899297	0.187241978107	0.203883989942	0.235423788671	0.237655562331	0.295108126207	0.317305494907	0.179996753603	0.289471331519	0.0411227786793	0.234968975229	0.282952844039
8	left	noError	0.420085726363	0.39901348741	0.156526332909	0.102727159004	0.349019937061	0.179526236317	0.314927493714	0.258018298978	0.281379635276	0.303929327851	0.369503924934	0.215382118156	0.222670255015	0.0293734133424	0.195807479357	0.202109174313
9	right	noError	0.472805205784	0.285009633865	0.142514629394	0.0933883263675	0.471677742812	0.0997367979539	0.286070829841	0.215015249148	0.255799668432	0.253274439876	0.40678851781	0.262818431797	0.268891879179	0.0924095809588	0.178006799416	0.215792267367
10	right	noError	0.517542465988	0.34643545276	0.173224735281	0.148760251052	0.479769816294	0.142669141396	0.204336307029	0.296439463677	0.196768975717	0.252338885626	0.433420369864	0.187727451284	0.263494199413	0.066006843542	0.136928307243	0.154137333833
11	right	noError	0.369673189991	0.4553628773	0.144353946068	0.177685893608	0.483141513578	0.118890951163	0.253613589191	0.233199684516	0.354834982655	0.38372875625	0.361183641553	0.169251441932	0.213820117302	0.0550057029517	0.0978059337449	0.128447778194
12	middle	noError	0.438210146147	0.636908584867	0.131230860061	0.136681456622	0.439219557798	0.108082682876	0.321466899265	0.208249802822	0.272949986658	0.427330472657	0.240789094369	0.168282151207	0.196137573314	0.0366704686345	0.152158410573	0.0856318521297
13	left	noError	0.337084727806	0.669916895334	0.128461588923	0.105139582017	0.521788643221	0.115601490486	0.234148277369	0.160192156017	0.286884605121	0.559484978967	0.218899176699	0.129447808621	0.150875056395	0.0333367896677	0.270891085056	0.0778471382997
14	left	noError	0.336219021389	0.724930746111	0.152307725949	0.0808766015514	0.547859095481	0.143734326991	0.156098851579	0.173461437345	0.297603542401	0.572989985978	0.182415980583	0.0862985390806	0.167250037597	0.0277806580564	0.285300834659	0.0648726152497
15	middle	noError	0.412476170299	0.784254206092	0.108791232821	0.0622127704242	0.605613639629	0.102667376422	0.182927751128	0.195329598103	0.30584887877	0.55213570427	0.143074807511	0.133070385058	0.119464312569	0.0217892768564	0.219462180507	0.0508817095407
16	right	noError	0.343730141916	0.82252577602	0.160608640631	0.0518439753535	0.619702799715	0.0789749049401	0.140713654714	0.291370351826	0.421540732308	0.383609237806	0.117694486526	0.195923755916	0.129096654452	0.0179240342587	0.182885150422	0.0418557031956
17	left	ERROR	0.270811268796	0.912251972952	0.446896891709	0.0576044170594	0.333075536355	0.21974931985	0.000278252085288	0.239212939782	0.468378591454	0.354511547257	0.000146540433841	0.244904694895	0.161370818066	0.0262659575645	0.203205722691	0.0613355290499
18	right	noError	0.208316360612	0.919323140514	0.455747409758	0.0443110900457	0.360896280296	0.183124433209	0.00023187673774	0.258360552813	0.591060454964	0.385006792504	0.000134731484999	0.261708644056	0.0949240106268	0.0241493175285	0.156312094378	0.0563928104723
19	left	noError	0.23716643124	0.925339082752	0.504421084429	0.0340854538813	0.354535600228	0.140864948622	0.000178366721339	0.286475345508	0.531584965357	0.428129245315	0.000124684777225	0.226067902535	0.0593275066417	0.0223485421852	0.197163149521	0.0521876902853
20	left	noError	0.259358793261	0.784505461033	0.587017570358	0.103142656832	0.295446333523	0.117387457185	0.000148638934449	0.390983563672	0.485834588736	0.352086163543	9.78256712078e-05	0.21737860169	0.0395516710945	0.0959926987636	0.15166396117	0.119404014532
21	right	noError	0.382798994385	0.659828166387	0.587017570358	0.0859522140265	0.295446333523	0.117387457185	0.000148638934449	0.527322375781	0.40486215728	0.301390775696	6.45545887175e-05	0.144919067793	0.0263677807297	0.129334436494	0.126386634309	0.21077284253
22	right	noError	0.448306918757	0.649255429634	0.533652336689	0.0661170877127	0.359496666839	0.106715870168	0.000135126304044	0.484881583854	0.3883555056	0.33426051713	4.19166088936e-05	0.163279378529	0.0175785204864	0.0839794830808	0.0972204879297	0.266723170676
23	right	noError	0.53450494197	0.593284643521	0.485138487899	0.118655062652	0.326815151672	0.187923518335	0.000122842094586	0.417772559896	0.277396789714	0.381614655093	2.61978805585e-05	0.188056698949	0.0125560860617	0.0524871769255	0.0694432056641	0.354201981672
24	left	ERROR	0.390841569949	0.488807739202	0.481423109874	0.197758437753	0.40851893959	0.109904397918	0.000153552618232	0.635545119792	0.295661316191	0.163229310186	4.36631342641e-05	0.176113397898	0.0251121721235	0.0874786282092	0.115738676107	0.423669969454
25	right	noError	0.409034641624	0.459205159468	0.415302221338	0.164798698128	0.434656385421	0.149931712799	0.000109680441595	0.453960799851	0.329717763492	0.188020935847	2.91087561761e-05	0.340080998499	0.0179372658025	0.0583190854728	0.0964488967557	0.482446646303
26	left	noError	0.371849674204	0.474503224668	0.473309401029	0.149816998298	0.334351065709	0.192255163691	8.43695704573e-05	0.502640533234	0.299743421357	0.125347290565	1.81929726101e-05	0.360053998999	0.0119581772017	0.0364494284205	0.178589906142	0.489029153939
27	right	noError	0.338045158367	0.595771711283	0.515539600686	0.13619727118	0.356234043806	0.128170109128	5.62463803049e-05	0.439150333271	0.363403110324	0.140842056603	1.39945943154e-05	0.412533749375	0.00747386075104	0.0280380218619	0.162354460129	0.376176272261
28	middle	noError	0.281704298639	0.612132085602	0.511099714776	0.113497725983	0.39731003129	0.0915500779483	4.01759859321e-05	0.461968958295	0.469502591937	0.150526285377	1.07650725503e-05	0.382833593359	0.0046711629694	0.0215677091246	0.135295383441	0.366289440201
29	right	ERROR	0.201893665155	0.950027785845	0.51387464347	0.126108584426	0.371637539112	0.114437597435	5.02199824151e-05	0.376701316289	0.521669546596	0.216451026132	2.48151463978e-05	0.406703861414	0.000143796165294	0.0497168836428	0.150328203823	0.000230515366077
30	left	noError	0.168244720962	0.952401622329	0.446171652169	0.105090487022	0.419773461945	0.134023498397	3.13874890094e-05	0.317800877526	0.60139128883	0.210967350755	2.36363493225e-05	0.471135907609	9.58641101961e-05	0.0473551761562	0.125273503186	0.00021956516514
31	middle	noError	0.191603372116	0.954559950941	0.403857282605	0.217921776444	0.449858413716	0.146264686498	1.96171806309e-05	0.227000626804	0.500993777736	0.222119536253	2.25645689066e-05	0.550811362578	6.84743644258e-05	0.045207875416	0.0894810737041	0.000209609074171
32	left	noError	0.194402248077	0.95653084458	0.310659448158	0.278614517629	0.422968010551	0.266357451152	1.50901389468e-05	0.284667084536	0.467329185157	0.214746357502	2.15858647403e-05	0.500540908385	4.56495762839e-05	0.0432470519585	0.059654049136	0.000200517596509
33	right	noError	0.210287320055	0.958337703205	0.221899605827	0.270438941164	0.444977150393	0.333112465109	1.07786706763e-05	0.27476220324	0.476663703684	0.224818826787	2.06886168986e-05	0.500386363132	3.26068402028e-05	0.0414494253868	0.0426100350972	0.000192182791169
34	right	noError	0.238682553889	0.87590489175	0.229928289877	0.208029954741	0.460697964567	0.309366046506	7.69905048308e-06	0.316508135493	0.520510541295	0.216545884525	1.81230730523e-05	0.466924242088	2.17378934685e-05	0.123908634495	0.0327769500747	0.000168350681964
35	left	ERROR	0.198117934127	0.844881114687	0.677451122481	0.297185649631	0.000294635828781	0.322231557529	2.26841611991e-05	0.309297336419	0.45787220185	0.309351263607	2.26538413154e-05	0.38132034584	3.10541335264e-05	0.154885793119	0.0468242143925	0.000210438352454
36	right	noError	0.152398410867	0.865700130721	0.647875935401	0.305527422793	0.000245529857318	0.351859631275	1.89034676659e-05	0.358410197894	0.506055539885	0.299618390357	1.96133947276e-05	0.341953144612	1.82671373685e-05	0.134098061156	0.0360186264558	0.000182194728701
37	left	noError	0.271075700667	0.881590650011	0.7065632795	0.235021094456	0.000204608214432	0.293216359395	1.57528897216e-05	0.269653057584	0.466196569142	0.35271670021	1.72927146783e-05	0.377619496831	1.07453749226e-05	0.118231420042	0.0277066357352	0.000160637233028
38	right	noError	0.231922312917	0.894117535555	0.7065632795	0.271888184035	0.000204608214432	0.293216359395	1.57528897216e-05	0.29353316099	0.478872855714	0.470447937631	1.54632657578e-05	0.236012185519	6.71585932665e-06	0.105723358248	0.0173166473345	0.000143642931206
39	left	noError	0.221281541944	0.828431279629	0.733239345	0.181258789357	0.000186007467665	0.266560326723	1.43208088378e-05	0.2314900947	0.585915237143	0.570851728018	1.28860547981e-05	0.197654226776	3.95050548627e-06	0.171436131874	0.0115444315563	0.000119702442672
40	middle	noError	0.280854361296	0.853543916805	0.733239345	0.120839192904	0.000186007467665	0.266560326723	1.43208088378e-05	0.216795048773	0.590610158095	0.653936189146	1.09999136759e-05	0.129266178444	2.58363686658e-06	0.146342901772	0.00769628770422	0.00010218150992
41	left	noError	0.30053397581	0.872242067415	0.757490313637	0.138024495565	0.000169097697877	0.242327569748	1.30189171253e-05	0.219089196005	0.556631348809	0.691511082431	9.59554700078e-06	0.0893979347713	1.78679220544e-06	0.127659201113	0.00481017981514	8.91359250569e-05
42	left	noError	0.357524268436	0.886705064636	0.779536648761	0.0985889254038	0.000153725179888	0.22029779068	1.18353792048e-05	0.211543052517	0.540450963435	0.66289269853	8.50927105065e-06	0.125563064383	1.18456996377e-06	0.113207380912	0.0034358427251	7.9045180707e-05
43	left	noError	0.46966019174	0.898225430457	0.732947207301	0.141849232431	0.000128104316574	0.266914825567	9.86281600402e-06	0.207695368345	0.386036402454	0.57526179902	7.64400805315e-06	0.217042042922	7.8971330918e-07	0.101695918043	0.00245417337507	7.10074922153e-05
44	left	noError	0.478328708386	0.907618300035	0.732947207301	0.101320880308	0.000128104316574	0.266914825567	9.86281600402e-06	0.317309605215	0.418597430324	0.547038624388	6.93853544819e-06	0.135651276826	4.93570818238e-07	0.092310307285	0.00175298098219	6.44541447887e-05
45	middle	noError	0.555949077418	0.838644088917	0.75722473391	0.0723720573629	0.000116458469612	0.242649841424	8.96619636729e-06	0.344873070144	0.370426735946	0.564692416258	5.81954369374e-06	0.0904341845508	3.29047212158e-07	0.161296032046	0.001252129273	5.40594934826e-05
46	middle	noError	0.596317343108	0.861050514755	0.779295212645	0.0657927794208	0.000105871336011	0.220590764931	8.15108760662e-06	0.496984158908	0.336751578133	0.390995538975	5.01142223536e-06	0.112020108559	1.93557183623e-07	0.138897921213	0.00113829933909	4.65526099516e-05
47	left	ERROR	0.620396678884	0.902626286887	0.754772458495	0.082240974276	0.00011763481779	0.245100849924	9.05676400736e-06	0.24246039727	0.295939472666	0.727488847439	1.25285555884e-05	0.0300502713983	4.83892959056e-07	0.0972448030324	0.00142287417386	0.000116381524879
48	middle	noError	0.575247924303	0.911258501913	0.754772458495	0.113900608923	0.00011763481779	0.245100849924	9.05676400736e-06	0.190551927168	0.309962170416	0.785830899067	1.14178945861e-05	0.0236167934695	3.80296068674e-07	0.0886240159317	0.000889296358662	0.000106064260438
49	middle	noError	0.583498616202	0.841212427472	0.68615678045	0.0759337392817	0.000106940743446	0.313728045385	8.23342182487e-06	0.221108560396	0.339974780277	0.760918888733	9.60583540492e-06	0.0179722614684	2.89403402305e-07	0.158688735195	0.000592864239108	8.92314971405e-05
