Trial	nTrans	naoDecision	humanDecision	guessCorr	errpDetector	x01	x12	x32	x00	x33	x30	x31	x21	x02	x20	x13	x23	x22	x10	x03	x11
1	32	right	middle	0	noError	0.416666666667	0.145833333333	0.34375	0.194444444444	0.21875	0.28125	0.15625	0.321428571429	0.138888888889	0.321428571429	0.229166666667	0.178571428571	0.178571428571	0.229166666667	0.25	0.395833333333
2	20	middle	middle	1	noError	0.362745098039	0.153645833333	0.418269230769	0.232026143791	0.168269230769	0.216346153846	0.197115384615	0.372448979592	0.140522875817	0.372448979592	0.143229166667	0.127551020408	0.127551020408	0.330729166667	0.264705882353	0.372395833333
3	19	left	right	0	noError	0.351715686275	0.158528645833	0.370192307692	0.270016339869	0.191620879121	0.225961538462	0.212225274725	0.363422291994	0.150326797386	0.440345368917	0.214518229167	0.0981161695447	0.0981161695447	0.331705729167	0.227941176471	0.295247395833
4	29	right	middle	0	ERROR	0.505814064987	0.59065584873	0.348844280868	0.000978067007179	0.392766563205	0.258184185275	0.000204970650906	0.37525407362	0.492229800999	0.484833630279	0.0540929175634	0.000142453423657	0.139769842677	0.000372586194517	0.000978067007179	0.354878647512
5	9	left	left	1	ERROR	0.507267581234	0.48442641455	0.348844280868	0.00122258375897	0.392766563205	0.258184185275	0.000204970650906	0.393220105171	0.490287251248	0.406905186113	0.0901548626056	0.000203504890938	0.199671203825	0.000620976990862	0.00122258375897	0.424797745854
6	17	middle	right	0	ERROR	0.724667973191	0.461066036375	0.348844280868	0.00174654822711	0.392766563205	0.258184185275	0.000204970650906	0.466100525857	0.271838930355	0.0345259305645	0.225387156514	0.00101752445469	0.498356019124	0.00155244247715	0.00174654822711	0.311994364634
7	13	left	right	0	ERROR	0.805186636879	0.601776727292	0.276493645409	0.00194060914123	0.43640729245	0.286871316973	0.000227745167673	0.553668419524	0.190932144838	0.115086435215	0.0423119275234	0.0033917481823	0.327853397079	0.00258740412859	0.00194060914123	0.353323941056
8	8	left	right	0	ERROR	0.805186636879	0.573966753274	0.276493645409	0.00194060914123	0.43640729245	0.286871316973	0.000227745167673	0.507336839049	0.190932144838	0.23017287043	0.0604456107477	0.00678349636461	0.255706794157	0.00369629161227	0.00194060914123	0.361891344366
9	16	left	middle	0	ERROR	0.721695195542	0.730312476728	0.276493645409	0.00277229877318	0.43640729245	0.286871316973	0.000227745167673	0.678894731748	0.272760206912	0.0502881173828	0.25375069007	0.0113058272743	0.259511323595	0.015517033176	0.00277229877318	0.00041980002672
10	10	right	left	0	ERROR	0.721695195542	0.550520794546	0.276493645409	0.00277229877318	0.43640729245	0.286871316973	0.000227745167673	0.447236829369	0.272760206912	0.125720293457	0.422917816783	0.0282645681859	0.398778308988	0.02586172196	0.00277229877318	0.0006996667112
11	11	right	left	0	noError	0.721695195542	0.500400611189	0.313744704508	0.00277229877318	0.447006077042	0.239059430811	0.000189787639728	0.467023018356	0.272760206912	0.0785751834106	0.479167551371	0.0176653551162	0.436736443118	0.0198936322769	0.00277229877318	0.000538205162462
12	7	left	middle	0	ERROR	0.690772439491	0.500500763986	0.305349577868	0.0030803319702	0.352865824346	0.341513472587	0.000271125199611	0.407803353728	0.303066896569	0.0873057593451	0.473959439214	0.0196281723513	0.485262714575	0.0248670403461	0.0030803319702	0.000672756453077
13	5	left	middle	0	ERROR	0.690772439491	0.500500763986	0.508915963114	0.0030803319702	0.0881097072427	0.402522454311	0.000451875332685	0.415925620939	0.303066896569	0.0890446383906	0.473959439214	0.000101991711725	0.494927748958	0.0248670403461	0.0030803319702	0.000672756453077
14	8	right	middle	0	ERROR	0.767524932768	0.625625954983	0.565462181237	0.003422591078	0.0978996747141	0.336136060346	0.000502083702983	0.359876034899	0.225629885076	0.148407730651	0.342449299018	0.000169986186208	0.491546248264	0.0310838004326	0.003422591078	0.000840945566346
15	6	right	middle	0	ERROR	0.767524932768	0.58402883887	0.517180201375	0.003422591078	0.108777416349	0.373484511495	0.000557870781092	0.433126724832	0.225629885076	0.0806795510849	0.380499221131	0.000283310310347	0.485910413773	0.0345375560363	0.003422591078	0.000934383962607
16	5	middle	left	0	ERROR	0.767524932768	0.58402883887	0.517180201375	0.003422591078	0.108777416349	0.373484511495	0.000557870781092	0.666253449663	0.225629885076	0.16135910217	0.380499221131	0.000566620620694	0.171820827546	0.0345375560363	0.003422591078	0.000934383962607
17	5	middle	left	0	ERROR	0.767524932768	0.537809820967	0.463533557083	0.003422591078	0.120863795943	0.41498279055	0.000619856423436	0.666076356662	0.225629885076	0.2305130031	0.422776912368	0.000809458029563	0.102601182209	0.0383750622625	0.003422591078	0.0010382044029
18	6	middle	middle	1	noError	0.806270777306	0.448174850806	0.386277964236	0.00285215923167	0.184053163286	0.429152325458	0.00051654701953	0.666076356662	0.18802490423	0.2305130031	0.518980760306	0.000809458029563	0.102601182209	0.0319792185521	0.00285215923167	0.000865170335747
19	13	left	left	1	noError	0.717479214498	0.421672962158	0.32189830353	0.00204656962212	0.236710969405	0.440960271215	0.000430455849608	0.512366428201	0.278427646258	0.408086925461	0.553062123313	0.000622660022741	0.0789239863148	0.0245993988862	0.00204656962212	0.000665515642882
20	13	left	left	1	noError	0.705753241922	0.444052115827	0.351581919608	0.00157428432471	0.197259141171	0.450800226013	0.000358713208007	0.437404591572	0.291098189429	0.505776375329	0.537901516652	0.000444757159101	0.0563742759391	0.0175709992044	0.00157428432471	0.000475368316345
21	8	right	right	1	noError	0.772632619723	0.572347781406	0.351581919608	0.0012164650685	0.197259141171	0.450800226013	0.000358713208007	0.36450382631	0.22493445014	0.588146979441	0.413770397425	0.000370630965917	0.0469785632826	0.0135161532342	0.0012164650685	0.00036566793565
22	10	middle	middle	1	noError	0.748178938248	0.594113678004	0.410529017826	0.000935742360382	0.179326491974	0.409818387284	0.00032610291637	0.2803875587	0.249949577031	0.683189984186	0.395207998019	0.000285100743013	0.0361373563712	0.0103970409494	0.000935742360382	0.000281283027423
23	1	middle	right	0	noError	0.748178938248	0.54010334364	0.410529017826	0.000935742360382	0.179326491974	0.409818387284	0.00032610291637	0.2803875587	0.249949577031	0.683189984186	0.450189089108	0.000285100743013	0.0361373563712	0.00945185540853	0.000935742360382	0.000255711843112
24	11	middle	left	0	ERROR	0.99696764833	0.42512917955	0.410529017826	0.00143927055543	0.179326491974	0.409818387284	0.00032610291637	0.1607751174	0.000153810559014	0.766379968371	0.562736361385	0.000570201486027	0.0722747127425	0.0118148192607	0.00143927055543	0.00031963980389
25	8	left	left	1	noError	0.996976514254	0.403945522731	0.342107514855	0.00143506244767	0.149438743311	0.508181989404	0.000271752430308	0.146159197637	0.000153360851066	0.787618153065	0.586720277989	0.000518364987297	0.0657042843113	0.0090883225082	0.00143506244767	0.000245876772223
26	12	middle	right	0	ERROR	0.994960857089	0.434207889616	0.302634393569	0.00239177074611	0.186798429139	0.510227486754	0.000339690537885	0.208798853767	0.000255601418444	0.696597361521	0.552457539984	0.000740521410424	0.0938632633019	0.0129833178689	0.00239177074611	0.000351252531747
27	11	right	right	1	noError	0.99498562381	0.381577064011	0.335528661307	0.00238001550938	0.155665357616	0.508522905629	0.000283075448238	0.173999044806	0.000254345171294	0.747164467934	0.608898242845	0.000617101175353	0.0782193860849	0.00927379847775	0.00238001550938	0.000250894665533
28	14	middle	middle	1	noError	0.99501014583	0.415412188579	0.362940551089	0.00236837641671	0.129721131347	0.507102421357	0.000235896206865	0.138895273864	0.000253101336114	0.798173257169	0.577784459175	0.000492602915426	0.0624388660517	0.00662414176982	0.00236837641671	0.000179210475381
29	7	right	right	1	noError	0.995034426759	0.550317068138	0.362940551089	0.00235685175533	0.129721131347	0.507102421357	0.000235896206865	0.199079394887	0.000251869729865	0.748477714307	0.444449583981	0.000410502429522	0.0520323883764	0.00509549366909	0.00235685175533	0.000137854211832
30	13	right	right	1	noError	0.995058470135	0.607369334384	0.420855046445	0.00234543984598	0.117928301224	0.461002201234	0.00021445109715	0.15908250729	0.00025065017309	0.799010862625	0.388892559986	0.000328028703192	0.0415786013813	0.00363963833507	0.00234543984598	9.84672941654e-05
31	8	left	left	1	ERROR	0.993823087669	0.43909904912	0.420855046445	0.00293179980747	0.117928301224	0.461002201234	0.00021445109715	0.2272607247	0.000313312716363	0.712872660893	0.555560799981	0.000468612433132	0.0593980019732	0.00519948333581	0.00293179980747	0.000140667563093
32	10	middle	right	0	ERROR	0.991175839527	0.484427213029	0.526068808056	0.00418828543925	0.14741037653	0.326252751542	0.000268063871437	0.159075905875	0.000447589594804	0.766090826117	0.507943999972	0.000585765541415	0.0742475024665	0.00742783333687	0.00418828543925	0.000200953661562
33	16	middle	right	0	ERROR	0.985293065878	0.368854426058	0.53258601007	0.00698047573208	0.184262970663	0.282815939428	0.000335079839296	0.302510507455	0.000745982658007	0.696185390074	0.615887999945	0.00111393507526	0.000190167395741	0.0148556666737	0.00698047573208	0.000401907323124
34	14	right	right	1	noError	0.985504796362	0.406324590042	0.45184715005	0.00687998031289	0.203044979045	0.344868528163	0.000239342742355	0.252092089546	0.00073524301177	0.746821158395	0.582777142818	0.000928279229382	0.000158472829784	0.0106111904812	0.00687998031289	0.000287076659374
35	8	middle	right	0	ERROR	0.981880995453	0.294749414345	0.45184715005	0.00859997539111	0.203044979045	0.344868528163	0.000239342742355	0.217274413637	0.000919053764713	0.781173083422	0.689681632597	0.00132611318483	0.000226389756835	0.0151588435446	0.00859997539111	0.000410109513392
36	16	right	right	1	noError	0.982201703047	0.329832942897	0.501420884654	0.00844775525083	0.156188445419	0.342206560125	0.000184109801811	0.178279818622	0.000902786451538	0.820446308684	0.659787755064	0.00108811347874	0.000185759216241	0.0101058956964	0.00844775525083	0.000273406342261
37	8	left	middle	0	ERROR	0.974573861495	0.412291178621	0.501776105817	0.0120682217869	0.195235556774	0.302758200157	0.000230137252264	0.198088687357	0.00128969493077	0.800495898537	0.57473469383	0.00120901497638	0.000206399129156	0.0126323696205	0.0120682217869	0.000341757927827
38	16	left	middle	0	ERROR	0.963676944993	0.361366597312	0.288251579739	0.0172403168384	0.278907938248	0.432511714509	0.000328767503234	0.000199198698279	0.00184242132967	0.996981314828	0.637881432869	0.00240834209495	0.000411144378539	0.000170222144725	0.0172403168384	0.000581747674516
39	14	left	left	1	ERROR	0.939461574989	0.43561099552	0.126073685341	0.0287338613974	0.398439911783	0.475016735013	0.000469667861763	0.000284569568971	0.00307070221612	0.995687592612	0.563135721448	0.00344048870707	0.000587349112199	0.000283703574542	0.0287338613974	0.000969579457526
40	10	right	middle	0	noError	0.942911890419	0.412008458092	0.173902834878	0.0270962091902	0.383415316757	0.442320565395	0.000361282970587	0.000283375874344	0.00289569120063	0.995705682029	0.587027478037	0.00342605676026	0.000584885336885	0.000218233518879	0.0270962091902	0.000745830351943
41	1	left	right	0	noError	0.942911890419	0.412008458092	0.158093486253	0.0270962091902	0.34855937887	0.493018695814	0.00032843906417	0.000283375874344	0.00289569120063	0.995705682029	0.587027478037	0.00342605676026	0.000584885336885	0.000218233518879	0.0270962091902	0.000745830351943
42	16	left	middle	0	noError	0.945989828018	0.408005638728	0.121610374041	0.0256353018019	0.26812259913	0.610014381395	0.000252645433977	0.000282192270233	0.00273956837772	0.995723618532	0.591351652025	0.0034117468093	0.000582442388308	0.000145489012586	0.0256353018019	0.000497220234629
43	12	left	middle	0	noError	0.948752584976	0.313850491329	0.14774024936	0.0243239912504	0.312081732754	0.540009587597	0.000168430289318	0.000281018629238	0.00259943252333	0.995741404053	0.685655116942	0.0033975573139	0.000580020003514	0.000111914625066	0.0243239912504	0.000382477103561
44	1	left	left	1	noError	0.948752584976	0.313850491329	0.1343093176	0.0243239912504	0.28371066614	0.581826897815	0.000153118444835	0.000281018629238	0.00259943252333	0.995741404053	0.685655116942	0.0033975573139	0.000580020003514	0.000111914625066	0.0243239912504	0.000382477103561
45	11	right	right	1	noError	0.868611601737	0.395269608715	0.122099379637	0.10800006118	0.2579187874	0.619842634377	0.000139198586213	0.000279854826093	0.00225812306	0.99575904049	0.604350089955	0.00338348675958	0.000577617923957	8.60881731277e-05	0.021130214022	0.000294213156585
46	11	middle	right	0	noError	0.883859501729	0.457899699011	0.201908526942	0.0954664269044	0.234471624909	0.563493303979	0.000126544169285	0.000278700737623	0.00199606312897	0.99577652971	0.541807761504	0.00336953365713	0.000575235895406	6.62216716367e-05	0.0186780082378	0.000226317812758
47	10	left	middle	0	ERROR	0.83408500247	0.368428141445	0.113231696603	0.136380609863	0.260524027676	0.626103671088	0.000140604632539	0.00039814391089	0.00285151875567	0.993966471014	0.631153945006	0.00481361951019	0.000821765564865	9.46023880525e-05	0.0266828689111	0.000323311161083
48	27	left	left	1	ERROR	0.670425012349	0.894760471483	0.334336614512	0.181903049317	0.00252678567648	0.659583822096	0.00355277771546	0.000497679888612	0.0142575937784	0.992458088768	0.103846483353	0.00601702438774	0.00102720695608	0.000315341293508	0.133414344555	0.00107770387028
49	12	middle	right	0	ERROR	0.540850024699	0.824600785805	0.334336614512	0.163806098634	0.00252678567648	0.659583822096	0.00355277771546	0.000710971269446	0.0285151875567	0.989225841097	0.173077472255	0.00859574912534	0.00146743850869	0.000525568822514	0.266828689111	0.00179617311713
50	9	left	middle	0	ERROR	0.486928606712	0.780750982257	0.260374016125	0.234008712334	0.00280753964054	0.73287091344	0.00394753079495	0.00101567324207	0.0407359822239	0.984608344424	0.216346840319	0.0122796416076	0.0020963407267	0.000656961028142	0.23832669873	0.00224521639641
