Trial	nTrans	naoDecision	humanDecision	guessCorr	errpDetector	x01	x12	x32	x00	x33	x30	x31	x21	x02	x20	x13	x23	x22	x10	x03	x11
1	29	left	middle	0	ERROR	0.111086425239	0.000285632676378	0.214285714286	0.333259275717	0.357142857143	0.0714285714286	0.357142857143	0.000665335994677	0.000222172850478	0.000665335994677	0.142816338189	0.998003992016	0.000665335994677	0.428449014567	0.555432126194	0.428449014567
2	31	middle	middle	1	ERROR	0.665823201835	0.000952108921261	0.000776569780342	0.000599374046291	0.443754160195	0.554692700244	0.000776569780342	0.000950479992396	0.00133164640367	0.000950479992396	0.142721127297	0.997148560023	0.000950479992396	0.0948300485576	0.332245777715	0.761496715224
3	21	left	right	0	ERROR	0.808318859764	0.0217013606319	0.00155313956068	0.000856248637559	0.487508320391	0.509385400488	0.00155313956068	0.000950479992396	0.00190235200524	0.000950479992396	0.973740051554	0.997148560023	0.000950479992396	0.00227929390717	0.188922539594	0.00227929390717
4	25	left	middle	0	ERROR	0.520797149409	0.0542534015798	0.46975451971	0.0021406215939	0.0302454802904	0.0302454802904	0.46975451971	0.000950479992396	0.0047558800131	0.000950479992396	0.934350128884	0.997148560023	0.000950479992396	0.00569823476792	0.472306348984	0.00569823476792
5	27	left	right	0	ERROR	0.578663499344	0.000406757712503	0.696152891313	0.00237846843766	0.301851100703	0.000998003992016	0.000998003992016	0.00190095998479	0.00528431112567	0.00190095998479	0.953237223497	0.994297120046	0.00190095998479	0.023178009395	0.413673721093	0.023178009395
6	16	right	middle	0	noError	0.526057726676	0.000406757712503	0.525227324279	0.00216224403424	0.473724212942	0.000524231389485	0.000524231389485	0.00189036847715	0.00480391920516	0.00189036847715	0.953237223497	0.994328894569	0.00189036847715	0.023178009395	0.466976110085	0.023178009395
7	14	left	middle	0	ERROR	0.526057726676	0.000451953013892	0.252273242792	0.00216224403424	0.737242129418	0.00524231389485	0.00524231389485	0.00315061412858	0.00480391920516	0.00315061412858	0.948041359442	0.990548157614	0.00315061412858	0.0257533437723	0.466976110085	0.0257533437723
8	16	left	middle	0	ERROR	0.526057726676	0.000502170015436	0.000403507680634	0.00216224403424	0.957290213902	0.0211531392087	0.0211531392087	0.00630122825715	0.00480391920516	0.00630122825715	0.942268177157	0.981096315229	0.00630122825715	0.0286148264136	0.466976110085	0.0286148264136
9	20	middle	middle	1	noError	0.52171477223	0.000474806075791	0.000324725980069	0.00180187002853	0.80467739043	0.177974728417	0.0170231551734	0.00630122825715	0.0040032660043	0.00630122825715	0.945414064142	0.981096315229	0.00630122825715	0.0270555648909	0.472480091737	0.0270555648909
10	21	left	right	0	ERROR	0.652143465287	0.000527562306434	0.00413666544009	0.00225233753567	0.00127389420434	0.993315546151	0.00127389420434	0.00630122825715	0.00500408250537	0.00630122825715	0.939348960158	0.981096315229	0.00630122825715	0.0300617387677	0.340600114671	0.0300617387677
11	20	left	middle	0	ERROR	0.979537072635	0.000753660437763	0.0206833272005	0.00626519681254	0.00636947102171	0.966577730756	0.00636947102171	0.00630122825715	0.0139195663464	0.00630122825715	0.913355657369	0.981096315229	0.00630122825715	0.0429453410967	0.000278164205556	0.0429453410967
12	21	middle	right	0	noError	0.97994544214	0.000693630630793	0.106486328272	0.00614016507707	0.00562017635633	0.882273319016	0.00562017635633	0.00618492880556	0.0136417797758	0.00618492880556	0.92025696584	0.981445213583	0.00618492880556	0.0395247017648	0.000272613006702	0.0395247017648
13	23	left	middle	0	noError	0.980337792792	0.000542050097	0.232604828587	0.00602003788282	0.00426537837875	0.758864414656	0.00426537837875	0.00607285555338	0.0133748897641	0.00607285555338	0.781389788642	0.98178143334	0.00607285555338	0.0308872870868	0.000267279561233	0.187180874174
14	27	right	right	1	noError	0.980715048999	0.000382126327086	0.248020881938	0.00590453220044	0.00318066009982	0.745617797863	0.00318066009982	0.0059647822486	0.0131182674971	0.0059647822486	0.704894467445	0.982105653254	0.0059647822486	0.0217744552274	0.000262151303121	0.272948951001
15	18	left	middle	0	ERROR	0.967858414999	0.000955315817715	0.370052204844	0.00984088700074	0.00795165024956	0.614044494657	0.00795165024956	0.00745597781075	0.0218637791618	0.00745597781075	0.762236168612	0.977632066568	0.00745597781075	0.0544361380685	0.000436918838536	0.182372377502
16	19	middle	middle	1	ERROR	0.954083449998	0.00136473688245	0.000434692277456	0.0140584100011	0.0345652095651	0.930434888592	0.0345652095651	0.0149119556215	0.0312339702312	0.0149119556215	0.660337383731	0.955264133136	0.0149119556215	0.0777659115265	0.000624169769337	0.26053196786
17	24	left	left	1	ERROR	0.846944833328	0.00976467755745	0.00217346138728	0.0468613666702	0.172826047826	0.652174442962	0.172826047826	0.0149119556215	0.104113234104	0.0149119556215	0.000715498912869	0.955264133136	0.0149119556215	0.556414251554	0.00208056589779	0.433105571975
18	14	right	middle	0	noError	0.867249680563	0.00502431137726	0.00217346138728	0.0406445697325	0.172826047826	0.652174442962	0.172826047826	0.0149119556215	0.090301199139	0.0149119556215	0.000368152384673	0.955264133136	0.0149119556215	0.514487950735	0.0018045505653	0.480119585503
19	17	left	middle	0	ERROR	0.557498935211	0.0586869654491	0.00217346138728	0.135481899108	0.172826047826	0.652174442962	0.172826047826	0.0149119556215	0.30100399713	0.0149119556215	0.00430024030301	0.955264133136	0.0149119556215	0.0011680598801	0.00601516855102	0.935844734368
20	14	right	right	1	noError	0.547915779342	0.0551540576365	0.00181121782273	0.11290158259	0.144021706521	0.710145369135	0.144021706521	0.0142747880812	0.334169997608	0.0142747880812	0.00404136931783	0.957175635756	0.0142747880812	0.00109774362087	0.00501264045918	0.939706829425
21	17	middle	right	0	ERROR	0.434894724178	0.0187297030702	0.00226402227841	0.141126978238	0.0550271331516	0.762681711418	0.180027133152	0.0144800395735	0.41771249701	0.000101437860171	0.756936473199	0.970938482993	0.0144800395735	0.205604120661	0.00626580057397	0.0187297030702
22	14	middle	middle	1	ERROR	0.599125022389	0.0267567186717	0.00350971556047	0.000178899510543	0.000155021246652	0.872276203722	0.124059059471	0.0181000494669	0.389486591542	0.000126797325214	0.795623533141	0.963673103741	0.0181000494669	0.150863029515	0.0112094865584	0.0267567186717
23	14	right	right	1	noError	0.599416681592	0.0222180864677	0.00311248802309	0.000119266340362	0.000137476033375	0.886731907663	0.110018128281	0.0174672646814	0.392991061028	0.000122364441294	0.830291073119	0.964943106196	0.0174672646814	0.125272753946	0.00747299103896	0.0222180864677
24	17	right	right	1	noError	0.666277787728	0.0189961669726	0.00256558678286	7.95108935747e-05	0.000113319855874	0.824205653211	0.17311544015	0.0168772871469	0.328660707352	0.000118231437489	0.854901135772	0.966127194269	0.0168772871469	0.107106530282	0.00498199402597	0.0189961669726
25	19	middle	middle	1	noError	0.54142361733	0.0152579793592	0.00218218858487	4.96943084842e-05	9.63854731325e-05	0.850476148611	0.147245277331	0.016325915185	0.455412942095	0.000114368879539	0.803133262792	0.967233800751	0.016325915185	0.166350778489	0.00311374626623	0.0152579793592
26	16	right	right	1	noError	0.641588163362	0.0117661711404	0.00189850644063	3.18864687568e-05	8.38554663852e-05	0.869914086776	0.128103551317	0.0158094795751	0.356382007627	0.00011075106324	0.771071597775	0.968270289786	0.0158094795751	0.205396059944	0.00199794254238	0.0117661711404
27	24	middle	middle	1	noError	0.602962589972	0.00769620130245	0.00142746357067	1.92282706137e-05	6.30498906427e-05	0.751812474146	0.246697012393	0.0153247618003	0.395813376667	0.000107355441728	0.654030235535	0.969243120958	0.0153247618003	0.33057736186	0.00120480509048	0.00769620130245
28	16	left	left	1	noError	0.468641726648	0.00699654663859	0.00114372072559	1.28188470758e-05	5.05172027896e-05	0.801145736406	0.197660025665	0.0148689269066	0.530542251111	0.000104162155137	0.685482032305	0.970157984032	0.0148689269066	0.300524874418	0.000803203393652	0.00699654663859
29	19	right	right	1	noError	0.510965721558	0.00466436442573	0.00095409105963	7.54049827988e-06	4.2141416572e-05	0.834115907127	0.164887860397	0.101677130958	0.48855426536	9.21999480102e-05	0.656988021536	0.885069321904	0.0131613471894	0.333683249612	0.000472472584501	0.00466436442573
30	23	middle	middle	1	ERROR	0.998138273074	0.00777394070954	0.0031803035321	2.42035035035e-05	0.000140471388573	0.780386357091	0.216292867989	0.00335426191646	0.000320980160796	0.00018439989602	0.594980035894	0.970138643809	0.0263226943788	0.389472082687	0.00151654326145	0.00777394070954
31	39	left	right	0	ERROR	0.050975494442	0.0123855256804	0.0173023946204	0.0123378555832	0.000764232524801	0.981389324325	0.00054404853014	0.00372695768495	0.163621224026	0.000204888773356	0.0123855256804	0.966820715343	0.0292474381987	0.0123855256804	0.773065425949	0.962843422959
32	11	middle	right	0	noError	0.050975494442	0.0119429604465	0.0173023946204	0.0123378555832	0.000764232524801	0.981389324325	0.00054404853014	0.00372695768495	0.163621224026	0.000204888773356	0.0119429604465	0.966820715343	0.0292474381987	0.0119429604465	0.773065425949	0.96417111866
33	27	right	right	1	ERROR	0.4012726049	0.000112592701005	0.0663006405022	0.0971220289858	0.50669105887	0.0663006405022	0.360707660126	0.00532422526422	0.50081817884	0.000292698247651	0.0134469017467	0.952601021919	0.0417820545696	0.0134469017467	0.000787187273597	0.972993603806
34	11	middle	right	0	noError	0.4012726049	0.000109642613409	0.0552505337519	0.0971220289858	0.505575882391	0.0552505337519	0.383923050105	0.00532422526422	0.50081817884	0.000292698247651	0.0130945739519	0.952601021919	0.0417820545696	0.0130945739519	0.000787187273597	0.973701209483
35	19	right	middle	0	ERROR	0.4012726049	0.00415331957489	0.110501067504	0.0971220289858	0.211151764783	0.110501067504	0.56784610021	0.00591580584913	0.50081817884	0.000325220275168	0.496029314046	0.947334468798	0.0464245050773	0.496029314046	0.000787187273597	0.00378805233272
36	14	left	middle	0	ERROR	0.501590756125	0.00519164946861	0.000172652570122	0.121402536232	0.191906378633	0.000172652570122	0.807748316227	0.00985967641522	0.37602272355	0.000542033791947	0.495036642558	0.912224114664	0.0773741751288	0.495036642558	0.000983984091996	0.0047350654159
37	13	left	right	0	ERROR	0.376988445157	0.0129791236715	0.000345305140244	0.15175317029	0.383812757266	0.000345305140244	0.615496632454	0.00985967641522	0.470028404438	0.000542033791947	0.237591606394	0.912224114664	0.0773741751288	0.737591606394	0.001229980115	0.0118376635397
38	25	right	left	0	noError	0.451325630104	0.00830765790202	0.000183243750351	0.101168780194	0.469014634811	0.000183243750351	0.530618877689	0.00906490301766	0.446685602959	0.000498341279102	0.34410082452	0.91929959419	0.0711371615129	0.640014483755	0.00081998674333	0.00757703382264
39	18	middle	right	0	ERROR	0.359036614435	0.016615315804	0.000366487500702	0.144526828848	0.538029269622	0.000366487500702	0.461237755377	0.0109352344843	0.495265147084	0.000601162387462	0.28820164904	0.988342970459	0.000120632669352	0.68002896751	0.00117140963333	0.0151540676453
40	19	left	right	0	ERROR	0.370052306336	0.0324582327192	0.00226128123102	0.206466898354	0.000617014557573	0.00226128123102	0.99486042298	0.000112465095198	0.421807352977	0.000676097851351	0.000195351283731	0.999075767407	0.000135669646426	0.937742750314	0.00167344233333	0.0296036656826
41	45	middle	right	0	ERROR	0.0506728766842	0.201876937204	0.0075376041034	0.0506728766842	0.00205671519191	0.0075376041034	0.982868076601	0.000562325475988	0.0506728766842	0.00338048925676	0.394369188387	0.995378837035	0.000678348232128	0.201876937204	0.847981369947	0.201876937204
42	20	right	left	0	ERROR	0.0633410958552	0.963550129332	0.0251253470113	0.0633410958552	0.00685571730637	0.0251253470113	0.942893588671	0.000624806084431	0.0633410958552	0.00375609917417	0.000945798093045	0.994865374483	0.00075372025792	0.0177520362875	0.809976712434	0.0177520362875
43	24	right	middle	0	noError	0.0633410958552	0.964828604992	0.108145768067	0.0633410958552	0.00592539266787	0.0217158234953	0.86421301577	0.000621676177683	0.0633410958552	0.00373728335205	0.000912624317148	0.994891095902	0.000749944567863	0.0171293853455	0.809976712434	0.0171293853455
44	21	middle	right	0	noError	0.0633410958552	0.966020319779	0.0952249779811	0.0633410958552	0.00521745229993	0.0191213105343	0.880436259185	0.000618577780902	0.0633410958552	0.00371865695598	0.00088170180487	0.994916558374	0.000746206889118	0.016548989208	0.809976712434	0.016548989208
45	16	left	middle	0	ERROR	0.079176369819	0.943367199632	0.00019806882028	0.079176369819	0.0103341462191	0.0378733541974	0.951594430763	0.00103721853159	0.079176369819	0.00016767794829	0.00146950300812	0.997543879118	0.00125122440167	0.0275816486801	0.762470890543	0.0275816486801
46	15	left	middle	0	ERROR	0.079176369819	0.886734399263	0.00039613764056	0.079176369819	0.0206682924383	0.0757467083948	0.903188861526	0.00207443706319	0.079176369819	0.00033535589658	0.00293900601623	0.995087758237	0.00250244880334	0.0551632973601	0.762470890543	0.0551632973601
47	23	left	middle	0	noError	0.137827976784	0.824207345966	0.000305494129576	0.0609048998608	0.0159390104897	0.212650836577	0.771104658804	0.00206450217958	0.0609048998608	0.000333749811797	0.00242259260768	0.995111283921	0.00249046408805	0.12789951946	0.740362223495	0.0454705419661
48	19	right	right	1	noError	0.11485664732	0.783809483294	0.000248612701671	0.0507540832173	0.0129712491213	0.173056349945	0.813723788232	0.00205466298192	0.0507540832173	0.000332159195716	0.00189904096415	0.995134583021	0.00247859480127	0.178647669358	0.783635186245	0.0356438063842
49	22	right	right	1	noError	0.0872595287207	0.659525265135	0.000209591710915	0.11453172769	0.0109353475416	0.145894301562	0.842960759186	0.00204491809451	0.0385591734178	0.000330583825939	0.00125259075446	0.995157658796	0.00246683928346	0.31571180222	0.759649570171	0.0235103418902
50	19	left	left	1	noError	0.13971980501	0.59970329071	0.000181160516924	0.0854554679792	0.0094519635568	0.126103684977	0.864263190949	0.0020352661679	0.0287701257613	0.000329023484312	0.000782869221537	0.995180514441	0.00245519590675	0.384819876388	0.746054601249	0.0146939636813
