Trial	naoDecision	errpDetector	x01	x12	x32	x00	x33	x30	x31	x21	x02	x20	x13	x23	x22	x10	x03	x11
0	middle	ERROR	0.0714285714286	0.599760095962	0.277777777778	0.357142857143	0.277777777778	0.277777777778	0.166666666667	0.0714285714286	0.214285714286	0.357142857143	0.199920031987	0.357142857143	0.214285714286	0.000399840063974	0.357142857143	0.199920031987
1	right	noError	0.047619047619	0.599760095962	0.251851851852	0.304761904762	0.318518518519	0.318518518519	0.111111111111	0.047619047619	0.342857142857	0.371428571429	0.199920031987	0.371428571429	0.209523809524	0.000399840063974	0.304761904762	0.199920031987
2	right	noError	0.0297619047619	0.599760095962	0.322751322751	0.377976190476	0.227513227513	0.37037037037	0.0793650793651	0.031746031746	0.339285714286	0.380952380952	0.199920031987	0.380952380952	0.206349206349	0.000399840063974	0.252976190476	0.199920031987
3	middle	noError	0.0186011904762	0.599760095962	0.281834215168	0.486235119048	0.285008818342	0.38024691358	0.0529100529101	0.0226757369615	0.274553571429	0.343537414966	0.199920031987	0.414965986395	0.218820861678	0.000399840063974	0.220610119048	0.199920031987
4	right	ERROR	0.000141433665927	0.571085851374	0.377192193585	0.687700153893	0.381440916667	0.241233054971	0.000133834777073	0.0453514739229	0.000141433665927	0.287074829932	0.285600045696	0.429931972789	0.237641723356	0.000571200091392	0.312016978775	0.142742902839
5	middle	ERROR	0.00125830835918	0.63453983486	0.572486139168	0.000889680933416	0.427158956433	0.000151775712463	0.000203128686426	0.000104739622287	0.00125830835918	0.300681092551	0.206222272996	0.450309124389	0.248905043438	0.000634666768213	0.996593702348	0.158603225377
6	right	noError	0.00125416172721	0.63453983486	0.465887231	0.000886749077025	0.533923258336	8.10446874031e-05	0.000108465976716	6.98264148577e-05	0.00125416172721	0.267120728367	0.206222272996	0.500206082926	0.232603362292	0.000634666768213	0.996604927469	0.158603225377
7	right	ERROR	0.00139351303023	0.63453983486	0.995625190107	0.00098527675225	0.00151110492123	0.00122467025974	0.00163903471201	0.000116377358096	0.00139351303023	0.278534547278	0.206222272996	0.500343471543	0.22100560382	0.000634666768213	0.996227697187	0.158603225377
8	middle	ERROR	0.00199073290033	0.63453983486	0.989062975268	0.0014075382175	0.00377776230307	0.00306167564936	0.00409758678002	0.000276059998145	0.00199073290033	0.000237211088704	0.206222272996	0.475236929994	0.524249798919	0.000634666768213	0.994610995982	0.158603225377
9	middle	noError	0.00199073290033	0.667763486236	0.989180229389	0.0014075382175	0.00373726150768	0.00302885190634	0.00405365719672	0.000145294735866	0.00199073290033	0.000124847941423	0.187474793632	0.513282594734	0.486447262589	0.000576969789285	0.994610995982	0.144184750342
10	middle	noError	0.00199073290033	0.697966805669	0.989294984698	0.0014075382175	0.00369762382843	0.0029967276731	0.00401066380078	8.1323922759e-05	0.00199073290033	6.987950585e-05	0.170431630575	0.55966095318	0.440187843391	0.000524517990259	0.994610995982	0.131077045766
11	middle	ERROR	0.00199073290033	0.697966805669	0.973237461744	0.0014075382175	0.00924405957109	0.00749181918275	0.0100266595019	0.000579069173429	0.00199073290033	0.000497578895845	0.170431630575	0.000712052682389	0.998211299248	0.000524517990259	0.994610995982	0.131077045766
12	middle	ERROR	0.00199073290033	0.664407561855	0.973237461744	0.0014075382175	0.00924405957109	0.00749181918275	0.0100266595019	0.306596570642	0.00199073290033	0.263450361529	0.189368478416	0.377006617783	0.0529464500461	0.000582797766954	0.994610995982	0.145641161962
13	middle	noError	0.00198025930093	0.694915965322	0.973932487786	0.00140013290892	0.00900399033434	0.00729725582028	0.00976626605951	0.254122856651	0.00198025930093	0.289656475955	0.172153162197	0.423129136114	0.0330915312788	0.000529816151777	0.994639348489	0.132401056329
14	left	ERROR	0.00282894185848	0.772128850358	0.947864975572	0.00200018986988	0.0180079806687	0.0145945116406	0.019532532119	0.375503199886	0.00282894185848	0.000243638878778	0.0801701802187	0.543629325457	0.0806238357783	0.000588684613085	0.992341926413	0.14711228481
15	right	noError	0.00282894185848	0.75306652074	0.950443641877	0.00200018986988	0.0171172824578	0.0138726480599	0.0185664276051	0.34746929275	0.00282894185848	0.00014710088304	0.0603795166361	0.603705671644	0.0486779347226	0.00044336300969	0.992341926413	0.186110599614
16	left	ERROR	0.00282894185848	0.647237886772	0.917406069795	0.00200018986988	0.0285288040964	0.0231210800998	0.0309440460084	0.000395834699149	0.00282894185848	0.000582276337826	0.0862564523372	0.806337732502	0.192684156461	0.000633375728129	0.992341926413	0.265872285163
17	right	ERROR	0.00282894185848	0.647237886772	0.587030348977	0.00200018986988	0.142644020482	0.115605400499	0.154720230042	0.00131944899716	0.00282894185848	0.00194092112609	0.0862564523372	0.354459108341	0.642280521536	0.000633375728129	0.992341926413	0.265872285163
18	right	ERROR	0.00282894185848	0.578729811286	0.694398387373	0.00200018986988	0.168733657406	0.136749665189	0.000118290031952	0.00836049523167	0.00282894185848	0.0122983623123	0.143760753895	0.978707507109	0.000633635347001	0.00105562621355	0.992341926413	0.276453808605
19	middle	noError	0.00280772089732	0.578729811286	0.622796011001	0.00198518569035	0.229668817836	0.147461493235	7.36779278338e-05	0.00818699245233	0.00280772089732	0.0120431381918	0.143760753895	0.979149383648	0.000620485708044	0.00105562621355	0.992399372515	0.276453808605
20	right	noError	0.00278681801353	0.578729811286	0.562657000485	0.00197040640591	0.298051673462	0.139249866506	4.14595478317e-05	0.00802056087077	0.00278681801353	0.0117983158656	0.143760753895	0.979573251274	0.000607871989597	0.00105562621355	0.992455957567	0.276453808605
21	left	ERROR	0.00348352251692	0.578729811286	0.623564950135	0.00246300800738	0.37589274787	0.000383361889298	0.000158940105862	0.0160411217415	0.00348352251692	0.0235966317313	0.143760753895	0.959146502548	0.00121574397919	0.00105562621355	0.990569946959	0.276453808605
22	middle	ERROR	0.00348352251692	0.578729811286	0.235649501347	0.00246300800738	0.758927478702	0.00383361889298	0.00158940105862	0.0401028043538	0.00348352251692	0.0589915793282	0.143760753895	0.89786625637	0.00303935994799	0.00105562621355	0.990569946959	0.276453808605
23	right	ERROR	0.00387058057435	0.578729811286	0.000608085720742	0.00273667556376	0.966415304321	0.0233116890759	0.00966492088278	0.0668380072564	0.00387058057435	0.0983192988804	0.143760753895	0.82977709395	0.00506559991331	0.00105562621355	0.989522163288	0.276453808605
24	left	noError	0.00387058057435	0.617027101169	0.000588383866044	0.00273667556376	0.967503441686	0.0225563950519	0.00935177939566	0.0607618247785	0.00387058057435	0.0893811808003	0.13069159445	0.845251903591	0.00460509083028	0.000959660194135	0.989522163288	0.251321644186
25	right	ERROR	0.00430064508261	0.617027101169	0.0180504904961	0.0030407506264	0.00306780854095	0.691987013933	0.28689468703	0.0607618247785	0.00430064508261	0.0893811808003	0.13069159445	0.845251903591	0.00460509083028	0.000959660194135	0.988357959208	0.251321644186
26	right	ERROR	0.00614377868945	0.452895858813	0.0451262262402	0.00434392946629	0.00766952135237	0.729967534831	0.217236717576	0.0868026068265	0.00614377868945	0.127687401143	0.186702277786	0.778931290844	0.00657870118611	0.00137094313448	0.983368513155	0.359030920266
27	left	noError	0.00604386462097	0.502227583703	0.092441063205	0.00427328569995	0.00488525559062	0.636906377939	0.265767303265	0.0723355056887	0.00604386462097	0.106406167619	0.143617136759	0.815776075703	0.00548225098843	0.00105457164191	0.983638985058	0.353100707897
28	left	noError	0.00594715779914	0.585189653085	0.0591435959176	0.00420490960208	0.00312557615186	0.639733896471	0.29799693146	0.0610877833008	0.00594715779914	0.0898606686649	0.119680947299	0.844421753064	0.00462979496989	0.000878809701589	0.9839007748	0.294250589914
29	middle	ERROR	0.00598213629403	0.959158285868	0.098228358246	0.00422964098033	0.00519109819427	0.896414459038	0.000166084521447	0.076359729126	0.000100588154814	0.112325835831	0.0389067317396	0.80552719133	0.00578724371236	0.00173729510021	0.989687634571	0.000197687291922
30	right	ERROR	0.0199404543134	0.959158285868	0.000331266625175	0.0140988032678	0.0171963757977	0.981922174988	0.000550182589135	0.0848441434734	0.00033529384938	0.124806484257	0.0389067317396	0.783919101478	0.00643027079151	0.00173729510021	0.965625448569	0.000197687291922
31	right	noError	0.0192796528599	0.959158285868	0.000325416347032	0.0136315867467	0.0168926821146	0.982241435356	0.000540466182677	0.0848441434734	0.000324182634984	0.124806484257	0.0389067317396	0.783919101478	0.00643027079151	0.00173729510021	0.966764577758	0.000197687291922
32	right	noError	0.0186613027149	0.959158285868	0.00031976967358	0.0131943852212	0.016599557751	0.982549584643	0.000531087932097	0.0848441434734	0.00031378522893	0.124806484257	0.0389067317396	0.783919101478	0.00643027079151	0.00173729510021	0.967830526835	0.000197687291922
33	right	noError	0.0180814404457	0.960757108534	0.000286185666721	0.012784396365	0.104353617405	0.894884886834	0.000475310095023	0.0771310395212	0.000304034987071	0.113460440234	0.0373836574544	0.803562819526	0.00584570071955	0.00166928554571	0.968830128202	0.000189948465827
34	right	ERROR	0.000175643772086	0.95639678726	0.00057728241046	0.000175643772086	0.000201716045766	0.998262224815	0.000958776728807	0.0857011550236	0.000534018519753	0.0149560447039	0.0415373971716	0.892847577251	0.00649522302172	0.00185476171745	0.999114693936	0.000211053850919
35	middle	noError	0.000175505946202	0.95639678726	0.00057633849757	0.000175505946202	0.000201386220412	0.998265066246	0.000957209035601	0.0857011550236	0.000533599480845	0.0149560447039	0.0415373971716	0.892847577251	0.00649522302172	0.00185476171745	0.999115388627	0.000211053850919
36	middle	ERROR	0.000585019820674	0.95639678726	0.00192112832523	0.000585019820674	0.000671287401372	0.994216887488	0.00319069678534	0.0952235055818	0.00177866493615	0.0166178274488	0.0415373971716	0.880941752501	0.00721691446858	0.00185476171745	0.997051295423	0.000211053850919
37	left	ERROR	0.00146254955169	0.951551985845	0.00640376108411	0.00146254955169	0.00223762467124	0.980722958294	0.0106356559511	0.105803895091	0.00444666234038	0.0184642527209	0.046152663524	0.867713058334	0.00801879385398	0.00206084635273	0.992628238556	0.000234504278799
38	middle	noError	0.00145199101937	0.951551985845	0.00628326661812	0.00145199101937	0.00219552107207	0.981085679016	0.0104355332939	0.105803895091	0.00441456070803	0.0184642527209	0.046152663524	0.867713058334	0.00801879385398	0.00206084635273	0.992681457253	0.000234504278799
39	middle	ERROR	0.00362997754843	0.946168873161	0.0157081665453	0.00362997754843	0.00548880268019	0.95271419754	0.0260888332348	0.00725486886357	0.0110364017701	0.0230803159011	0.0512807372489	0.959641322918	0.0100234923175	0.00228982928081	0.981703643133	0.000260560309776
40	left	ERROR	0.0120999251614	0.946168873161	0.0785408327266	0.0120999251614	0.0274440134009	0.763570987699	0.130444166174	0.00725486886357	0.0367880059002	0.0230803159011	0.0512807372489	0.959641322918	0.0100234923175	0.00228982928081	0.939012143777	0.000260560309776
41	left	noError	0.0965639571131	0.948913792648	0.133605445278	0.0104229922784	0.0205368686516	0.748243876168	0.0976138099025	0.00636247634803	0.0316895432259	0.107940696594	0.0486658654591	0.876906284597	0.00879054246105	0.00217306789415	0.861323507383	0.000247273999163
42	middle	ERROR	0.000165690187319	0.927019703782	0.265888790401	0.0172698754303	0.0408705135709	0.693041685584	0.000199010444408	0.00908925192575	0.0525064635317	0.154200995134	0.0695226649416	0.824151835139	0.0125579178015	0.00310438270593	0.930057970851	0.000353248570233
43	right	noError	0.000141634667922	0.927019703782	0.309178896213	0.014762570501	0.0271229970196	0.663566036988	0.000132069778893	0.00773061119498	0.130365006327	0.131151380663	0.0695226649416	0.850437219367	0.010680788775	0.00310438270593	0.854730788504	0.000353248570233
44	right	ERROR	0.000202335239888	0.927019703782	0.000274802199133	0.0210893864299	0.000274802199133	0.999087464945	0.000362930656787	0.0128843519916	0.0433785804672	0.218585634439	0.0695226649416	0.750728698945	0.017801314625	0.00310438270593	0.935329697863	0.000353248570233
45	middle	ERROR	0.000674450799627	0.927019703782	0.00137401099567	0.0702979547665	0.00137401099567	0.995437324725	0.00181465328394	0.0128843519916	0.144595268224	0.218585634439	0.0695226649416	0.750728698945	0.017801314625	0.00310438270593	0.78443232621	0.000353248570233
46	right	ERROR	0.0015692126343	0.927019703782	0.000143117619172	0.000232665249291	0.00196645182416	0.99529334198	0.0025970885762	0.0161054399895	0.103757691986	0.0232320430482	0.0695226649416	0.938410873681	0.0222516432813	0.00310438270593	0.894440430131	0.000353248570233
47	left	noError	0.00130175467807	0.927019703782	0.000142461348459	0.000193009583321	0.0019574345924	0.995314924521	0.00258517953815	0.0151724964394	0.169029055041	0.0218862751131	0.0695226649416	0.941978561257	0.0209626671905	0.00310438270593	0.829476180697	0.000353248570233
48	left	noError	0.00111220795117	0.927019703782	0.000141811133707	0.000164905720593	0.00194850057021	0.995336307901	0.0025733803948	0.0151724964394	0.144416964397	0.0218862751131	0.0695226649416	0.941978561257	0.0209626671905	0.00310438270593	0.854305921931	0.000353248570233
49	right	noError	0.000892913647193	0.927019703782	0.00014116689148	0.000132391220781	0.00193964861117	0.995357494865	0.00256168963207	0.0143417988177	0.196225213896	0.0206879965861	0.0695226649416	0.945155248189	0.0198149564067	0.00310438270593	0.802749481236	0.000353248570233
