Trial	nTrans	naoDecision	humanDecision	guessCorr	errpDetector	x01	x12	x32	x00	x33	x30	x31	x21	x02	x20	x13	x23	x22	x10	x03	x11
1	26	middle	middle	1	ERROR	0.333259275717	0.428449014567	0.428449014567	0.333259275717	0.428449014567	0.142816338189	0.000285632676378	0.0833333333333	0.333259275717	0.25	0.142816338189	0.416666666667	0.25	0.000285632676378	0.000222172850478	0.428449014567
2	10	left	middle	0	ERROR	0.259176973018	0.47605446063	0.571122536418	0.370288084129	0.321122536418	0.107040845473	0.000714081690945	0.104166666667	0.370288084129	0.3125	0.15868482021	0.270833333333	0.3125	0.00031736964042	0.000246858722753	0.364943349519
3	12	left	middle	0	ERROR	0.22739567574	0.417838289589	0.588903170523	0.386125834471	0.276403170523	0.133801056841	0.000892602113682	0.0104166666667	0.386125834471	0.28125	0.1763164669	0.427083333333	0.28125	0.0003526329338	0.000352655318219	0.405492610577
4	24	middle	middle	1	noError	0.237442042078	0.431531907991	0.459268780348	0.436736574706	0.317602113682	0.222534037894	0.000595068075788	0.00548245614035	0.325625463595	0.253289473684	0.146930389083	0.382675438596	0.358552631579	0.000293860778167	0.000195919621233	0.421243842147
5	20	middle	left	0	ERROR	0.296802552598	0.473617011416	0.318537560697	0.545920718382	0.435204227364	0.245068075788	0.00119013615158	0.0344869446222	0.157031829494	0.964254971638	0.209900555833	0.00062904186991	0.00062904186991	0.000419801111667	0.000244899526541	0.316062631639
6	14	left	left	1	noError	0.214027501025	0.430560919469	0.265447967247	0.539326415303	0.446003522803	0.287556729823	0.000991780126313	0.0332999663763	0.246513989679	0.96548525085	0.28172777803	0.000607391386704	0.000607391386704	0.000381637374243	0.000132093993158	0.287329665126
7	17	middle	middle	1	noError	0.152398100877	0.482328108608	0.265447967247	0.485253236005	0.446003522803	0.287556729823	0.000991780126313	0.0321920838848	0.36228455767	0.966633548895	0.256116161846	0.000587183610059	0.000587183610059	0.000346943067493	6.41054481814e-05	0.261208786479
8	23	right	right	1	noError	0.176199050439	0.568606757173	0.189605690891	0.342626618002	0.532859659145	0.276826235588	0.000708414375938	0.0311556461069	0.481142278835	0.967707795923	0.213430134872	0.000568278984991	0.000568278984991	0.000289119222911	3.20527240907e-05	0.217673988732
9	16	right	right	1	noError	0.197999500231	0.514312890133	0.172368809901	0.443487693685	0.48441787195	0.34256930508	0.000644013069034	0.0301839579721	0.358495936229	0.968714931241	0.241100103747	0.00055055539341	0.00055055539341	0.000222399402239	1.68698547846e-05	0.244364606717
10	22	right	right	1	noError	0.237142619158	0.549471453949	0.172368809901	0.354041758898	0.48441787195	0.34256930508	0.000644013069034	0.0292711355959	0.40880758868	0.969661053378	0.185461618267	0.000533905513268	0.000533905513268	0.000171076463261	8.03326418313e-06	0.264895851321
11	23	middle	middle	1	noError	0.335338220609	0.535336752821	0.265977721358	0.291600925736	0.417441337107	0.3161209322	0.000460009335025	0.0284119870364	0.373056625621	0.970551543676	0.275329727334	0.000518234643544	0.000518234643544	0.000122197473758	4.2280337806e-06	0.189211322372
12	23	left	left	1	noError	0.288790100277	0.49022450188	0.265977721358	0.359818602607	0.417441337107	0.3161209322	0.000460009335025	0.0276019134841	0.351389375282	0.971391168712	0.250219818222	0.00050345890195	0.00050345890195	8.14649825052e-05	1.92183353663e-06	0.259474214915
13	13	right	right	1	noError	0.242993812673	0.536567728982	0.265977721358	0.287386626629	0.417441337107	0.3161209322	0.000460009335025	0.0268368269133	0.469618359552	0.972184165641	0.22747256202	0.000489503722899	0.000489503722899	7.40590750048e-05	1.2011459604e-06	0.235885649922
14	14	middle	left	0	ERROR	0.735271745636	0.536567728982	0.265977721358	0.264422031163	0.417441337107	0.3161209322	0.000460009335025	0.0670920672833	0.000302588669871	0.930460414102	0.22747256202	0.00122375930725	0.00122375930725	7.40590750048e-05	3.63453158477e-06	0.235885649922
15	39	right	middle	0	ERROR	0.197541321126	0.992561189631	0.908676975563	0.197541321126	0.00054746924354	0.088257145567	0.00251840962667	0.167730168208	0.597737656039	0.826151035256	0.00271430908415	0.00305939826812	0.00305939826812	0.0020101922005	0.00717970170928	0.00271430908415
16	22	left	middle	0	ERROR	0.0133695171127	0.989373128045	0.908676975563	0.0133695171127	0.00054746924354	0.088257145567	0.00251840962667	0.677301682082	0.0133695171127	0.261510352556	0.00387758440594	0.0305939826812	0.0305939826812	0.00287170314356	0.959891448662	0.00387758440594
17	17	middle	left	0	noError	0.0128551992149	0.989483830415	0.916311310894	0.0128551992149	0.000501702430466	0.0808791086612	0.00230787801419	0.65670636059	0.0128551992149	0.237429890931	0.00383719078982	0.0857704761291	0.0200932723497	0.00284178800511	0.961434402355	0.00383719078982
18	13	right	middle	0	noError	0.0123790323378	0.989592239415	0.922767107162	0.0123790323378	0.000463000800497	0.0746400451336	0.00212984690353	0.692838419388	0.0123790323378	0.164517002049	0.00379763399016	0.12872179523	0.0139227833335	0.00281249260518	0.962862902987	0.00379763399016
19	29	middle	middle	1	noError	0.0119369233496	0.989698425577	0.928297712055	0.0119369233496	0.000429845568338	0.0692951126365	0.00197732974054	0.622191465506	0.0119369233496	0.226822049912	0.00375888826981	0.142322981265	0.0086635033165	0.00278379788308	0.964189229951	0.00375888826981
20	24	middle	left	0	noError	0.0115253444251	0.989802456575	0.933088713274	0.0115253444251	0.000401124160683	0.0646649539815	0.00184520858418	0.595991484481	0.0115253444251	0.254407747911	0.00372092893634	0.144436877016	0.00516389059147	0.00275568555184	0.965423966725	0.00372092893634
21	30	left	middle	0	ERROR	0.0144066805314	0.00971105397447	0.916360891592	0.0144066805314	0.000501405200853	0.0808311924769	0.00230651073022	0.000328829989616	0.0144066805314	0.507738981422	0.36134141736	0.474951767693	0.0169804208957	0.267606111306	0.956779958406	0.36134141736
22	29	left	middle	0	ERROR	0.0480222684381	0.00971105397447	0.0332456100142	0.0480222684381	0.166695217666	0.0332456100142	0.766813562305	0.0130756701148	0.0480222684381	0.307734608429	0.36134141736	0.00397642262801	0.675213298828	0.267606111306	0.855933194686	0.36134141736
23	26	middle	middle	1	ERROR	0.240111342191	0.0182369303773	0.000187368099894	0.240111342191	0.124965562062	0.000187368099894	0.874659701738	0.0217927835246	0.240111342191	0.346224347381	0.678583219511	0.00662737104669	0.625355498047	0.000187795582491	0.279665973428	0.30299205453
24	39	middle	middle	1	noError	0.200092785159	0.0128310103896	0.000122844970794	0.200092785159	0.344185478616	0.000122844970794	0.655568831442	0.0138406907506	0.283426118492	0.34690943743	0.703502564471	0.00420907191792	0.635040799901	0.000132127886667	0.31638831119	0.283534297253
25	19	right	middle	0	noError	0.200092785159	0.00857460062743	7.04252569744e-05	0.200092785159	0.426630843976	7.04252569744e-05	0.57322830551	0.0138406907506	0.283426118492	0.34690943743	0.668204833996	0.00420907191792	0.635040799901	8.82973223089e-05	0.31638831119	0.323132268054
26	25	right	left	0	ERROR	0.222325316843	0.0369761939207	0.206616255785	0.222325316843	0.293383744215	0.206616255785	0.293383744215	0.0153785452785	0.314917909436	0.274343819367	0.000431229342652	0.00467674657547	0.705600888779	0.000380763962572	0.240431456878	0.962211812774
27	14	right	left	0	ERROR	0.135917018715	0.9759293497	0.206616255785	0.247028129826	0.293383744215	0.206616255785	0.293383744215	0.0153785452785	0.349908788262	0.274343819367	0.0113816303768	0.00467674657547	0.705600888779	0.0100496748578	0.267146063198	0.00263934506562
28	10	right	middle	0	noError	0.18147462978	0.976492831808	0.187832959804	0.190021638327	0.266712494741	0.278742050713	0.266712494741	0.0110295883822	0.346083683278	0.268481716982	0.0111151919964	0.0033541917497	0.717134502886	0.00981441690233	0.282420048614	0.00257755929317
29	14	right	middle	0	ERROR	0.226843287226	0.976492831808	0.109791199755	0.237527047909	0.208390618426	0.348427563392	0.333390618426	0.348835778841	0.307604604098	0.0031627270824	0.0111151919964	0.106083930863	0.541917563213	0.00981441690233	0.228025060767	0.00257755929317
30	22	left	middle	0	ERROR	0.283554109032	0.971867923991	0.137238999694	0.171908809887	0.260488273033	0.31053445424	0.291738273033	0.00220846640662	0.259505755122	0.0698477651479	0.0226708522127	0.00220846640662	0.925735302039	0.000203962758538	0.285031325959	0.00525726103731
31	12	right	middle	0	noError	0.348685553665	0.886410964073	0.137238999694	0.156280736261	0.260488273033	0.31053445424	0.291738273033	0.00205598490698	0.235914322839	0.0650251914632	0.0200977017364	0.00205598490698	0.930862838723	0.000180812906721	0.259119387236	0.0933105212839
32	23	middle	middle	1	ERROR	0.387428392962	0.999515992772	0.0531985709917	0.173645262512	0.372126104333	0.443620648914	0.131054675762	0.476808743031	0.262127025376	0.0231912569694	0.00012709843052	0.476808743031	0.0231912569694	0.00022981036662	0.176799319151	0.00012709843052
33	22	left	middle	0	noError	0.326349107201	0.999516178563	0.0302904950507	0.207580701395	0.325760309133	0.569328563467	0.0746206323501	0.317872495354	0.312292791876	0.0154608379796	0.000127049642539	0.651205828687	0.0154608379796	0.000229722151653	0.153777399528	0.000127049642539
34	30	middle	middle	1	noError	0.250793592471	0.999516364193	0.0851253930008	0.18092982435	0.212835743146	0.653285417546	0.0487534463071	0.388313278904	0.301348701103	0.00836311284987	0.000127000896872	0.540868260157	0.0624553480891	0.000229634013197	0.266927882075	0.000127000896872
35	28	left	middle	0	noError	0.250566851765	0.999516549662	0.0550398230862	0.129235588822	0.137613950858	0.64650884024	0.160837385816	0.444156639452	0.286677643645	0.00418155642494	0.000126952193465	0.470434130078	0.0812276740445	0.00022954595115	0.333519915768	0.000126952193465
36	24	middle	middle	1	noError	0.250404894118	0.99951673497	0.0332890512697	0.0923111348726	0.143713088978	0.604757074028	0.218240785725	0.527597899658	0.204769745461	0.00261347276559	0.000126903532263	0.419021331299	0.0507672962778	0.000229457965416	0.452514225549	0.000126903532263
37	22	right	middle	0	noError	0.281503058824	0.999516920118	0.0835593156572	0.120194459295	0.15278448408	0.626840381335	0.136815818928	0.485065266438	0.127981090913	0.00174231517706	0.00012685491321	0.412680887533	0.100511530852	0.000229370055895	0.470321390968	0.00012685491321
38	31	middle	middle	1	noError	0.321002039216	0.999517105105	0.109714748721	0.0801296395302	0.21086187255	0.597647560699	0.0817758180294	0.469078698304	0.151987393942	0.000829673893837	0.000126806336254	0.386990898825	0.143100728977	0.000229282222488	0.446880927312	0.000126806336254
39	19	middle	middle	1	noError	0.400770799397	0.999517289932	0.0731431658141	0.061638184254	0.273907915033	0.598431707133	0.0545172120196	0.54317418644	0.116913379955	0.000518546183648	0.000126757801339	0.366869311766	0.0894379556107	0.000229194465097	0.420677636394	0.000126757801339
40	21	left	middle	0	ERROR	0.28681542771	0.998390966441	0.121905276357	0.0880545489343	0.289846525056	0.497386178555	0.0908620200327	0.477247288133	0.167019114222	0.00172848727883	0.000422526004463	0.222897705886	0.298126518702	0.000763981550324	0.458110909134	0.000422526004463
41	37	middle	middle	1	noError	0.345185545712	0.998393390868	0.0676307026922	0.110620322903	0.327235507455	0.554725288707	0.0504085011453	0.47106151393	0.0982465377777	0.0008143052649	0.000421889359262	0.246341619127	0.281782561678	0.00076283041363	0.445947593608	0.000421889359262
42	20	right	middle	0	ERROR	0.491819965693	0.998214878742	0.000231230287612	0.157611707937	0.525437317446	0.357771730087	0.116559722179	0.997273928558	0.000142479884168	0.00218854658887	0.000468765954736	0.000268762426476	0.000268762426476	0.000847589348477	0.350425846486	0.000468765954736
43	22	right	middle	0	noError	0.493183304744	0.998217881827	0.000231230287612	0.214676423281	0.525437317446	0.357771730087	0.116559722179	0.997281068666	0.000118733236806	0.00218281436241	0.000467977356145	0.000268058485742	0.000268058485742	0.000846163460442	0.292021538738	0.000467977356145
44	24	middle	right	0	noError	0.493183304744	0.998220874527	0.000231230287612	0.214676423281	0.525437317446	0.357771730087	0.116559722179	0.997288170761	0.000118733236806	0.00217711265386	0.000467191484858	0.000267358292732	0.000267358292732	0.000844742503726	0.292021538738	0.000467191484858
45	27	middle	right	0	noError	0.493183304744	0.998223856894	0.000231230287612	0.214676423281	0.525437317446	0.357771730087	0.116559722179	0.997295235145	0.000118733236806	0.00217144122019	0.000466408326755	0.0002666618176	0.0002666618176	0.000843326452796	0.292021538738	0.000466408326755
46	17	right	middle	0	noError	0.493183304744	0.998226828982	0.000231230287612	0.214676423281	0.525437317446	0.357771730087	0.116559722179	0.997302262117	0.000118733236806	0.00216579982093	0.000465627867814	0.000265969030816	0.000265969030816	0.0008419152823	0.292021538738	0.000465627867814
47	19	left	right	0	ERROR	0.493183304744	0.0533854085093	0.000231230287612	0.214676423281	0.525437317446	0.357771730087	0.116559722179	0.973022621174	0.000118733236806	0.0216579982093	0.248577339366	0.00265969030816	0.00265969030816	0.449459912758	0.292021538738	0.248577339366
48	23	right	right	1	noError	0.528788869829	0.0766927042547	0.000144518929758	0.209784282187	0.515898323404	0.348607331304	0.135349826362	0.973728724206	7.91554912042e-05	0.0210911240776	0.224288669683	0.00259007585813	0.00259007585813	0.324729956379	0.261347692492	0.374288669683
49	19	right	right	1	noError	0.55252591322	0.0981626134748	9.63459531718e-05	0.273189521458	0.543932215603	0.299071554203	0.156899884241	0.974398741795	5.27703274694e-05	0.0205532200863	0.235715927602	0.00252401905922	0.00252401905922	0.291516642433	0.174231794995	0.374604816491
50	19	left	middle	0	ERROR	0.381314783049	0.000322039676584	0.00016057658862	0.432973803646	0.573220359338	0.165119257005	0.261499807069	0.967998427244	0.000131925818674	0.0256915251079	0.437059134321	0.00315502382403	0.00315502382403	0.000322039676584	0.185579487487	0.562296786326
