Trial	nTrans	naoDecision	humanDecision	guessCorr	errpDetector	x01	x12	x32	x00	x33	x30	x31	x21	x02	x20	x13	x23	x22	x10	x03	x11
1	16	right	middle	0	ERROR	0.3125	0.1875	0.166666666667	0.3125	0.277777777778	0.277777777778	0.277777777778	0.199920031987	0.0625	0.599760095962	0.3125	0.199920031987	0.000399840063974	0.1875	0.3125	0.3125
2	20	right	middle	0	ERROR	0.354166666667	0.000242365487155	0.517080905926	0.520833333333	0.000310248543555	0.241304422765	0.241304422765	0.142742902839	0.104166666667	0.713942994231	0.515026660204	0.142742902839	0.000571200091392	0.21206980126	0.0208333333333	0.272661173049
3	31	middle	right	0	noError	0.391987395215	0.000135788619702	0.54472060395	0.45886618124	0.00020683236237	0.29420294851	0.160869615177	0.175144612588	0.139585755369	0.721450951103	0.560207818508	0.102992302247	0.000412134062611	0.174841426729	0.00956066817598	0.264814966144
4	39	left	middle	0	ERROR	0.0101413005909	0.000822210106741	0.329486777216	0.0101413005909	0.000470897209112	0.669814654623	0.000227670952319	0.583815375293	0.0101413005909	0.404836503677	0.000605507375024	0.00997434082176	0.0013737802087	0.000605507375024	0.969576098227	0.997966775143
5	29	right	right	1	noError	0.00984282765204	0.00082062365669	0.346050485887	0.00984282765204	0.000307758786485	0.653492959083	0.000148796243952	0.569846146077	0.00984282765204	0.420697086397	0.000604339051747	0.0083119506848	0.00114481684059	0.000604339051747	0.970471517044	0.99797069824
6	16	right	right	1	ERROR	0.0164047127534	0.00205155914173	0.243417476478	0.0164047127534	0.000512931310808	0.755821598472	0.000247993739921	0.587307682597	0.0164047127534	0.400871357997	0.00151084762937	0.010389938356	0.00143102105073	0.00151084762937	0.95078586174	0.9949267456
7	11	right	right	1	noError	0.0164047127534	0.00204140670684	0.243417476478	0.0164047127534	0.000512931310808	0.755821598472	0.000247993739921	0.587307682597	0.0164047127534	0.400871357997	0.00150337098301	0.010389938356	0.00143102105073	0.00150337098301	0.95078586174	0.994951851327
8	12	left	middle	0	ERROR	0.0182274586149	0.00680468902279	0.0542718455969	0.0182274586149	0.000641164138511	0.94477699809	0.000309992174901	0.609134603246	0.0182274586149	0.376089197496	0.00501123661004	0.012987422945	0.00178877631342	0.00501123661004	0.945317624155	0.983172837757
9	12	middle	middle	1	noError	0.0182274586149	0.00669273850005	0.0542718455969	0.0182274586149	0.000641164138511	0.94477699809	0.000309992174901	0.644667821133	0.0182274586149	0.341899270451	0.00492879190813	0.0118067481318	0.00162616028492	0.00492879190813	0.945317624155	0.983449677684
10	8	middle	middle	1	noError	0.0182274586149	0.0065844226256	0.0542718455969	0.0182274586149	0.000641164138511	0.94477699809	0.000309992174901	0.676970746484	0.0182274586149	0.310817518591	0.00484902390202	0.0107334073926	0.00147832753175	0.00484902390202	0.945317624155	0.98371752957
11	10	middle	middle	1	ERROR	0.000171858943132	0.00731602513955	0.0904530759948	0.0313255177354	0.00106860689752	0.907961663483	0.000516653624835	0.676970746484	0.0313255177354	0.310817518591	0.00538780433558	0.0107334073926	0.00147832753175	0.00538780433558	0.937177105586	0.981908366189
12	14	left	middle	0	ERROR	0.000302156563789	0.0121933752326	0.150755126658	0.0550754626169	0.00178101149586	0.846602772471	0.000861089374725	0.641078607205	0.000175816607668	0.345352798435	0.00897967389263	0.011926008214	0.00164258614639	0.00897967389263	0.944446564212	0.969847276982
13	14	right	middle	0	ERROR	0.00100718854596	0.0121933752326	0.50251708886	0.18358487539	0.00593670498621	0.488675908238	0.00287029791575	0.641078607205	0.000586055358894	0.345352798435	0.00897967389263	0.011926008214	0.00164258614639	0.00897967389263	0.814821880706	0.969847276982
14	9	right	right	1	noError	0.00100718854596	0.0118376224441	0.50251708886	0.18358487539	0.00593670498621	0.488675908238	0.00287029791575	0.673707824732	0.000586055358894	0.313957089486	0.00871768375732	0.010841825649	0.00149326013308	0.00871768375732	0.814821880706	0.970727010041
15	22	left	right	0	ERROR	0.0118106327191	0.0118376224441	0.957871390967	0.980144450665	0.0280796050097	0.000472982994353	0.0135760210288	0.842134780914	0.00687228287565	0.142446361858	0.00871768375732	0.0135522820613	0.00186657516635	0.00871768375732	0.00117263374037	0.970727010041
16	15	middle	middle	1	noError	0.101646029745	0.0104834445646	0.875547242942	0.891040409695	0.112150960139	0.000414160372702	0.0118876365455	0.785112317429	0.00624752988695	0.202038634882	0.0962808043799	0.0112935683844	0.00155547930529	0.00772041470602	0.00106603067306	0.885515336349
17	9	left	right	0	ERROR	0.00823014872331	0.0116482717385	0.875547242942	0.955202048477	0.112150960139	0.000414160372702	0.0118876365455	0.785112317429	0.0312376494348	0.202038634882	0.106978671533	0.0112935683844	0.00155547930529	0.00857823856224	0.00533015336532	0.872794818166
18	8	middle	middle	1	noError	0.00787801747989	0.0116482717385	0.875547242942	0.957118752403	0.112150960139	0.000414160372702	0.0118876365455	0.785112317429	0.029901130168	0.202038634882	0.106978671533	0.0112935683844	0.00155547930529	0.00857823856224	0.00510209994913	0.872794818166
19	11	left	right	0	ERROR	0.00787801747989	0.0914988028818	0.875547242942	0.957118752403	0.112150960139	0.000414160372702	0.0118876365455	0.761235908254	0.029901130168	0.224487372091	0.840332420033	0.012548409316	0.00172831033921	0.0673832631057	0.00510209994913	0.000785513979552
20	13	middle	middle	1	noError	0.0068937230957	0.0789076932319	0.889311645054	0.874970605356	0.0997471295689	0.000368354477811	0.0105728708992	0.739412237119	0.113671037603	0.249605670839	0.862304204839	0.00965262255079	0.0013294694917	0.05811068218	0.00446463394447	0.000677419749502
21	17	right	middle	0	noError	0.00612813846676	0.0693635591548	0.900333589441	0.888855784871	0.0898146726685	0.000331675076702	0.00952006281364	0.734956996513	0.101047264072	0.256970830887	0.878958945043	0.0070949719756	0.00097720062464	0.0510820121059	0.00396881259014	0.000595483696743
22	14	left	right	0	ERROR	0.0122562769335	0.000136848245702	0.875416986801	0.977711569741	0.112268340836	0.000414593845878	0.0119000785171	0.724928327522	0.0020945281448	0.261618051478	0.929143405326	0.0118249532927	0.00162866770773	0.0699048374361	0.00793762518027	0.000814908992433
23	10	right	middle	0	noError	0.011990232496	0.000136848245702	0.886742715274	0.978195380031	0.102062128032	0.000376903496253	0.0108182531973	0.659025752292	0.00204906266086	0.328743683162	0.929143405326	0.0107499575388	0.00148060700703	0.0699048374361	0.00776532481224	0.000814908992433
24	20	left	middle	0	ERROR	0.011990232496	0.000342120614254	0.962101606017	0.978195380031	0.000335527828527	0.00126461611662	0.0362982500375	0.147564380731	0.00204906266086	0.821859207905	0.822858513315	0.026874893847	0.00370151751757	0.17476209359	0.00776532481224	0.00203727248108
25	12	left	middle	0	ERROR	0.000531604505853	0.000380134015838	0.957890673353	0.947294669465	0.000372808698363	0.00140512901846	0.0403313889305	0.163960423034	0.0108929094329	0.802065786561	0.803176125905	0.0298609931633	0.00411279724175	0.194180103989	0.0412808165959	0.00226363609009
26	9	right	middle	0	noError	0.00042439904485	0.000380134015838	0.959588339979	0.79825622295	0.000357778657858	0.00134848027031	0.038705401093	0.136880731235	0.00869620236105	0.834756587165	0.803176125905	0.0249291536577	0.00343352794202	0.194180103989	0.192623175644	0.00226363609009
27	14	right	left	0	noError	0.000326048533656	0.000345576378035	0.961154275614	0.768182522461	0.000343914878211	0.00129622720011	0.0372055823081	0.117479728012	0.00668093875942	0.858177619154	0.821069205368	0.0213957813116	0.00294687152173	0.176527367263	0.224810490246	0.00205785099099
28	10	right	right	1	noError	0.000244833111494	0.000314160343668	0.962603240163	0.75083493073	0.000331086684775	0.00124787729054	0.0358177958615	0.181233106677	0.00501678386903	0.798481349295	0.837335641244	0.0178298177597	0.00245572626811	0.160479424784	0.243903452289	0.00187077362817
29	11	right	right	1	noError	0.000168959363307	0.000314160343668	0.963947867877	0.690031125037	0.000319182222093	0.00120300895449	0.0345299409469	0.164757369706	0.00346208322554	0.816801226632	0.837335641244	0.0162089252361	0.00223247842555	0.160479424784	0.306337832374	0.00187077362817
30	8	left	right	0	ERROR	0.000804304604079	0.000314160343668	0.963947867877	0.000476034348342	0.000319182222093	0.00120300895449	0.0345299409469	0.164757369706	0.0164807053217	0.816801226632	0.837335641244	0.0162089252361	0.00223247842555	0.160479424784	0.982238955726	0.00187077362817
31	16	middle	middle	1	ERROR	0.00160860920816	0.000314160343668	0.909869669691	0.000952068696684	0.000797955555233	0.00300752238621	0.0863248523671	0.329514739413	0.0329614106435	0.633602453264	0.837335641244	0.0324178504722	0.00446495685111	0.160479424784	0.964477911452	0.00187077362817
32	14	middle	middle	1	ERROR	0.0020107615102	0.000392700429585	0.992398468553	0.00119008587086	0.00155312213701	0.00585377163545	0.000194637674595	0.404301490903	0.0412017633044	0.587657113301	0.796669551555	0.000176154913596	0.00786524088317	0.20059928098	0.955597389315	0.00233846703522
33	13	middle	middle	1	ERROR	0.00335126918366	0.00043633381065	0.987330780922	0.00198347645143	0.00258853689501	0.00975628605908	0.000324396124325	0.673835818171	0.0686696055073	0.312761855501	0.774077279505	0.00029359152266	0.0131087348053	0.222888089978	0.925995648858	0.0025982967058
34	15	right	middle	0	noError	0.00312064028803	0.000355951805555	0.898730598379	0.00184697682742	0.0922086780182	0.00876914972281	0.000291573880314	0.70116058782	0.0639438749217	0.289441289362	0.81569706882	0.000205875392146	0.00919224742638	0.181827344404	0.931088507963	0.00211963497034
35	16	right	middle	0	noError	0.00291972935478	0.000277177225586	0.908034675253	0.00172806602584	0.0837370507049	0.00796348836963	0.000264785672291	0.769900405441	0.0598270840069	0.222863252356	0.778615260659	0.000158519399824	0.00707782280277	0.219457016926	0.935525120612	0.00165054518945
36	31	right	middle	0	ERROR	0.00729932338695	0.000554354451173	0.945315864575	0.00432016506461	0.0117654520536	0.0117654520536	0.0311532313181	0.973537627082	0.149567710017	0.000360702543403	0.957230521318	0.000571783506952	0.0255298868672	0.038914033852	0.838812801531	0.0033010903789
37	19	middle	middle	1	noError	0.00729932338695	0.00053166843617	0.948146256341	0.00432016506461	0.0111564849673	0.0111564849673	0.0295407737246	0.974217319715	0.149567710017	0.00035143780883	0.95898078964	0.000557097105311	0.0248741453709	0.0373215430658	0.838812801531	0.00316599885812
38	16	right	middle	0	ERROR	0.00811035931884	0.000944720661601	0.896292512682	0.00480018340512	0.0223129699345	0.0223129699345	0.0590815474492	0.94843463943	0.166186344464	0.000702875617659	0.993251932004	0.00111419421062	0.0497482907418	0.00017768981518	0.820903112812	0.0056256575196
39	16	middle	middle	1	ERROR	0.00811035931884	0.0018894413232	0.740731281704	0.00480018340512	0.0557824248363	0.0557824248363	0.147703868623	0.89686927886	0.166186344464	0.00140575123532	0.986503864007	0.00222838842124	0.0994965814836	0.00035537963036	0.820903112812	0.0112513150392
40	16	left	right	0	ERROR	0.00811035931884	0.0037788826464	0.481462563409	0.00480018340512	0.111564849673	0.111564849673	0.295407737246	0.990678712452	0.166186344464	0.00350908447193	0.973007728014	0.00556257964422	0.000249623431498	0.000710759260721	0.820903112812	0.0225026300784
41	14	right	middle	0	ERROR	0.00811035931884	0.00755776529281	0.362925126818	0.00480018340512	0.0231296993452	0.223129699345	0.390815474492	0.984464520754	0.166186344464	0.00584847411989	0.946015456029	0.00927096607369	0.000416039052497	0.00142151852144	0.820903112812	0.0450052601568
42	13	left	middle	0	ERROR	0.00901151035426	0.0136152709625	0.104875211363	0.0053335371168	0.0385494989087	0.371882832242	0.484692457486	0.97780645822	0.184651493849	0.00835496302841	0.983643722121	0.0132442372481	0.000594341503567	0.00256085748866	0.80100345868	0.000180149428237
43	22	middle	middle	1	ERROR	0.0225287758857	0.00017050742338	0.459541288647	0.013333842792	0.168915858905	0.000438179129916	0.371104673318	0.975340509133	0.211628734621	0.00928329225379	0.995155872308	0.0147158191646	0.000660379448408	0.00436645212035	0.752508646701	0.000307168148321
44	22	right	middle	0	noError	0.0225287758857	0.000169702333839	0.574536728249	0.013333842792	0.154517489498	0.000251775181207	0.270694007072	0.975931616381	0.211628734621	0.00906076449103	0.995178744958	0.0143630694906	0.000644549637473	0.00434583492453	0.752508646701	0.000305717784115
45	18	left	right	0	ERROR	0.0225287758857	0.000565674446129	0.436341820622	0.013333842792	0.386293723746	0.000629437953017	0.176735017679	0.951863232762	0.211628734621	0.0181215289821	0.983929149858	0.0287261389812	0.00128909927495	0.0144861164151	0.752508646701	0.00101905928038
46	25	left	middle	0	ERROR	0.0250319732063	0.0018855814871	0.977686040645	0.01481538088	0.00269025058162	0.016933458192	0.00269025058162	0.919772054603	0.235143038468	0.0302025483034	0.946430499528	0.0478768983021	0.00214849879158	0.0482870547171	0.725009607446	0.00339686426795
47	19	middle	right	0	noError	0.0208599776719	0.00163470424344	0.978170950268	0.0123461507333	0.0026317881467	0.0165654734383	0.0026317881467	0.847281012114	0.195952532057	0.0255926049554	0.866862972615	0.125305818644	0.00182056428708	0.128557412794	0.770841339538	0.00294491034792
48	22	left	middle	0	ERROR	0.0231777529688	0.00408676060859	0.927236500894	0.0137179452593	0.00877262715566	0.0552182447944	0.00877262715566	0.899877176778	0.217725035619	0.0931337222248	0.917157431538	0.000363908724364	0.00662519227334	0.0713935319841	0.745379266153	0.00736227586979
49	38	left	right	0	ERROR	0.0257530588542	0.0492721733165	0.00137242928527	0.0152421613992	0.120398104172	0.757831362371	0.120398104172	0.0139099450727	0.241916706243	0.0139099450727	0.00120565352453	0.0506195036737	0.921560606181	0.86075863465	0.717088073504	0.0887635385094
50	13	right	middle	0	noError	0.0186236887032	0.0492721733165	0.00095170871168	0.0110225845664	0.222179510608	0.693378923797	0.0834898568836	0.0128994128865	0.247261901414	0.0128994128865	0.00120565352453	0.0469420888857	0.927259085341	0.86075863465	0.723091825317	0.0887635385094
