Trial	nTrans	naoDecision	humanDecision	guessCorr	errpDetector	x01	x12	x32	x00	x33	x30	x31	x21	x02	x20	x13	x23	x22	x10	x03	x11
1	31	middle	right	0	noError	0.3	0.282608695652	0.205882352941	0.3	0.264705882353	0.264705882353	0.264705882353	0.34375	0.233333333333	0.15625	0.195652173913	0.34375	0.15625	0.195652173913	0.166666666667	0.326086956522
2	20	middle	right	0	noError	0.3125	0.176630434783	0.203921568627	0.3125	0.176470588235	0.309803921569	0.309803921569	0.341346153846	0.270833333333	0.197115384615	0.309782608696	0.341346153846	0.120192307692	0.184782608696	0.104166666667	0.328804347826
3	17	right	middle	0	noError	0.208333333333	0.230525362319	0.145658263305	0.341666666667	0.197478991597	0.435574229692	0.221288515406	0.275841346154	0.380555555556	0.123197115385	0.341485507246	0.400841346154	0.200120192308	0.153985507246	0.0694444444444	0.274003623188
4	24	right	left	0	ERROR	0.594898153436	0.292582654092	0.242763772176	0.404530744337	0.162464985994	0.392623716153	0.202147525677	0.000160190009996	0.000285551113649	0.19734947145	0.54130836628	0.642107792474	0.160382546066	0.000224157703066	0.000285551113649	0.165884821925
5	13	middle	middle	1	noError	0.434311345898	0.356893321902	0.340587517058	0.56533171521	0.12497306615	0.302018243195	0.232421173598	0.000123223084613	0.000178469446031	0.228730362654	0.4920985148	0.64777522498	0.123371189282	0.00020377973006	0.000178469446031	0.150804383568
6	24	right	middle	0	noError	0.463506303276	0.304595547935	0.462867198161	0.536295397339	0.0781081663435	0.251261401997	0.207763233499	8.21487230751e-05	9.91496922394e-05	0.352486908436	0.528065676533	0.56518348332	0.0822474595211	0.000135853153373	9.91496922394e-05	0.167202922379
7	16	right	right	1	noError	0.432923741594	0.337162956612	0.509897844739	0.566963818586	0.0600832048796	0.270201078459	0.159817871922	6.31913254424e-05	5.62199101146e-05	0.348066852643	0.523388063778	0.588602679477	0.0632672765547	0.000113210961144	5.62199101146e-05	0.139335768649
8	34	right	right	1	noError	0.565881966576	0.302369460998	0.45494892237	0.434054399394	0.0300416024398	0.285100539229	0.229908935961	3.94945784015e-05	3.18170149979e-05	0.405041782902	0.562844515487	0.555376674673	0.0395420478467	6.37265412272e-05	3.18170149979e-05	0.134722296974
9	20	right	middle	0	ERROR	0.731763933152	0.000200911923549	0.529623478162	0.268108798788	0.0448254297196	0.425401880937	0.00014921118076	7.8989156803e-05	6.36340299958e-05	0.210083565804	0.929909819107	0.710753349346	0.0790840956934	0.000128034219791	6.36340299958e-05	0.06976123475
10	11	right	middle	0	ERROR	0.701959925725	0.00022323547061	0.259246956325	0.29789866532	0.0896508594392	0.650803761874	0.00029842236152	0.000131648594672	7.07044777731e-05	0.183472609673	0.92212202123	0.684588915577	0.131806826156	0.000142260244212	7.07044777731e-05	0.0775124830555
11	24	middle	right	0	noError	0.625743115213	0.000207125655754	0.296461217207	0.374168390258	0.0578730082953	0.645473131618	0.000192642880523	0.000109707162226	4.42472649077e-05	0.236227174727	0.927742095028	0.653824096314	0.109839021796	0.000131994016406	4.42472649077e-05	0.0719187852993
12	18	right	middle	0	noError	0.727646174225	0.000193185774962	0.397640811471	0.272289426629	0.0385820055302	0.563648754412	0.000128428587015	7.83622587331e-05	3.21995729873e-05	0.38301941052	0.932605165119	0.538445783081	0.0784564441403	0.000123110612527	3.21995729873e-05	0.0670785384931
13	36	middle	right	0	ERROR	0.994088609976	0.0008290471346	0.000609840943546	0.00359575470335	0.000609840943546	0.997997108006	0.000783210106837	0.000150221847568	0.00115781766015	0.159149690602	0.99821348478	0.840508385767	0.000191701783482	0.000528323064024	0.00115781766015	0.000429145021035
14	27	middle	right	0	ERROR	0.940886099764	0.008290471346	0.00609840943546	0.0359575470335	0.00609840943546	0.979971080061	0.00783210106837	0.000150221847568	0.0115781766015	0.159149690602	0.982134847803	0.840508385767	0.000191701783482	0.00528323064024	0.0115781766015	0.00429145021035
15	26	middle	right	0	ERROR	0.408860997636	0.08290471346	0.0304920471773	0.359575470335	0.0304920471773	0.899855400304	0.0391605053419	0.000150221847568	0.115781766015	0.159149690602	0.821348478034	0.840508385767	0.000191701783482	0.0528323064024	0.115781766015	0.0429145021035
16	14	middle	right	0	ERROR	0.181434996059	0.16580942692	0.0543588880221	0.599292450558	0.0543588880221	0.891103951609	0.000178272346576	0.000150221847568	0.192969610025	0.159149690602	0.642696956068	0.840508385767	0.000191701783482	0.105664612805	0.0263029433581	0.085829004207
17	14	middle	middle	1	noError	0.283095883126	0.204468789938	0.0490251458787	0.587966341986	0.0490251458787	0.901788928136	0.000160780106346	0.000136565315971	0.113470982819	0.144681536911	0.648228427745	0.855007623425	0.00017427434862	0.0812804713883	0.0154667920689	0.0660223109285
18	26	middle	middle	1	noError	0.357280118095	0.209736689591	0.124383414341	0.522978397189	0.0409186986332	0.834563692367	0.000134194658677	0.00011928223016	0.111651877629	0.126371299059	0.688792161471	0.873357199732	0.000152218978993	0.055990950668	0.00808960708657	0.0454801982696
19	11	right	right	1	noError	0.28580007381	0.19066971781	0.106736067114	0.576861498243	0.0351132101224	0.858035567458	0.000115155305638	0.000108438391054	0.132282423518	0.114882999145	0.717083783156	0.884870181574	0.000138380889994	0.0509008642436	0.00505600442911	0.0413456347905
20	17	middle	middle	1	noError	0.281943829644	0.158891431508	0.0934752533416	0.580312046992	0.0307507696376	0.875673128529	0.000100848491604	9.85803555039e-05	0.134809769649	0.104439090132	0.764236485963	0.895336528704	0.000125800809085	0.0424173868697	0.00293435371523	0.0344546956588
21	13	right	right	1	noError	0.235827778871	0.158891431508	0.0831462542959	0.617379252632	0.0273528150037	0.889411225949	8.9704751028e-05	8.96185050036e-05	0.144981178214	0.0949446273924	0.764236485963	0.904851389731	0.000114364371896	0.0424173868697	0.00181179028269	0.0344546956588
22	17	left	left	1	noError	0.18840048811	0.144446755917	0.0748735658017	0.560947187558	0.0246313295937	0.900414325084	8.07795208058e-05	7.4991514348e-05	0.249635904026	0.163126943722	0.785669532694	0.836702366253	9.56985104314e-05	0.0385612607906	0.00101642030555	0.0313224505989
23	25	right	right	1	noError	0.200314564448	0.111112889167	0.145790457909	0.515690734495	0.0205349093439	0.833607287615	6.73451317469e-05	6.44701400453e-05	0.283470490101	0.140240092474	0.758207332841	0.859613165459	8.22719266743e-05	0.0296625083005	0.000524210955022	0.101017269691
24	8	right	right	1	noError	0.134963828285	0.111112889167	0.132536779918	0.673692061651	0.0186680994035	0.848733897832	6.12228470427e-05	5.8609218223e-05	0.190990917985	0.127490993158	0.758207332841	0.872375604963	7.4792660613e-05	0.0296625083005	0.000353192078237	0.101017269691
25	11	left	left	1	noError	0.08843082577	0.111112889167	0.115132629138	0.655153190385	0.0162166861658	0.868597501366	5.31833303008e-05	4.77458683998e-05	0.256184565786	0.185325028226	0.758207332841	0.814566296232	6.09296735083e-05	0.0296625083005	0.000231418058681	0.101017269691
26	15	right	right	1	noError	0.121981689554	0.101011717424	0.104666026489	0.647290542228	0.0147424419689	0.88054318306	4.83484820916e-05	4.34053349089e-05	0.230577958517	0.259386389296	0.780188484401	0.740514814757	5.53906122803e-05	0.0269659166368	0.000149809701655	0.0918338815377
27	10	left	left	1	noError	0.083974181017	0.101011717424	0.0951509331722	0.688347438914	0.0134022199717	0.891402893691	4.39531655378e-05	3.94593953717e-05	0.227575248631	0.235805808451	0.780188484401	0.764104377052	5.0355102073e-05	0.0269659166368	0.000103131437603	0.0918338815377
28	17	right	right	1	noError	0.121712063314	0.0918288340221	0.0858377821923	0.661505279897	0.0120904420006	0.902032124675	3.96511324095e-05	3.58721776107e-05	0.216714427976	0.214368916774	0.800171349456	0.785549433683	4.57773655209e-05	0.0245144696698	6.82288133788e-05	0.0834853468524
29	11	middle	middle	1	noError	0.147808042209	0.0834807582019	0.0781858947889	0.574336853265	0.0110126566888	0.910765332034	3.61164884233e-05	2.75939827774e-05	0.277809618651	0.241822243672	0.818337590414	0.758114948987	3.5213358093e-05	0.022285881518	4.54858755859e-05	0.0758957698659
30	11	right	right	1	noError	0.298538694806	0.132806709946	0.07178716929	0.516224568843	0.0101113820106	0.918068287981	3.31607187665e-05	2.75939827774e-05	0.185206412434	0.241822243672	0.723745806242	0.758114948987	3.5213358093e-05	0.0161309263797	3.03239170573e-05	0.127316557432
31	10	left	middle	0	ERROR	0.385591702054	0.147563011051	0.0897339616125	0.614155189498	0.0126392275133	0.897585359976	4.14508984582e-05	3.44924784718e-05	0.000194214887143	0.30227780459	0.693050895825	0.697643686234	4.40166976162e-05	0.017923251533	5.88935612902e-05	0.141462841591
32	17	middle	middle	1	noError	0.490994813783	0.0979281937668	0.157807245538	0.508846993436	0.010512412552	0.831645865994	3.4475915936e-05	3.13567986107e-05	0.000121384304465	0.274798004173	0.663570092871	0.725130623849	4.00151796511e-05	0.0118945231366	3.68084758064e-05	0.226607190226
33	9	left	left	1	noError	0.531534472141	0.081606828139	0.203277275922	0.468343841105	0.00828888490891	0.788406655409	2.71837599513e-05	2.85061805552e-05	9.33725418958e-05	0.340725458339	0.719641744059	0.659209658045	3.63774360465e-05	0.00991210261386	2.83142121587e-05	0.188839325188
34	15	middle	middle	1	noError	0.489137924789	0.0551301286863	0.167790666643	0.510790494768	0.00684187407708	0.825345021055	2.24382247518e-05	2.85061805552e-05	5.49250246446e-05	0.340725458339	0.675490236914	0.659209658045	3.63774360465e-05	0.0742519774321	1.66554189169e-05	0.195127656967
35	24	left	left	1	noError	0.497276757356	0.103420085791	0.142854672323	0.502687256468	0.00582507775262	0.851301146327	1.91035968125e-05	2.59147095956e-05	2.76128712372e-05	0.309750416672	0.65032682461	0.690190598222	3.30703964059e-05	0.0495013182881	8.37330417108e-06	0.196751771311
36	18	left	left	1	ERROR	0.998604020681	0.172366809651	0.204078103319	0.00102655973309	0.0083215396466	0.787573066182	2.72908525892e-05	2.59147095956e-05	0.000283462617272	0.309750416672	0.417211374349	0.690190598222	3.30703964059e-05	0.0825021971468	8.59569689498e-05	0.327919618852
37	23	right	right	1	noError	0.998605827499	0.186183404826	0.231709108061	0.00102523105485	0.00634105681454	0.761929039352	2.07957726737e-05	1.99343919967e-05	0.000283095731059	0.315192628209	0.408605687175	0.684761998633	2.54387664661e-05	0.0412510985734	8.58457146789e-05	0.363959809426
38	13	middle	middle	1	noError	0.998607629467	0.257455603217	0.276424256717	0.00102390594393	0.00528421401212	0.71827419946	1.73298105614e-05	1.53341476897e-05	0.000282729829888	0.319378944776	0.339070458116	0.680586152794	1.9568281897e-05	0.0275007323823	8.57347591114e-05	0.375973206284
39	15	left	middle	0	ERROR	0.998010899239	0.224936576024	0.000190957861392	0.00146272277705	0.0100906220689	0.989685327434	3.30926356313e-05	2.55569128162e-05	0.000403899756983	0.365631574627	0.341529225881	0.634310254657	3.26138031616e-05	0.0392867605461	0.000122478227302	0.394247437549
40	32	left	left	1	noError	0.998014649765	0.232440386689	0.000189027012354	0.00145996475651	0.00998859187352	0.989789623091	3.27580231509e-05	1.96591637048e-05	0.000403138188324	0.512024288175	0.442752807227	0.487930965121	2.50875408936e-05	0.0173960631249	0.000122247289854	0.307410742959
41	22	middle	middle	1	noError	0.998018385802	0.316220193345	0.000187135006902	0.00145721739136	0.00988861425628	0.989891820595	3.24301421901e-05	1.51224336191e-05	0.000402379561923	0.547710990904	0.321376403613	0.452254588554	1.92981083797e-05	0.0586980315625	0.000122017244613	0.303705371479
42	15	right	middle	0	ERROR	0.996036771604	0.193700322241	0.000267335724145	0.00291443478273	0.0141265917947	0.985559743707	4.63287745573e-05	2.16034765987e-05	0.000804759123846	0.496729987005	0.202294006022	0.503220840792	2.75687262566e-05	0.0978300526041	0.000244034489226	0.506175619132
43	23	left	middle	0	noError	0.996052023539	0.197469783697	0.000263556259832	0.00290321898471	0.0139268768118	0.985763893128	4.56738005515e-05	1.80028971656e-05	0.00080166211998	0.413941655838	0.201780150698	0.586017367327	2.29739385472e-05	0.0992263797858	0.000243095356342	0.501523685819
44	17	middle	right	0	noError	0.996067157026	0.165410198828	0.000259882532577	0.00289209028935	0.0137327492015	0.985962331115	4.50371505777e-05	1.50024143046e-05	0.000798589167661	0.511618046531	0.223412723761	0.488347806106	1.91449487893e-05	0.0551755375131	0.00024216351683	0.556001539898
45	17	right	left	0	ERROR	0.994381652895	0.749188790767	0.000371260760824	0.00413155755621	0.019618213145	0.979946187308	6.43387865396e-05	1.50024143046e-05	0.00114084166809	0.511618046531	0.000452927809817	0.488347806106	1.91449487893e-05	0.249905353613	0.000345947881185	0.000452927809817
46	29	right	right	1	noError	0.904462601293	0.68924813818	0.000363997620485	0.0941925186758	0.0192344132654	0.980338509016	6.3080098078e-05	8.82494959096e-06	0.00103195181796	0.536245909724	0.000312210870733	0.463734003592	1.1261734582e-05	0.310127440079	0.00031292821335	0.000312210870733
47	18	middle	right	0	noError	0.912786071737	0.762902818916	0.00035701389637	0.0859862177309	0.0188653783372	0.980715737935	6.18698319187e-05	6.30353542211e-06	0.000942045450686	0.454461364089	0.000238210374416	0.54552428828	8.04409612997e-06	0.236620760335	0.000285665081108	0.000238210374416
48	15	middle	middle	1	noError	0.91977480373	0.747869938805	0.000350293768907	0.0790958661236	0.0185102724202	0.981078728564	6.070524656e-05	4.84887340162e-06	0.000866556325142	0.50343181853	0.000178168194957	0.496557144831	6.18776625383e-06	0.251773724805	0.00026277382129	0.000178168194957
49	19	left	middle	0	ERROR	0.799437009325	0.998982133292	0.000583822948178	0.197739665309	0.0308504540336	0.968464547607	0.000101175410933	6.92696200232e-06	0.00216639081285	0.719188312185	0.000397407434751	0.280795921186	8.8396660769e-06	0.000223051838656	0.000656934553226	0.000397407434751
50	17	left	middle	0	ERROR	0.748592523313	0.997964266584	0.000648692164643	0.244349163272	0.0342782822596	0.964960608453	0.000112417123259	1.38539240046e-05	0.00541597703213	0.638376624371	0.000794814869502	0.361591842373	1.76793321538e-05	0.000446103677312	0.00164233638306	0.000794814869502
