Trial	nTrans	naoDecision	humanDecision	guessCorr	errpDetector	x01	x12	x32	x00	x33	x30	x31	x21	x02	x20	x13	x23	x22	x10	x03	x11
1	36	left	middle	0	noError	0.239130434783	0.184210526316	0.34375	0.369565217391	0.15625	0.28125	0.21875	0.305555555556	0.239130434783	0.25	0.236842105263	0.25	0.194444444444	0.342105263158	0.152173913043	0.236842105263
2	30	right	middle	0	ERROR	0.000343048056558	0.000263749687665	0.0729166666667	0.000343048056558	0.260416666667	0.302083333333	0.364583333333	0.0277777777778	0.820332309161	0.25	0.360920625226	0.25	0.472222222222	0.638551875399	0.178981594726	0.000263749687665
3	32	right	right	1	noError	0.000248663446409	0.000239772443332	0.101715686275	0.000248663446409	0.329656862745	0.354166666667	0.214460784314	0.0115740740741	0.72479227126	0.395833333333	0.328109659296	0.1875	0.405092592593	0.671410795817	0.274710401847	0.000239772443332
4	14	middle	left	0	noError	0.00019501367673	0.000217974948483	0.0782428355958	0.00019501367673	0.330505279035	0.349358974359	0.241892911011	0.0072337962963	0.784169037222	0.434895833333	0.298281508451	0.1796875	0.37818287037	0.701282541652	0.215440935425	0.000217974948483
5	21	middle	middle	1	noError	0.000160408579448	0.000198159044076	0.0521618903972	0.000160408579448	0.22033685269	0.499572649573	0.22792860734	0.00401877572016	0.82246815341	0.352719907407	0.271165007683	0.322048611111	0.321212705761	0.728438674229	0.177211029431	0.000198159044076
6	22	middle	middle	1	noError	0.000116454821228	0.00016513253673	0.0951011814982	0.000116454821228	0.262710532931	0.374732905983	0.267455379588	0.00236398571774	0.725916133329	0.442776416122	0.225970839736	0.307087418301	0.24777217986	0.773698895191	0.273850957029	0.00016513253673
7	19	middle	middle	1	ERROR	0.000356950690697	0.000183480596366	0.223574373373	0.000356950690697	0.382517912692	0.000235091057598	0.393672622878	0.00393997619624	0.99897958431	0.57129402687	0.251078710817	0.178479030501	0.246286966433	0.74855432799	0.000306514309098	0.000183480596366
8	13	middle	left	0	ERROR	0.000713901381394	0.000203867329296	0.223574373373	0.000713901381394	0.382517912692	0.000235091057598	0.393672622878	0.0131332539875	0.997959168619	0.570980089567	0.278976345352	0.261596768337	0.154289888109	0.720615919989	0.000613028618195	0.000203867329296
9	10	middle	right	0	ERROR	0.000713901381394	0.00025483416162	0.389110023239	0.000713901381394	0.000314879220196	0.000740252888917	0.609834844652	0.0131332539875	0.997959168619	0.570980089567	0.0987204316906	0.261596768337	0.154289888109	0.900769899986	0.000613028618195	0.00025483416162
10	18	right	middle	0	ERROR	0.00237967127131	0.000318542702025	0.432344470265	0.00237967127131	0.000349865800218	0.000822503209908	0.566483160725	0.0534284529079	0.99319722873	0.288759844014	0.123400539613	0.657404884989	0.000406818089096	0.875962374983	0.00204342872732	0.000318542702025
11	18	middle	left	0	noError	0.00236382707908	0.000265452251688	0.520215293916	0.00236382707908	0.000218666125136	0.000514064506192	0.479051975453	0.0370389142756	0.993242522556	0.269505137292	0.186167116344	0.693173924539	0.000282023893781	0.813301979152	0.00202982328611	0.000265452251688
12	7	middle	left	0	noError	0.00236382707908	0.000241320228807	0.554011764551	0.00236382707908	0.000168204711643	0.000395434235533	0.445424596502	0.0284914725197	0.993242522556	0.207311644071	0.260151923949	0.763979941953	0.000216941456755	0.739365435593	0.00202982328611	0.000241320228807
13	26	middle	left	0	noError	0.00234819403029	0.000185630945236	0.572717073005	0.00234819403029	9.63433444524e-05	0.000226494587399	0.426960089063	0.0185501012051	0.993287212785	0.330298208825	0.353963018423	0.651010444692	0.000141245278762	0.645665719687	0.00201639915422	0.000185630945236
14	7	left	middle	0	ERROR	0.0026091044781	0.000206256605818	0.590896341256	0.0026091044781	0.000120429180566	0.000283118234249	0.408700111329	0.0265001445787	0.992541347539	0.328997441178	0.393292242692	0.644300635274	0.00020177896966	0.606295244097	0.00224044350469	0.000206256605818
15	10	left	middle	0	ERROR	0.00289900497567	0.000229174006464	0.484827235426	0.00289900497567	0.000200715300943	0.000471863723748	0.514500185549	0.0441669076312	0.991712608377	0.381662401963	0.325880269658	0.573834392123	0.000336298282766	0.673661382329	0.00248938167188	0.000229174006464
16	13	left	middle	0	noError	0.00287546243858	0.000208340005877	0.570689362855	0.00287546243858	0.000167262750785	0.00039321976979	0.428750154624	0.0276043172695	0.991779909477	0.488539001227	0.296254790598	0.483646495077	0.000210186426729	0.70332852939	0.00246916564576	0.000208340005877
17	11	left	middle	0	ERROR	0.00359432804823	0.000260425007346	0.672413375508	0.00359432804823	0.000238946786836	0.000561742528271	0.326785935177	0.0460071954492	0.989724886846	0.647565002045	0.245318488247	0.306077491795	0.000350310711215	0.754160661738	0.0030864570572	0.000260425007346
18	24	right	middle	0	ERROR	0.0359432804823	0.000325531259182	0.817733393582	0.0359432804823	0.000341352552623	0.000802489326101	0.181122764539	0.301617307936	0.897248868463	0.000655587251061	0.181648110309	0.695430512451	0.00229659236183	0.817700827173	0.030864570572	0.000325531259182
19	19	middle	left	0	noError	0.0325971465083	0.000275360757023	0.779851849982	0.0325971465083	0.000266231042764	0.000625885374088	0.219256033601	0.333418066692	0.906814468695	0.000435759752183	0.153652713083	0.664619660469	0.00152651308706	0.845796565403	0.0279912382885	0.000275360757023
20	17	middle	left	0	ERROR	0.0465673521548	0.000393372510033	0.759703699964	0.0465673521548	0.000532462085528	0.00125177074818	0.238512067202	0.33354516673	0.866877812421	0.00108939938046	0.219503875832	0.661549151172	0.00381628271766	0.779709379147	0.0399874832693	0.000393372510033
21	25	middle	left	0	noError	0.0377668403893	0.00028098036431	0.69428035607	0.0377668403893	0.000369714937828	0.000869166757438	0.304480762234	0.346829312141	0.810934312515	0.000708160548218	0.299645625595	0.649981765058	0.00248076225301	0.699792413677	0.113532006706	0.00028098036431
22	14	left	middle	0	ERROR	0.0437961128694	0.000312200404788	0.490467260117	0.000115964460934	0.000616191563046	0.0014486112624	0.507467937057	0.367073280352	0.824431143105	0.00177040137055	0.332939583994	0.624954412645	0.00620190563252	0.666436015196	0.131656779565	0.000312200404788
23	21	left	middle	0	ERROR	0.072993521449	0.000624400809577	0.726168150293	0.000193274101557	0.00154047890762	0.00362152815599	0.268669842643	0.66768320088	0.707385238508	0.00442600342636	0.665879167988	0.312386031613	0.0155047640813	0.332872030393	0.219427965942	0.000624400809577
24	9	left	right	0	noError	0.072993521449	0.000416267206385	0.635513961764	0.000193274101557	0.00118498377509	0.00278579088923	0.360515263572	0.697893818981	0.707385238508	0.00402363947851	0.643919445325	0.283987301466	0.0140952400739	0.288581353595	0.219427965942	0.0670829338731
25	20	left	right	0	noError	0.133071939576	0.000244863062579	0.623675974509	0.000148672385813	0.000789989183393	0.00185719392615	0.373676842381	0.713192290831	0.697988645006	0.00286991564872	0.555246732544	0.2738841716	0.0100536219203	0.346224325644	0.168790743032	0.0982840787489
26	28	left	middle	0	ERROR	0.22178656596	0.00240495847378	0.0594511040705	0.000247787309689	0.00198368726652	0.000251103092071	0.938314105571	0.0659614541555	0.663314408343	0.0143495782436	0.542613884601	0.869420857999	0.0502681096016	0.453998992262	0.114651238387	0.00098216466316
27	14	right	left	0	noError	0.170605050739	0.00171782748127	0.0560021609014	0.000190605622837	0.00186860740797	0.000236535821913	0.941892695869	0.0583482274948	0.741011083341	0.0126933595769	0.459009917572	0.884492214717	0.044466198211	0.538570708759	0.0881932602974	0.000701546187972
28	14	middle	right	0	ERROR	0.100864358198	0.00343565496255	0.080003087002	0.000272293746911	0.00266943915424	0.000337908317019	0.916989565527	0.000125409843398	0.772872976202	0.0159187223673	0.318019835144	0.983830457946	0.000125409843398	0.677141417517	0.125990371853	0.00140309237594
29	23	middle	right	0	noError	0.0822022304658	0.00211716949128	0.0738778429455	0.000221913406656	0.0024650599618	0.000312037178941	0.923345059914	0.000123426437077	0.814896477915	0.0156669614711	0.380845211244	0.984086185655	0.000123426437077	0.616172985183	0.102679378212	0.000864634081181
30	21	left	middle	0	ERROR	0.137003717443	0.00529292372821	0.184694607364	0.000369855677761	0.0061626499045	0.000780092947354	0.808362649784	0.000246852874153	0.691494129859	0.0313339229422	0.702113028111	0.968172371309	0.000246852874153	0.290432462958	0.171132297021	0.00216158520295
31	17	right	middle	0	ERROR	0.195719596347	0.00868165583145	0.211736518409	0.000528365253944	0.0154066247613	0.00195023236838	0.770906624461	0.000411421456922	0.559277328369	0.0522232049037	0.987608805665	0.946953952182	0.000411421456922	0.000164023822697	0.244474710029	0.00354551468074
32	12	left	right	0	noError	0.195719596347	0.00857624355525	0.288130459845	0.000528365253944	0.0107814528919	0.00136475955856	0.699723327705	0.000390733654184	0.559277328369	0.0495972277136	0.987759258992	0.949621304978	0.000390733654184	0.00016203225279	0.244474710029	0.00350246520031
33	16	right	middle	0	ERROR	0.217466218163	0.0142937392587	0.295011930011	0.000587072504382	0.0360903282653	0.000334744571321	0.668562997153	0.000558190934549	0.510308142633	0.070853182448	0.979598764986	0.928030435683	0.000558190934549	0.000270053754649	0.271638566699	0.00583744200051
34	27	middle	left	0	ERROR	0.217466218163	0.0285874785175	0.00144722530006	0.000587072504382	0.00144722530006	0.00484450812673	0.992261041273	0.00279095467274	0.510308142633	0.35426591224	0.959197529972	0.640152178415	0.00279095467274	0.000540107509298	0.271638566699	0.011674884001
35	14	middle	right	0	noError	0.217466218163	0.112726571473	0.00143625381643	0.000587072504382	0.00143625381643	0.0048077816809	0.992319710686	0.00253723152068	0.510308142633	0.322059920218	0.87656512217	0.67286561674	0.00253723152068	0.000473486753549	0.271638566699	0.0102348196026
36	14	right	middle	0	ERROR	0.241629131293	0.0318164286835	0.00359063454109	0.000652302782647	0.00359063454109	0.0120194542023	0.980799276716	0.00281914613408	0.56700904737	0.357844355798	0.941412805426	0.636517351934	0.00281914613408	0.00118371688387	0.190709518555	0.0255870490066
37	16	right	left	0	noError	0.21966284663	0.0300583973492	0.00352333626996	0.000593002529679	0.00352333626996	0.0117941768931	0.981159150567	0.00256286012189	0.606371861245	0.325313050725	0.944650067687	0.669561229031	0.00256286012189	0.00111831006548	0.173372289595	0.0241732248985
38	12	middle	right	0	ERROR	0.21966284663	0.00017542579267	0.00880834067489	0.000593002529679	0.00880834067489	0.0294854422326	0.952897876418	0.00284762235766	0.606371861245	0.36145894525	0.955456698518	0.632845810034	0.00284762235766	0.00196180429688	0.173372289595	0.0424060713921
39	21	middle	right	0	noError	0.199693496936	0.000167961049127	0.00767944582995	0.000539093208799	0.00767944582995	0.112890324761	0.871750783579	0.00258874759787	0.642156237496	0.328599041137	0.957352111485	0.666223463667	0.00258874759787	0.00187832531847	0.157611172359	0.0406016021473
40	12	left	right	0	ERROR	0.199693496936	0.000365531305248	0.0129628281394	0.000539093208799	0.000168799004856	0.190557744775	0.796310628081	0.00258874759787	0.642156237496	0.328599041137	0.995329066701	0.666223463667	0.00258874759787	0.00408777337907	0.157611172359	0.000217628615175
41	15	left	right	0	ERROR	0.221881663262	0.000913828263121	0.0432094271313	0.000598992454221	0.000562663349519	0.635192482583	0.321035426937	0.00287638621986	0.60239581944	0.365110045708	0.988322666751	0.629137181853	0.00287638621986	0.0102194334477	0.175123524844	0.000544071537938
42	10	left	middle	0	noError	0.247601279433	0.000903369651617	0.0308638765224	0.000460763426324	0.000401902392514	0.667994630416	0.300739590669	0.00261489656351	0.540304476492	0.33191822337	0.988456311876	0.662851983502	0.00261489656351	0.0101024737425	0.211633480649	0.00053784473026
43	20	right	middle	0	noError	0.209449395656	0.000893148736034	0.0215544107718	0.000277635978042	0.000280676643199	0.698300335511	0.279864577074	0.00174326437567	0.602496202139	0.42127881558	0.988586919608	0.575234655668	0.00174326437567	0.00998817221475	0.187776766227	0.000531759441059
44	22	middle	left	0	noError	0.256321786767	0.00088315750419	0.0143542991395	0.000173804506045	0.000186918424289	0.665889866418	0.319568916018	0.00124518883977	0.625953188129	0.372342011129	0.988714592332	0.625167611192	0.00124518883977	0.00987643926338	0.117551220598	0.000525810900076
45	23	left	left	1	noError	0.212863266766	0.000873388300002	0.0100099007694	0.000103829168772	0.000130346655098	0.697275407324	0.292584345252	0.000830125893177	0.597330806994	0.381561340753	0.988839427881	0.616778407461	0.000830125893177	0.00976718926963	0.189702097072	0.00051999454906
46	23	right	middle	0	ERROR	0.0643163338287	0.001091735375	0.0330551118089	0.000519145843861	0.000430436160901	0.000330224170753	0.966184227859	0.00207531473294	0.486654034969	0.453903351881	0.986049284852	0.541946018653	0.00207531473294	0.012208986587	0.448510485358	0.000649993186325
47	14	right	middle	0	ERROR	0.125264074916	0.00121303930556	0.0413188897611	0.00101110122431	0.000538045201126	0.000412780213441	0.957730284824	0.00465112129751	0.000194762461507	0.000224116430326	0.984499205391	0.990473640975	0.00465112129751	0.0135655406523	0.873530061399	0.000722214651472
48	10	left	right	0	ERROR	0.125264074916	0.00242607861112	0.0826377795223	0.00101110122431	0.00107609040225	0.000825560426882	0.915460569649	0.00465112129751	0.000194762461507	0.000224116430326	0.968998410781	0.990473640975	0.00465112129751	0.0271310813045	0.873530061399	0.00144442930294
49	11	middle	right	0	noError	0.113876431741	0.0023533561656	0.15419765236	0.000919182931193	0.000908522947377	0.000697005187202	0.844196819506	0.00460768758011	0.000177056783188	0.00022202355657	0.969927692863	0.990562601283	0.00460768758011	0.0263178188765	0.885027328544	0.00140113209452
50	17	right	left	0	ERROR	0.113876431741	0.00784452055201	0.270988261798	0.000919182931193	0.00454261473689	0.00348502593601	0.720984097529	0.00575960947513	0.000177056783188	0.000277529445713	0.899758976211	0.988203251604	0.00575960947513	0.0877260629216	0.885027328544	0.00467044031506
