Trial	nTrans	naoDecision	humanDecision	guessCorr	errpDetector	x01	x12	x32	x00	x33	x30	x31	x21	x02	x20	x13	x23	x22	x10	x03	x11
1	18	right	middle	0	ERROR	0.454462824941	0.25	0.000153822488848	0.272677694965	0.38455622212	0.230733733272	0.38455622212	0.998801438274	0.000181785129976	0.00039952057531	0.25	0.00039952057531	0.00039952057531	0.25	0.272677694965	0.25
2	21	left	right	0	ERROR	0.443078531176	0.000333111259161	0.000256370814746	0.340847118706	0.474260370199	0.38455622212	0.140927036866	0.997602876548	0.00022723141247	0.000799041150619	0.16655562958	0.000799041150619	0.000799041150619	0.000333111259161	0.215847118706	0.832778147901
3	10	middle	right	0	ERROR	0.443078531176	0.00199084133353	0.000284856460829	0.340847118706	0.526955966888	0.427284691244	0.0454744854068	0.997602876548	0.00022723141247	0.000799041150619	0.995420666765	0.000799041150619	0.000799041150619	0.00199084133353	0.215847118706	0.000597650568325
4	25	right	right	1	noError	0.373199998175	0.00198196345874	0.000167562624017	0.44261912073	0.427621156993	0.545461583085	0.0267496972981	0.997602876548	0.000100587026692	0.000799041150619	0.995441087652	0.000799041150619	0.000799041150619	0.00198196345874	0.184080294069	0.000594985430313
5	9	middle	middle	1	noError	0.266571427268	0.00197316528767	0.000128894326167	0.530442229093	0.405862428456	0.573431986988	0.0205766902293	0.997608370417	7.18478762089e-05	0.000797209861151	0.995461325205	0.000797209861151	0.000797209861151	0.00197316528767	0.202914495763	0.000592344219359
6	11	middle	middle	1	noError	0.261836733763	0.00196444575183	8.59295507781e-05	0.521744449352	0.403908285637	0.582287991326	0.0137177934862	0.997608370417	5.13199115778e-05	0.000797209861151	0.995481381882	0.000797209861151	0.000797209861151	0.00196444575183	0.216367496974	0.000589726614699
7	13	middle	middle	1	noError	0.307891155842	0.00195580380171	5.37059692363e-05	0.481162966235	0.439942678523	0.551429994578	0.00857362092888	0.997608370417	3.42132743852e-05	0.000797209861151	0.995501260095	0.000797209861151	0.000797209861151	0.00195580380171	0.210911664649	0.000587132301274
8	31	right	right	1	noError	0.38471007421	0.00194723840643	3.0715979725e-05	0.324363317255	0.423194379217	0.5718714058	0.0049034990033	0.997613838615	1.62920354215e-05	0.000795387128477	0.995520962218	0.000795387128477	0.000795387128477	0.00194723840643	0.2909103165	0.000584560969611
9	9	right	middle	0	ERROR	0.355887592763	0.00243404800804	6.143195945e-05	0.405454146568	0.246388758433	0.743742811601	0.0098069980066	0.997613838615	2.03650442769e-05	0.000795387128477	0.994401202772	0.000795387128477	0.000795387128477	0.00243404800804	0.238637895625	0.000730701212013
10	16	right	right	1	noError	0.364381995979	0.00242073686687	4.89046753204e-05	0.447474525871	0.19614484613	0.795999106827	0.00780714236814	0.997613838615	1.13139134872e-05	0.000795387128477	0.994431821059	0.000795387128477	0.000795387128477	0.00242073686687	0.188132164236	0.000726705207433
11	20	left	left	1	ERROR	0.421829949076	0.00345819552409	9.78093506407e-05	0.000655198619829	0.19228969226	0.791998213654	0.0156142847363	0.997613838615	7.41286050166e-05	0.000795387128477	0.992045458655	0.000795387128477	0.000795387128477	0.00345819552409	0.577440723699	0.00103815029633
12	18	right	right	1	noError	0.451143718172	0.00343124467096	6.94717142838e-05	0.000409499137393	0.278634274112	0.710205789706	0.0110904644683	0.997613838615	4.63303781354e-05	0.000795387128477	0.992107451008	0.000795387128477	0.000795387128477	0.00343124467096	0.548400452312	0.00103005965022
13	36	right	right	1	noError	0.499886057196	0.00340471327596	4.66348823831e-05	0.000204723381555	0.321296995588	0.671211576906	0.00744479262363	0.997619281322	2.31622262771e-05	0.000793572892773	0.992168478523	0.000793572892773	0.000793572892773	0.00340471327596	0.499886057196	0.00102209492544
14	9	left	left	1	noError	0.384527736305	0.00340471327596	2.91468014894e-05	0.000157479524273	0.450810622242	0.544507235566	0.00465299538977	0.997619281322	1.78170971363e-05	0.000793572892773	0.992168478523	0.000793572892773	0.000793572892773	0.00340471327596	0.615296967074	0.00102209492544
15	8	middle	middle	1	noError	0.372713643311	0.00337859162226	2.0819143921e-05	0.000121138095595	0.464864730173	0.531790882547	0.00332356813555	0.997619281322	1.37054593356e-05	0.000793572892773	0.99222856355	0.000793572892773	0.000793572892773	0.00337859162226	0.627151513134	0.001014253205
16	9	right	right	1	noError	0.286702802547	0.00337859162226	1.30119649506e-05	9.31831504574e-05	0.415540456358	0.582369301592	0.00207723008472	0.997619281322	1.05426610274e-05	0.000793572892773	0.99222856355	0.000793572892773	0.000793572892773	0.00337859162226	0.713193471641	0.001014253205
17	10	left	left	1	noError	0.222819109275	0.00337859162226	8.57443277047e-06	7.24198940502e-05	0.339723247048	0.658899356072	0.00136882244748	0.997619281322	8.19352416034e-06	0.000793572892773	0.99222856355	0.000793572892773	0.000793572892773	0.00337859162226	0.777100277307	0.001014253205
18	7	middle	middle	1	noError	0.182220444722	0.00337859162226	6.12459483605e-06	5.92246569133e-05	0.314088033606	0.68492811148	0.000977730319628	0.997619281322	6.70062644624e-06	0.000793572892773	0.99222856355	0.000793572892773	0.000793572892773	0.00337859162226	0.817713629995	0.001014253205
19	12	right	right	1	noError	0.154138509245	0.00337859162226	3.79238479604e-06	5.00975636465e-05	0.38024688725	0.619143904057	0.00060541630884	0.997619281322	5.66799501014e-06	0.000793572892773	0.99222856355	0.000793572892773	0.000793572892773	0.00337859162226	0.845805725197	0.001014253205
20	10	left	left	1	noError	0.133557987948	0.00337859162226	2.74660007454e-06	4.34085539979e-05	0.275390337488	0.724168448677	0.000438467235899	0.997619281322	4.91120624535e-06	0.000793572892773	0.99222856355	0.000793572892773	0.000793572892773	0.00337859162226	0.866393692292	0.001014253205
21	7	middle	middle	1	noError	0.117827300157	0.0033528702909	2.15296084171e-06	3.82958204138e-05	0.215868563572	0.783785584799	0.000343698668771	0.997624698716	4.33275599082e-06	0.000791767094771	0.992287727757	0.000791767094771	0.000791767094771	0.0033528702909	0.882130071267	0.00100653166133
22	11	right	right	1	noError	0.105412837765	0.00332754014939	1.52032972661e-06	3.42609149069e-05	0.293668759464	0.706087014768	0.000242705437556	0.997624698716	3.87625027248e-06	0.000791767094771	0.992345992148	0.000791767094771	0.000791767094771	0.00332754014939	0.894549025069	0.000998927552846
23	12	left	left	1	noError	0.0953659427242	0.00332754014939	1.0177510449e-06	3.09955079282e-05	0.330475611301	0.669360897171	0.000162473776809	0.997624698716	3.5068049519e-06	0.000791767094771	0.992345992148	0.000791767094771	0.000791767094771	0.00332754014939	0.904599554963	0.000998927552846
24	9	right	right	1	noError	0.163445051439	0.00330259234091	7.82885419157e-07	2.59311439704e-05	0.254212008693	0.745662228593	0.000124979828314	0.997630090973	2.93382719505e-06	0.000789969675754	0.992403377097	0.000789969675754	0.000789969675754	0.00330259234091	0.83652608359	0.000991438220742
25	6	middle	middle	1	noError	0.140492277791	0.00330259234091	5.78100416106e-07	2.22896040599e-05	0.261558210952	0.738348922997	9.22879504272e-05	0.997630090973	2.52182651997e-06	0.000789969675754	0.992403377097	0.000789969675754	0.000789969675754	0.00330259234091	0.859482910778	0.000991438220742
26	10	left	left	1	noError	0.123193767542	0.00327801827404	4.24589591878e-07	1.95451333294e-05	0.265548767916	0.734383026012	6.77814824475e-05	0.997635458267	2.21131947584e-06	0.000788180577545	0.992459902366	0.000788180577545	0.000788180577545	0.00327801827404	0.876784476005	0.000984061085868
27	10	middle	middle	1	noError	0.182479711167	0.00325380961284	3.35506832864e-07	1.59797933604e-05	0.209834220618	0.790111883564	5.35603107984e-05	0.997635458267	1.80793999623e-06	0.000788180577545	0.992515587129	0.000788180577545	0.000788180577545	0.00325380961284	0.8175025011	0.000976793645775
28	12	middle	middle	1	noError	0.154330258087	0.00325380961284	2.37983870734e-07	1.35147388042e-05	0.290706252833	0.709255517438	3.7991745124e-05	0.997635458267	1.52904585633e-06	0.000788180577545	0.992515587129	0.000788180577545	0.000788180577545	0.00325380961284	0.845654698128	0.000976793645775
29	9	right	right	1	noError	0.202775531794	0.00322995826744	1.71132071294e-07	1.0775195876e-05	0.280953369271	0.719019140074	2.73195238613e-05	0.997635458267	1.21909633949e-06	0.000788180577545	0.992570449993	0.000788180577545	0.000788180577545	0.00322995826744	0.797212473914	0.000969633471885
30	11	left	left	1	noError	0.309827332149	0.00320645638502	1.23929642491e-07	8.28861221232e-06	0.275877072618	0.724103019324	1.97841281273e-05	0.997640800772	9.37766414989e-07	0.00078639974251	0.992624509023	0.00078639974251	0.00078639974251	0.00320645638502	0.690163441472	0.000962578206783
31	10	left	left	1	noError	0.315251793961	0.00318329634121	8.3974722888e-08	6.37585554794e-06	0.322454293408	0.677532216892	1.34057247618e-05	0.997640800772	7.21358780761e-07	0.00078639974251	0.992677781756	0.00078639974251	0.00078639974251	0.00318329634121	0.684741108825	0.000955625561632
32	7	middle	middle	1	noError	0.262709828301	0.00316047073183	6.45959406831e-08	5.31321295662e-06	0.24804176416	0.751947859148	1.03120959706e-05	0.997646118659	6.01132317301e-07	0.000784627113541	0.992730285223	0.000784627113541	0.000784627113541	0.00316047073183	0.737284257354	0.000948773313696
33	9	left	left	1	noError	0.2080679176	0.003137972365	4.79215386996e-08	4.20809972279e-06	0.258200386803	0.741791915081	7.65019443801e-06	0.997646118659	4.7610076209e-07	0.000784627113541	0.992782035966	0.000784627113541	0.000784627113541	0.003137972365	0.7919273982	0.000942019303972
34	8	left	left	1	noError	0.173389931333	0.00311579425356	3.28655599645e-08	3.50674976899e-06	0.314243087699	0.685751632778	5.24665799273e-06	0.997646118659	3.96750635075e-07	0.000784627113541	0.992833050058	0.000784627113541	0.000784627113541	0.00311579425356	0.826606165167	0.00093536143492
35	9	left	left	1	noError	0.147780484466	0.0030939296079	2.19103733097e-08	2.98880780319e-06	0.342828725132	0.657167755185	3.49777199516e-06	0.997646118659	3.38151129151e-07	0.000784627113541	0.992883343116	0.000784627113541	0.000784627113541	0.0030939296079	0.852216188575	0.000928797668292
36	7	middle	middle	1	noError	0.128764109936	0.00307237182896	1.56502666498e-08	2.60420838339e-06	0.387734803666	0.612262682275	2.49840856797e-06	0.997646118659	2.94637883522e-07	0.000784627113541	0.992932930319	0.000784627113541	0.000784627113541	0.00307237182896	0.871232991218	0.000922326023053
37	5	middle	middle	1	noError	0.11705828176	0.00307237182896	1.11787618927e-08	2.36746216672e-06	0.491239145476	0.508759058768	1.78457754855e-06	0.997646118659	2.67852621384e-07	0.000784627113541	0.992932930319	0.000784627113541	0.000784627113541	0.00307237182896	0.882939082925	0.000922326023053
38	10	right	right	1	noError	0.178360930671	0.00305111450162	7.98482992335e-09	1.9453888235e-06	0.42231367534	0.577685041977	1.27469824896e-06	0.997651412098	2.2009960848e-07	0.000782862634058	0.992981826423	0.000782862634058	0.000782862634058	0.00305111450162	0.82163690384	0.000915944573386
39	9	right	right	1	noError	0.151376149565	0.00303015138835	5.3232199489e-09	1.65106488512e-06	0.41487578356	0.585123361318	8.49798832642e-07	0.997656681256	1.8680005272e-07	0.000781106247998	0.993030045777	0.000781106247998	0.000781106247998	0.00303015138835	0.84862201257	0.000909651446783
40	11	right	right	1	noError	0.200895526086	0.00300947642309	3.54881329927e-09	1.31950286164e-06	0.40991718904	0.590082240879	5.66532555095e-07	0.997661926301	1.49287412227e-07	0.000779357899814	0.993077602332	0.000779357899814	0.000779357899814	0.00300947642309	0.799103005123	0.000903444822211
41	5	middle	middle	1	noError	0.167412938405	0.00300947642309	2.72985638405e-09	1.09958571803e-06	0.392243991569	0.607755569907	4.3579427315e-07	0.997661926301	1.24406176856e-07	0.000779357899814	0.993077602332	0.000779357899814	0.000779357899814	0.00300947642309	0.832585837603	0.000903444822211
42	6	middle	middle	1	noError	0.143417208322	0.00298908370539	2.09988952619e-09	9.41979248993e-07	0.378649224284	0.62135043839	3.35226363961e-07	0.997661926301	1.06574717298e-07	0.000779357899814	0.993124509661	0.000779357899814	0.000779357899814	0.00298908370539	0.856581743124	0.000897322928357
43	11	middle	middle	1	noError	0.130379280292	0.00296896749481	1.15299307168e-09	8.56344771811e-07	0.549018297388	0.450981517395	1.84063813963e-07	0.997661926301	9.68861066346e-08	0.000779357899814	0.993170780968	0.000779357899814	0.000779357899814	0.00296896749481	0.869619766477	0.000891284041941
44	14	left	left	1	noError	0.115351287606	0.00294912220553	6.9841047354e-10	7.57639341477e-07	0.605676347626	0.394323540182	1.11494247996e-07	0.997667147397	8.57186596395e-08	0.000777617534461	0.993216429103	0.000777617534461	0.000777617534461	0.00294912220553	0.884647869036	0.000885326486102
45	8	left	left	1	noError	0.179459406338	0.0029295424012	4.67406918924e-10	6.31366117898e-07	0.66917693239	0.330822992526	7.46168405371e-08	0.997667147397	7.14322163662e-08	0.000777617534461	0.993261466569	0.000777617534461	0.000777617534461	0.0029295424012	0.820539890863	0.00087944862884
46	12	middle	right	0	noError	0.254054005762	0.00291022278992	3.0535041172e-10	5.73969198089e-07	0.653220704096	0.346779246853	4.8746139727e-08	0.997667147397	6.49383785148e-08	0.000777617534461	0.993305905539	0.000777617534461	0.000777617534461	0.00291022278992	0.74594535533	0.000873648881533
47	16	left	left	1	noError	0.349272312125	0.00289115821951	1.85434050504e-10	4.41514767761e-07	0.607222063511	0.392777906701	2.96026918224e-08	0.997672344708	4.99525988575e-08	0.000775885097402	0.993349757863	0.000775885097402	0.000775885097402	0.00289115821951	0.650727196408	0.000867925697498
48	8	middle	middle	1	ERROR	0.311590390156	0.00361394777439	3.0905675084e-10	5.51893459701e-07	0.845370105852	0.154629844501	4.9337819704e-08	0.997672344708	6.24407485719e-08	0.000775885097402	0.991687197329	0.000775885097402	0.000775885097402	0.00361394777439	0.68840899551	0.00108490712187
49	16	right	middle	0	ERROR	0.235100433506	0.00451743471799	5.64694589036e-09	6.13214955223e-07	0.00182715500471	0.99817193787	9.01478441936e-07	0.997672344708	6.93786095243e-08	0.000775885097402	0.989608996662	0.000775885097402	0.000775885097402	0.00451743471799	0.7648988839	0.00135613390234
50	10	left	left	1	noError	0.251011350826	0.00447141932677	5.63720445082e-09	4.59336661092e-07	0.00182400301417	0.998175091425	8.9992331853e-07	0.997672344708	5.19689524508e-08	0.000775885097402	0.989714841265	0.000775885097402	0.000775885097402	0.00447141932677	0.748988137868	0.0013423200819
