Trial	naoDecision	errpDetector	x01	x12	x32	x00	x33	x30	x31	x21	x02	x20	x13	x23	x22	x10	x03	x11
0	middle	noError	0.208333333333	0.25	0.233333333333	0.208333333333	0.233333333333	0.233333333333	0.3	0.178571428571	0.375	0.178571428571	0.25	0.392857142857	0.25	0.178571428571	0.208333333333	0.321428571429
1	left	noError	0.205555555556	0.178571428571	0.155555555556	0.205555555556	0.222222222222	0.355555555556	0.266666666667	0.253246753247	0.383333333333	0.162337662338	0.392857142857	0.357142857143	0.227272727273	0.198979591837	0.205555555556	0.229591836735
2	middle	ERROR	0.211111111111	0.357142857143	0.0793650793651	0.0111111111111	0.31746031746	0.365079365079	0.238095238095	0.191558441558	0.766666666667	0.202922077922	0.385714285714	0.446428571429	0.159090909091	0.197959183673	0.0111111111111	0.0591836734694
3	middle	noError	0.286841717639	0.274725274725	0.0529100529101	0.00775247885511	0.278306878307	0.443386243386	0.225396825397	0.159632034632	0.697653324651	0.252435064935	0.527472527473	0.455357142857	0.132575757576	0.152276295133	0.00775247885511	0.0455259026688
4	middle	noError	0.29757055203	0.228937728938	0.158068783069	0.00596344527316	0.361441798942	0.339616402116	0.140873015873	0.185451453309	0.690502557424	0.251739332096	0.522893772894	0.468112244898	0.094696969697	0.210230245945	0.00596344527316	0.037938252224
5	middle	noError	0.228900424639	0.329952099183	0.198514448514	0.00458726559474	0.278032153032	0.41508954009	0.108363858364	0.240907158318	0.761925044172	0.28233708256	0.479149056072	0.417570153061	0.0591856060606	0.161715573803	0.00458726559474	0.0291832709415
6	left	noError	0.30635744617	0.378537213702	0.152703421934	0.00327661828196	0.290793963871	0.396222723146	0.160279891049	0.314933684513	0.687089317266	0.273097916114	0.413677897194	0.369692966472	0.0422754329004	0.186939695574	0.00327661828196	0.0208451935297
7	right	ERROR	0.382946807713	0.357074427404	0.087839036557	0.00409577285245	0.317989939785	0.493704538576	0.100466485082	0.0248894741879	0.608861646582	0.455163193524	0.427355794389	0.449488277454	0.0704590548341	0.173879391148	0.00409577285245	0.0416903870593
8	left	noError	0.323899654631	0.415522206731	0.0627421689693	0.0027469265583	0.298564242703	0.566931813269	0.0717617750585	0.016592982792	0.670606492253	0.370108795683	0.388505267626	0.566325518303	0.0469727032227	0.158072173771	0.0027469265583	0.0379003518721
9	right	noError	0.374214039022	0.368230147665	0.0448158349781	0.00196209039879	0.356117316217	0.547808438049	0.0512584107561	0.08968690984	0.621861780181	0.361622150525	0.348932334019	0.512558091002	0.0361328486328	0.184337266979	0.00196209039879	0.0985002513372
10	middle	ERROR	0.534591484317	0.382312206035	0.0816553188686	0.00280298628398	0.284448772244	0.633713706952	0.000182201935786	0.000163823485459	0.459802543115	0.592422011183	0.35480676054	0.348220073305	0.0591940920261	0.262738502017	0.00280298628398	0.000142531407958
11	middle	ERROR	0.836478710792	0.546160294336	0.102069148586	0.00700746570995	0.355560965305	0.54214213369	0.000227752419732	0.000273039142432	0.149506357788	0.654036685305	0.364009657914	0.247033455509	0.0986568200434	0.0896264314528	0.00700746570995	0.000203616297083
12	middle	noError	0.859447913903	0.60440021024	0.144335106133	0.00602315410157	0.325400689503	0.530101524064	0.000162680299809	0.000210030109563	0.128505777894	0.656951296389	0.331435469939	0.26694881193	0.0758898615719	0.0640188796091	0.00602315410157	0.000145440212202
13	right	ERROR	0.765746523172	0.507333683733	0.0633358659038	0.0100385901693	0.464858127862	0.471573605806	0.000232400428298	0.000350050182605	0.21417629649	0.594918827315	0.385725783231	0.278248019883	0.12648310262	0.106698132682	0.0100385901693	0.00024240035367
14	right	noError	0.749463998982	0.422778069778	0.0365039408679	0.00752431436386	0.57629733095	0.387064783041	0.000133945141054	0.000350050182605	0.160533477002	0.594918827315	0.404771486026	0.278248019883	0.12648310262	0.172248443902	0.0824782096516	0.000202000294725
15	left	ERROR	0.698927997965	0.422046818284	0.0456299260848	0.0150486287277	0.595371663688	0.358830978801	0.000167431426318	0.000500071689436	0.121066954004	0.564169753307	0.577381050609	0.254640028404	0.1806901466	0.000189447201291	0.164956419303	0.000382683904957
16	right	noError	0.691483075358	0.351705681904	0.0284382176694	0.0115758682521	0.623173787194	0.348283645825	0.000104349310965	0.00045461062676	0.093128426157	0.603790684824	0.647817542175	0.231490934913	0.164263769636	0.000157872667743	0.203812630233	0.000318903254131
17	left	ERROR	0.652471792263	0.0738652598622	0.0568764353389	0.0192931137535	0.646347574388	0.296567291651	0.000208698621929	0.000649443752515	0.155214043595	0.576843835463	0.925453631678	0.187844192733	0.234662528052	0.000225532382489	0.173021050389	0.00045557607733
18	middle	noError	0.680336994473	0.0687472749129	0.0366105671114	0.0137807955382	0.643621665749	0.319633430752	0.000134336388324	0.000541203127095	0.182295745425	0.564036529553	0.930618809352	0.156536827277	0.278885440043	0.000209905667829	0.123586464563	0.00042401006766
19	left	noError	0.757750858286	0.0642929806623	0.0803591571243	0.0104434539923	0.555071568087	0.364490253383	7.90214048968e-05	0.000492002842814	0.138148572415	0.603669572321	0.935114176462	0.142306206616	0.253532218221	0.000196305396247	0.093657115307	0.00039653747898
20	right	noError	0.804975800748	0.0603811388554	0.128827969375	0.00840756849691	0.396479691491	0.474635895274	5.64438606405e-05	0.000378463725242	0.11121737944	0.618207363324	0.939062089198	0.109466312781	0.27194786017	0.000184361391659	0.0753992513151	0.000372410554512
21	left	noError	0.772168749783	0.0569183456215	0.0805174808591	0.00649271092606	0.310299807182	0.609147434546	3.52774129003e-05	0.000378463725242	0.0858871735535	0.618207363324	0.942556812703	0.109466312781	0.27194786017	0.000173788464555	0.135451365737	0.000351053210599
22	left	noError	0.753089151013	0.135584973709	0.0506159679435	0.004890079167	0.320791440645	0.628570414856	2.21765557174e-05	0.000344057932038	0.0646871673311	0.562006693931	0.863961537922	0.19042392071	0.247225327427	0.000150161565266	0.177333602488	0.000303326804402
23	middle	noError	0.742420511947	0.119359435599	0.0369101407071	0.00363085816444	0.233927309759	0.729146377962	1.61715724342e-05	0.000344057932038	0.0480298828746	0.562006693931	0.880241345267	0.19042392071	0.247225327427	0.000132191637381	0.205918747014	0.000267027497112
24	middle	ERROR	0.684841023893	0.238718871198	0.0738202814142	0.00726171632888	0.467854619517	0.458292755924	3.23431448685e-05	0.000344057932038	0.0960597657493	0.562006693931	0.760482690533	0.19042392071	0.247225327427	0.000264383274762	0.211837494028	0.000534054994223
25	left	noError	0.560600731352	0.217017155634	0.152122378563	0.00518694023492	0.482141455287	0.365718197735	1.79684138158e-05	0.000286714943365	0.0686141183923	0.551672244942	0.782256991394	0.242019933925	0.206021106189	0.000240348431602	0.36559821002	0.000485504540203
26	right	noError	0.471857665252	0.197288323304	0.168081585709	0.00370495731065	0.388094303525	0.443812131824	1.19789425439e-05	0.000191143295577	0.120438655995	0.501114829961	0.802051810358	0.228013289283	0.27068073746	0.000218498574183	0.403998721443	0.000441367763821
27	right	ERROR	0.786429442086	0.197288323304	0.000187963418772	0.00617492885109	0.541511902194	0.458277618358	2.25160299383e-05	0.000477858238941	0.0340644266575	0.752787074904	0.802051810358	0.0700332232086	0.176701843649	0.000218498574183	0.173331202405	0.000441367763821
28	left	noError	0.824000214491	0.16470227614	0.000117477136733	0.00508865156292	0.400944938871	0.598923511473	1.40725187114e-05	0.000477858238941	0.0280719020626	0.752787074904	0.834746847427	0.0700332232086	0.176701843649	0.000182409236891	0.142839231883	0.000368467196125
29	middle	noError	0.783682238493	0.141356761363	7.82671398458e-05	0.00398828467621	0.33374602647	0.666166330814	9.37557571286e-06	0.000477858238941	0.0220016512123	0.752787074904	0.858170445484	0.0700332232086	0.176701843649	0.00015655387147	0.190327825619	0.000316239281773
30	middle	noError	0.759676726179	0.123809321397	5.45897341521e-05	0.0030301100569	0.302529009252	0.697409861741	6.53927288894e-06	0.000477858238941	0.0167158139448	0.752787074904	0.875776576024	0.0700332232086	0.176701843649	0.000137119925512	0.220577349819	0.000276982653661
31	right	ERROR	0.919353452358	0.176870459138	0.000109179468304	0.0060602201138	0.405058018504	0.594819723482	1.30785457779e-05	0.000597322798677	0.0334316278897	0.815983843629	0.822537965749	0.0875415290108	0.0958773045611	0.000195885607874	0.041154699639	0.00039568950523
32	middle	ERROR	0.865589087263	0.153740918276	0.000218358936608	0.0101003668563	0.410116037009	0.589639446963	2.61570915557e-05	0.00066369199853	0.0557193798162	0.795537604033	0.845075931498	0.0972683655675	0.106530338401	0.000391771215748	0.068591166065	0.00079137901046
33	left	ERROR	0.775981812104	0.256234863793	0.000727863122028	0.0168339447605	0.367053456696	0.632131489877	8.71903051858e-05	0.00066369199853	0.0928656330269	0.795537604033	0.741793219163	0.0972683655675	0.106530338401	0.000652952026247	0.114318610108	0.00131896501743
34	right	noError	0.697129865789	0.213529053161	0.000428154777664	0.0120242462575	0.451207915704	0.548312641104	5.12884148152e-05	0.000553076665441	0.0663325950192	0.746281336694	0.784827682636	0.0810569713063	0.172108615334	0.000544126688539	0.224513292935	0.00109913751453
35	middle	ERROR	0.710185522555	0.141911316451	0.00172024264602	0.0171774946536	0.000401780555949	0.99767190992	0.000206066878182	0.000691345831802	0.0947608500275	0.807851670867	0.856034603295	0.101321214133	0.0901357691679	0.000680158360674	0.177876132764	0.00137392189316
36	left	noError	0.719500311919	0.124062950816	0.00171641831141	0.0123604488061	0.000400887342837	0.997677085582	0.000205608763336	0.000691345831802	0.0681872798805	0.807851670867	0.8741413132	0.101321214133	0.0901357691679	0.000594613983982	0.199951959394	0.00120112200012
37	left	noError	0.675425702971	0.249279192935	0.00171261132301	0.00834939976391	0.000399998181114	0.997682237769	0.000205152726383	0.00057996459951	0.113609372681	0.838808272755	0.749339471692	0.0849975723774	0.0756141902682	0.000457395372293	0.202615524584	0.000923940000093
38	left	noError	0.701943167445	0.199333968483	0.00170882156308	0.00586139025556	0.00039911304328	0.99768736664	0.000204698753219	0.000527240545009	0.0797552984412	0.853462066141	0.799561458535	0.0772705203431	0.0687401729711	0.000365752286227	0.212440143859	0.000738820696143
39	left	noError	0.625736552846	0.166064790554	0.00170504891497	0.0036680529387	0.000398231902089	0.997692472353	0.00020424682987	0.000479309586372	0.112490709873	0.866783696492	0.83301499157	0.0702459275847	0.0624910663374	0.000304707608389	0.258104684342	0.000615510266996
40	left	noError	0.635194523039	0.142314614855	0.00170129326306	0.00233016015289	0.000397354730536	0.997697555064	0.000203796942485	0.000435735987611	0.134986433752	0.878894269538	0.856896774555	0.0638599341679	0.0568100603067	0.000261129079719	0.227488883057	0.000527481510645
41	left	noError	0.584496576899	0.124509372928	0.00169755449276	0.00145635009556	0.00039648150186	0.997702614928	0.000203349077339	0.000396123625101	0.146866521095	0.889903881398	0.874800680996	0.0580544856072	0.0516455093697	0.00022845874264	0.26718055191	0.000461487333459
42	left	noError	0.552810360562	0.183258099523	0.00169383249054	0.000910218809723	0.00039561218954	0.997707652099	0.000202903220831	0.000356869378606	0.216791575684	0.900813960737	0.816178724851	0.0523015212704	0.0465276486145	0.00018648181343	0.229487844944	0.000376693812738
43	right	ERROR	0.632025901405	0.261797285033	0.00282305415089	0.00227554702431	0.000659353649234	0.996179420165	0.000338172034718	0.000446086723258	0.0419789392105	0.876017450921	0.737398178358	0.065376901588	0.0581595607681	0.000266402590615	0.32371961236	0.000538134018198
44	right	noError	0.637742533598	0.329855203595	0.00281258968642	0.00145135826043	0.000656909564754	0.996193582246	0.000336918502532	0.000396915784148	0.090555063916	0.889683713675	0.669570127399	0.0581705816516	0.0517487888888	0.000190287564725	0.270251044226	0.00038438144157
45	left	noError	0.683852473469	0.300528718465	0.00280220354944	0.000992614197703	0.000654483774472	0.996207638323	0.00033567435315	0.000360832531043	0.0619324976938	0.899712466978	0.699069507778	0.052882346956	0.0470443535352	0.000133037537962	0.25322241464	0.000268736218779
46	middle	noError	0.759774992804	0.400352478977	0.00279189486384	0.000754238868804	0.000652076073767	0.996221589581	0.000334439481624	0.000327973659229	0.0470594689366	0.908845055945	0.599379671852	0.0480666662444	0.0427603041511	8.86916919749e-05	0.192411299391	0.000179157479186
47	left	noError	0.806289683861	0.400234985984	0.00278166276653	0.000608195838667	0.000649686261055	0.996235437188	0.000333213784567	0.000300602330814	0.0379473590674	0.916452471481	0.599586447901	0.0440552205976	0.0391917055911	5.91277946499e-05	0.155154761233	0.000119438319457
48	left	noError	0.717488948252	0.538642296911	0.00277150640722	0.00043641743436	0.000647314137738	0.996249182295	0.000331997160121	0.00027744982835	0.0272295336996	0.922887332962	0.46122034454	0.0406620712475	0.0361731459618	4.54829189615e-05	0.254845100614	9.18756303518e-05
49	middle	noError	0.779703199405	0.425761531274	0.00276142494813	0.000340310100857	0.000644959508147	0.996262826036	0.000330789507928	0.000257610552634	0.0212330778517	0.928401336959	0.57414689636	0.0377544967594	0.0335865557285	3.03219459743e-05	0.198723412643	6.12504202346e-05
