Block	Trial	nTrans	naoDecision	humanDecision	guessCorr	falseFeedback	x01	x12	x32	x00	x33	x30	x31	x21	x02	x20	x13	x23	x22	x10	x03	x11
1	1	6	left	left	1	0	0.05	0.05	0.05	0.85	0.05	0.85	0.05	0.05	0.05	0.85	0.05	0.05	0.05	0.85	0.05	0.05
1	2	5	right	left	0	1	0.05	0.05	0.05	0.85	0.05	0.85	0.05	0.05	0.05	0.85	0.05	0.05	0.05	0.85	0.05	0.05
1	3	4	middle	right	0	1	0.05	0.05	0.05	0.85	0.05	0.85	0.05	0.05	0.05	0.85	0.05	0.05	0.05	0.85	0.05	0.05
1	4	5	left	middle	0	2	0.05	0.05	0.05	0.85	0.05	0.85	0.05	0.05	0.05	0.85	0.05	0.05	0.05	0.85	0.05	0.05
1	5	6	right	left	0	1	0.05	0.05	0.05	0.85	0.05	0.85	0.05	0.05	0.05	0.85	0.05	0.05	0.05	0.85	0.05	0.05
1	6	6	right	right	1	0	0.05	0.05	0.05	0.85	0.05	0.85	0.05	0.05	0.05	0.85	0.05	0.05	0.05	0.85	0.05	0.05
1	7	9	middle	left	0	1	0.05	0.05	0.05	0.85	0.05	0.85	0.05	0.05	0.05	0.85	0.05	0.05	0.05	0.85	0.05	0.05
1	8	9	right	middle	0	2	0.05	0.05	0.05	0.85	0.05	0.85	0.05	0.05	0.05	0.85	0.05	0.05	0.05	0.85	0.05	0.05
1	9	8	left	middle	0	2	0.05	0.05	0.05	0.85	0.05	0.85	0.05	0.05	0.05	0.85	0.05	0.05	0.05	0.85	0.05	0.05
1	10	6	right	middle	0	1	0.05	0.05	0.05	0.85	0.05	0.85	0.05	0.05	0.05	0.85	0.05	0.05	0.05	0.85	0.05	0.05
1	11	10	right	left	0	2	0.05	0.05	0.05	0.85	0.05	0.85	0.05	0.05	0.05	0.85	0.05	0.05	0.05	0.85	0.05	0.05
1	12	7	right	right	1	0	0.05	0.05	0.05	0.85	0.05	0.85	0.05	0.05	0.05	0.85	0.05	0.05	0.05	0.85	0.05	0.05
1	13	10	left	middle	0	1	0.05	0.05	0.05	0.85	0.05	0.85	0.05	0.05	0.05	0.85	0.05	0.05	0.05	0.85	0.05	0.05
1	14	8	left	right	0	1	0.05	0.05	0.05	0.85	0.05	0.85	0.05	0.05	0.05	0.85	0.05	0.05	0.05	0.85	0.05	0.05
1	15	12	middle	left	0	2	0.05	0.05	0.05	0.85	0.05	0.85	0.05	0.05	0.05	0.85	0.05	0.05	0.05	0.85	0.05	0.05
1	16	6	middle	middle	1	0	0.05	0.05	0.05	0.85	0.05	0.85	0.05	0.05	0.05	0.85	0.05	0.05	0.05	0.85	0.05	0.05
1	17	11	middle	left	0	2	0.05	0.05	0.05	0.85	0.05	0.85	0.05	0.05	0.05	0.85	0.05	0.05	0.05	0.85	0.05	0.05
1	18	9	left	middle	0	1	0.05	0.05	0.05	0.85	0.05	0.85	0.05	0.05	0.05	0.85	0.05	0.05	0.05	0.85	0.05	0.05
1	19	14	left	middle	0	2	0.05	0.05	0.05	0.85	0.05	0.85	0.05	0.05	0.05	0.85	0.05	0.05	0.05	0.85	0.05	0.05
1	20	8	left	left	1	0	0.05	0.05	0.05	0.85	0.05	0.85	0.05	0.05	0.05	0.85	0.05	0.05	0.05	0.85	0.05	0.05
1	21	8	middle	middle	1	0	0.05	0.05	0.05	0.85	0.05	0.85	0.05	0.05	0.05	0.85	0.05	0.05	0.05	0.85	0.05	0.05
1	22	6	right	middle	0	1	0.05	0.05	0.05	0.85	0.05	0.85	0.05	0.05	0.05	0.85	0.05	0.05	0.05	0.85	0.05	0.05
1	23	8	middle	middle	1	0	0.05	0.05	0.05	0.85	0.05	0.85	0.05	0.05	0.05	0.85	0.05	0.05	0.05	0.85	0.05	0.05
1	24	7	middle	middle	1	0	0.05	0.05	0.05	0.85	0.05	0.85	0.05	0.05	0.05	0.85	0.05	0.05	0.05	0.85	0.05	0.05
1	25	7	middle	middle	1	0	0.05	0.05	0.05	0.85	0.05	0.85	0.05	0.05	0.05	0.85	0.05	0.05	0.05	0.85	0.05	0.05
1	26	6	left	right	0	1	0.05	0.05	0.05	0.85	0.05	0.85	0.05	0.05	0.05	0.85	0.05	0.05	0.05	0.85	0.05	0.05
1	27	6	middle	left	0	1	0.05	0.05	0.05	0.85	0.05	0.85	0.05	0.05	0.05	0.85	0.05	0.05	0.05	0.85	0.05	0.05
1	28	6	right	right	1	0	0.05	0.05	0.05	0.85	0.05	0.85	0.05	0.05	0.05	0.85	0.05	0.05	0.05	0.85	0.05	0.05
1	29	9	left	middle	0	1	0.05	0.05	0.05	0.85	0.05	0.85	0.05	0.05	0.05	0.85	0.05	0.05	0.05	0.85	0.05	0.05
1	30	7	left	right	0	1	0.05	0.05	0.05	0.85	0.05	0.85	0.05	0.05	0.05	0.85	0.05	0.05	0.05	0.85	0.05	0.05
1	31	11	left	right	0	2	0.05	0.05	0.05	0.85	0.05	0.85	0.05	0.05	0.05	0.85	0.05	0.05	0.05	0.85	0.05	0.05
1	32	11	right	left	0	2	0.05	0.05	0.05	0.85	0.05	0.85	0.05	0.05	0.05	0.85	0.05	0.05	0.05	0.85	0.05	0.05
1	33	5	left	left	1	0	0.05	0.05	0.05	0.85	0.05	0.85	0.05	0.05	0.05	0.85	0.05	0.05	0.05	0.85	0.05	0.05
1	34	6	left	middle	0	2	0.05	0.05	0.05	0.85	0.05	0.85	0.05	0.05	0.05	0.85	0.05	0.05	0.05	0.85	0.05	0.05
1	35	9	right	middle	0	2	0.05	0.05	0.05	0.85	0.05	0.85	0.05	0.05	0.05	0.85	0.05	0.05	0.05	0.85	0.05	0.05
1	36	8	left	right	0	2	0.05	0.05	0.05	0.85	0.05	0.85	0.05	0.05	0.05	0.85	0.05	0.05	0.05	0.85	0.05	0.05
1	37	9	right	middle	0	2	0.05	0.05	0.05	0.85	0.05	0.85	0.05	0.05	0.05	0.85	0.05	0.05	0.05	0.85	0.05	0.05
1	38	5	right	right	1	0	0.05	0.05	0.05	0.85	0.05	0.85	0.05	0.05	0.05	0.85	0.05	0.05	0.05	0.85	0.05	0.05
1	39	6	left	middle	0	2	0.05	0.05	0.05	0.85	0.05	0.85	0.05	0.05	0.05	0.85	0.05	0.05	0.05	0.85	0.05	0.05
1	40	6	right	middle	0	2	0.05	0.05	0.05	0.85	0.05	0.85	0.05	0.05	0.05	0.85	0.05	0.05	0.05	0.85	0.05	0.05
1	41	9	left	right	0	2	0.05	0.05	0.05	0.85	0.05	0.85	0.05	0.05	0.05	0.85	0.05	0.05	0.05	0.85	0.05	0.05
1	42	7	left	left	1	0	0.05	0.05	0.05	0.85	0.05	0.85	0.05	0.05	0.05	0.85	0.05	0.05	0.05	0.85	0.05	0.05
1	43	10	right	right	1	0	0.05	0.05	0.05	0.85	0.05	0.85	0.05	0.05	0.05	0.85	0.05	0.05	0.05	0.85	0.05	0.05
1	44	8	right	middle	0	2	0.05	0.05	0.05	0.85	0.05	0.85	0.05	0.05	0.05	0.85	0.05	0.05	0.05	0.85	0.05	0.05
1	45	12	left	right	0	2	0.05	0.05	0.05	0.85	0.05	0.85	0.05	0.05	0.05	0.85	0.05	0.05	0.05	0.85	0.05	0.05
1	46	6	middle	left	0	1	0.05	0.05	0.05	0.85	0.05	0.85	0.05	0.05	0.05	0.85	0.05	0.05	0.05	0.85	0.05	0.05
1	47	10	right	left	0	2	0.05	0.05	0.05	0.85	0.05	0.85	0.05	0.05	0.05	0.85	0.05	0.05	0.05	0.85	0.05	0.05
1	48	7	left	left	1	0	0.05	0.05	0.05	0.85	0.05	0.85	0.05	0.05	0.05	0.85	0.05	0.05	0.05	0.85	0.05	0.05
1	49	10	middle	middle	1	0	0.05	0.05	0.05	0.85	0.05	0.85	0.05	0.05	0.05	0.85	0.05	0.05	0.05	0.85	0.05	0.05
1	50	5	right	right	1	0	0.05	0.05	0.05	0.85	0.05	0.85	0.05	0.05	0.05	0.85	0.05	0.05	0.05	0.85	0.05	0.05
2	1	7	right	left	0	1	0.05	0.05	0.05	0.85	0.05	0.85	0.05	0.05	0.05	0.85	0.05	0.05	0.05	0.85	0.05	0.05
2	2	9	left	middle	0	2	0.05	0.05	0.05	0.85	0.05	0.85	0.05	0.05	0.05	0.85	0.05	0.05	0.05	0.85	0.05	0.05
2	3	5	right	right	1	0	0.05	0.05	0.05	0.85	0.05	0.85	0.05	0.05	0.05	0.85	0.05	0.05	0.05	0.85	0.05	0.05
2	4	6	right	left	0	2	0.05	0.05	0.05	0.85	0.05	0.85	0.05	0.05	0.05	0.85	0.05	0.05	0.05	0.85	0.05	0.05
2	5	10	middle	middle	1	0	0.05	0.05	0.05	0.85	0.05	0.85	0.05	0.05	0.05	0.85	0.05	0.05	0.05	0.85	0.05	0.05
2	6	5	left	right	0	1	0.05	0.05	0.05	0.85	0.05	0.85	0.05	0.05	0.05	0.85	0.05	0.05	0.05	0.85	0.05	0.05
2	7	8	left	left	1	0	0.05	0.05	0.05	0.85	0.05	0.85	0.05	0.05	0.05	0.85	0.05	0.05	0.05	0.85	0.05	0.05
2	8	9	right	left	0	2	0.05	0.05	0.05	0.85	0.05	0.85	0.05	0.05	0.05	0.85	0.05	0.05	0.05	0.85	0.05	0.05
2	9	8	right	right	1	0	0.05	0.05	0.05	0.85	0.05	0.85	0.05	0.05	0.05	0.85	0.05	0.05	0.05	0.85	0.05	0.05
2	10	8	left	right	0	2	0.05	0.05	0.05	0.85	0.05	0.85	0.05	0.05	0.05	0.85	0.05	0.05	0.05	0.85	0.05	0.05
2	11	7	middle	left	0	2	0.05	0.05	0.05	0.85	0.05	0.85	0.05	0.05	0.05	0.85	0.05	0.05	0.05	0.85	0.05	0.05
2	12	8	right	right	1	0	0.05	0.05	0.05	0.85	0.05	0.85	0.05	0.05	0.05	0.85	0.05	0.05	0.05	0.85	0.05	0.05
2	13	8	middle	middle	1	0	0.05	0.05	0.05	0.85	0.05	0.85	0.05	0.05	0.05	0.85	0.05	0.05	0.05	0.85	0.05	0.05
2	14	8	left	right	0	2	0.05	0.05	0.05	0.85	0.05	0.85	0.05	0.05	0.05	0.85	0.05	0.05	0.05	0.85	0.05	0.05
2	15	5	right	right	1	0	0.05	0.05	0.05	0.85	0.05	0.85	0.05	0.05	0.05	0.85	0.05	0.05	0.05	0.85	0.05	0.05
2	16	7	right	left	0	1	0.05	0.05	0.05	0.85	0.05	0.85	0.05	0.05	0.05	0.85	0.05	0.05	0.05	0.85	0.05	0.05
2	17	5	left	left	1	0	0.05	0.05	0.05	0.85	0.05	0.85	0.05	0.05	0.05	0.85	0.05	0.05	0.05	0.85	0.05	0.05
2	18	5	middle	middle	1	0	0.05	0.05	0.05	0.85	0.05	0.85	0.05	0.05	0.05	0.85	0.05	0.05	0.05	0.85	0.05	0.05
2	19	7	left	left	1	0	0.05	0.05	0.05	0.85	0.05	0.85	0.05	0.05	0.05	0.85	0.05	0.05	0.05	0.85	0.05	0.05
2	20	6	middle	left	0	2	0.05	0.05	0.05	0.85	0.05	0.85	0.05	0.05	0.05	0.85	0.05	0.05	0.05	0.85	0.05	0.05
2	21	7	middle	right	0	2	0.05	0.05	0.05	0.85	0.05	0.85	0.05	0.05	0.05	0.85	0.05	0.05	0.05	0.85	0.05	0.05
2	22	7	right	middle	0	2	0.05	0.05	0.05	0.85	0.05	0.85	0.05	0.05	0.05	0.85	0.05	0.05	0.05	0.85	0.05	0.05
2	23	8	middle	right	0	2	0.05	0.05	0.05	0.85	0.05	0.85	0.05	0.05	0.05	0.85	0.05	0.05	0.05	0.85	0.05	0.05
2	24	11	middle	right	0	2	0.05	0.05	0.05	0.85	0.05	0.85	0.05	0.05	0.05	0.85	0.05	0.05	0.05	0.85	0.05	0.05
2	25	9	left	middle	0	2	0.05	0.05	0.05	0.85	0.05	0.85	0.05	0.05	0.05	0.85	0.05	0.05	0.05	0.85	0.05	0.05
2	26	10	left	left	1	0	0.05	0.05	0.05	0.85	0.05	0.85	0.05	0.05	0.05	0.85	0.05	0.05	0.05	0.85	0.05	0.05
2	27	4	right	middle	0	1	0.05	0.05	0.05	0.85	0.05	0.85	0.05	0.05	0.05	0.85	0.05	0.05	0.05	0.85	0.05	0.05
2	28	5	left	left	1	0	0.05	0.05	0.05	0.85	0.05	0.85	0.05	0.05	0.05	0.85	0.05	0.05	0.05	0.85	0.05	0.05
2	29	7	right	right	1	0	0.05	0.05	0.05	0.85	0.05	0.85	0.05	0.05	0.05	0.85	0.05	0.05	0.05	0.85	0.05	0.05
2	30	11	right	left	0	2	0.05	0.05	0.05	0.85	0.05	0.85	0.05	0.05	0.05	0.85	0.05	0.05	0.05	0.85	0.05	0.05
2	31	6	middle	middle	1	0	0.05	0.05	0.05	0.85	0.05	0.85	0.05	0.05	0.05	0.85	0.05	0.05	0.05	0.85	0.05	0.05
2	32	10	right	left	0	2	0.05	0.05	0.05	0.85	0.05	0.85	0.05	0.05	0.05	0.85	0.05	0.05	0.05	0.85	0.05	0.05
2	33	9	right	left	0	2	0.05	0.05	0.05	0.85	0.05	0.85	0.05	0.05	0.05	0.85	0.05	0.05	0.05	0.85	0.05	0.05
2	34	8	left	right	0	2	0.05	0.05	0.05	0.85	0.05	0.85	0.05	0.05	0.05	0.85	0.05	0.05	0.05	0.85	0.05	0.05
2	35	7	right	right	1	0	0.05	0.05	0.05	0.85	0.05	0.85	0.05	0.05	0.05	0.85	0.05	0.05	0.05	0.85	0.05	0.05
2	36	9	right	middle	0	1	0.05	0.05	0.05	0.85	0.05	0.85	0.05	0.05	0.05	0.85	0.05	0.05	0.05	0.85	0.05	0.05
2	37	8	left	left	1	0	0.05	0.05	0.05	0.85	0.05	0.85	0.05	0.05	0.05	0.85	0.05	0.05	0.05	0.85	0.05	0.05
2	38	6	middle	left	0	1	0.05	0.05	0.05	0.85	0.05	0.85	0.05	0.05	0.05	0.85	0.05	0.05	0.05	0.85	0.05	0.05
2	39	6	middle	middle	1	0	0.05	0.05	0.05	0.85	0.05	0.85	0.05	0.05	0.05	0.85	0.05	0.05	0.05	0.85	0.05	0.05
2	40	8	left	middle	0	2	0.05	0.05	0.05	0.85	0.05	0.85	0.05	0.05	0.05	0.85	0.05	0.05	0.05	0.85	0.05	0.05
2	41	7	left	left	1	0	0.05	0.05	0.05	0.85	0.05	0.85	0.05	0.05	0.05	0.85	0.05	0.05	0.05	0.85	0.05	0.05
2	42	8	middle	right	0	2	0.05	0.05	0.05	0.85	0.05	0.85	0.05	0.05	0.05	0.85	0.05	0.05	0.05	0.85	0.05	0.05
2	43	13	left	middle	0	2	0.05	0.05	0.05	0.85	0.05	0.85	0.05	0.05	0.05	0.85	0.05	0.05	0.05	0.85	0.05	0.05
2	44	9	right	left	0	2	0.05	0.05	0.05	0.85	0.05	0.85	0.05	0.05	0.05	0.85	0.05	0.05	0.05	0.85	0.05	0.05
2	45	10	middle	right	0	1	0.05	0.05	0.05	0.85	0.05	0.85	0.05	0.05	0.05	0.85	0.05	0.05	0.05	0.85	0.05	0.05
2	46	10	right	left	0	1	0.05	0.05	0.05	0.85	0.05	0.85	0.05	0.05	0.05	0.85	0.05	0.05	0.05	0.85	0.05	0.05
2	47	12	right	middle	0	1	0.05	0.05	0.05	0.85	0.05	0.85	0.05	0.05	0.05	0.85	0.05	0.05	0.05	0.85	0.05	0.05
2	48	5	left	left	1	0	0.05	0.05	0.05	0.85	0.05	0.85	0.05	0.05	0.05	0.85	0.05	0.05	0.05	0.85	0.05	0.05
2	49	10	right	middle	0	2	0.05	0.05	0.05	0.85	0.05	0.85	0.05	0.05	0.05	0.85	0.05	0.05	0.05	0.85	0.05	0.05
2	50	8	middle	right	0	2	0.05	0.05	0.05	0.85	0.05	0.85	0.05	0.05	0.05	0.85	0.05	0.05	0.05	0.85	0.05	0.05
3	1	9	middle	middle	1	0	0.05	0.05	0.05	0.85	0.05	0.85	0.05	0.05	0.05	0.85	0.05	0.05	0.05	0.85	0.05	0.05
3	2	4	middle	middle	1	0	0.05	0.05	0.05	0.85	0.05	0.85	0.05	0.05	0.05	0.85	0.05	0.05	0.05	0.85	0.05	0.05
3	3	7	middle	right	0	2	0.05	0.05	0.05	0.85	0.05	0.85	0.05	0.05	0.05	0.85	0.05	0.05	0.05	0.85	0.05	0.05
3	4	7	right	right	1	0	0.05	0.05	0.05	0.85	0.05	0.85	0.05	0.05	0.05	0.85	0.05	0.05	0.05	0.85	0.05	0.05
3	5	9	middle	left	0	2	0.05	0.05	0.05	0.85	0.05	0.85	0.05	0.05	0.05	0.85	0.05	0.05	0.05	0.85	0.05	0.05
3	6	6	left	left	1	0	0.05	0.05	0.05	0.85	0.05	0.85	0.05	0.05	0.05	0.85	0.05	0.05	0.05	0.85	0.05	0.05
3	7	8	right	middle	0	2	0.05	0.05	0.05	0.85	0.05	0.85	0.05	0.05	0.05	0.85	0.05	0.05	0.05	0.85	0.05	0.05
3	8	14	right	middle	0	2	0.05	0.05	0.05	0.85	0.05	0.85	0.05	0.05	0.05	0.85	0.05	0.05	0.05	0.85	0.05	0.05
3	9	5	middle	left	0	1	0.05	0.05	0.05	0.85	0.05	0.85	0.05	0.05	0.05	0.85	0.05	0.05	0.05	0.85	0.05	0.05
3	10	8	right	middle	0	2	0.05	0.05	0.05	0.85	0.05	0.85	0.05	0.05	0.05	0.85	0.05	0.05	0.05	0.85	0.05	0.05
3	11	8	right	left	0	2	0.05	0.05	0.05	0.85	0.05	0.85	0.05	0.05	0.05	0.85	0.05	0.05	0.05	0.85	0.05	0.05
3	12	6	middle	middle	1	0	0.05	0.05	0.05	0.85	0.05	0.85	0.05	0.05	0.05	0.85	0.05	0.05	0.05	0.85	0.05	0.05
3	13	11	left	left	1	0	0.05	0.05	0.05	0.85	0.05	0.85	0.05	0.05	0.05	0.85	0.05	0.05	0.05	0.85	0.05	0.05
3	14	9	right	middle	0	2	0.05	0.05	0.05	0.85	0.05	0.85	0.05	0.05	0.05	0.85	0.05	0.05	0.05	0.85	0.05	0.05
3	15	16	right	right	1	0	0.05	0.05	0.05	0.85	0.05	0.85	0.05	0.05	0.05	0.85	0.05	0.05	0.05	0.85	0.05	0.05
3	16	7	middle	middle	1	0	0.05	0.05	0.05	0.85	0.05	0.85	0.05	0.05	0.05	0.85	0.05	0.05	0.05	0.85	0.05	0.05
3	17	5	middle	middle	1	0	0.05	0.05	0.05	0.85	0.05	0.85	0.05	0.05	0.05	0.85	0.05	0.05	0.05	0.85	0.05	0.05
3	18	9	left	middle	0	2	0.05	0.05	0.05	0.85	0.05	0.85	0.05	0.05	0.05	0.85	0.05	0.05	0.05	0.85	0.05	0.05
3	19	6	left	middle	0	2	0.05	0.05	0.05	0.85	0.05	0.85	0.05	0.05	0.05	0.85	0.05	0.05	0.05	0.85	0.05	0.05
3	20	8	right	left	0	2	0.05	0.05	0.05	0.85	0.05	0.85	0.05	0.05	0.05	0.85	0.05	0.05	0.05	0.85	0.05	0.05
3	21	7	left	middle	0	1	0.05	0.05	0.05	0.85	0.05	0.85	0.05	0.05	0.05	0.85	0.05	0.05	0.05	0.85	0.05	0.05
3	22	5	middle	middle	1	0	0.05	0.05	0.05	0.85	0.05	0.85	0.05	0.05	0.05	0.85	0.05	0.05	0.05	0.85	0.05	0.05
3	23	4	middle	middle	1	0	0.05	0.05	0.05	0.85	0.05	0.85	0.05	0.05	0.05	0.85	0.05	0.05	0.05	0.85	0.05	0.05
3	24	7	right	right	1	0	0.05	0.05	0.05	0.85	0.05	0.85	0.05	0.05	0.05	0.85	0.05	0.05	0.05	0.85	0.05	0.05
3	25	7	left	left	1	0	0.05	0.05	0.05	0.85	0.05	0.85	0.05	0.05	0.05	0.85	0.05	0.05	0.05	0.85	0.05	0.05
3	26	7	middle	middle	1	0	0.05	0.05	0.05	0.85	0.05	0.85	0.05	0.05	0.05	0.85	0.05	0.05	0.05	0.85	0.05	0.05
3	27	12	right	right	1	0	0.05	0.05	0.05	0.85	0.05	0.85	0.05	0.05	0.05	0.85	0.05	0.05	0.05	0.85	0.05	0.05
3	28	5	right	right	1	0	0.05	0.05	0.05	0.85	0.05	0.85	0.05	0.05	0.05	0.85	0.05	0.05	0.05	0.85	0.05	0.05
3	29	5	left	middle	0	1	0.05	0.05	0.05	0.85	0.05	0.85	0.05	0.05	0.05	0.85	0.05	0.05	0.05	0.85	0.05	0.05
3	30	10	left	middle	0	2	0.05	0.05	0.05	0.85	0.05	0.85	0.05	0.05	0.05	0.85	0.05	0.05	0.05	0.85	0.05	0.05
3	31	4	right	middle	0	2	0.05	0.05	0.05	0.85	0.05	0.85	0.05	0.05	0.05	0.85	0.05	0.05	0.05	0.85	0.05	0.05
3	32	6	left	middle	0	2	0.05	0.05	0.05	0.85	0.05	0.85	0.05	0.05	0.05	0.85	0.05	0.05	0.05	0.85	0.05	0.05
3	33	7	left	middle	0	2	0.05	0.05	0.05	0.85	0.05	0.85	0.05	0.05	0.05	0.85	0.05	0.05	0.05	0.85	0.05	0.05
3	34	5	middle	middle	1	0	0.05	0.05	0.05	0.85	0.05	0.85	0.05	0.05	0.05	0.85	0.05	0.05	0.05	0.85	0.05	0.05
3	35	9	right	left	0	2	0.05	0.05	0.05	0.85	0.05	0.85	0.05	0.05	0.05	0.85	0.05	0.05	0.05	0.85	0.05	0.05
3	36	5	middle	middle	1	0	0.05	0.05	0.05	0.85	0.05	0.85	0.05	0.05	0.05	0.85	0.05	0.05	0.05	0.85	0.05	0.05
3	37	8	right	right	1	0	0.05	0.05	0.05	0.85	0.05	0.85	0.05	0.05	0.05	0.85	0.05	0.05	0.05	0.85	0.05	0.05
3	38	6	left	left	1	0	0.05	0.05	0.05	0.85	0.05	0.85	0.05	0.05	0.05	0.85	0.05	0.05	0.05	0.85	0.05	0.05
3	39	8	left	right	0	1	0.05	0.05	0.05	0.85	0.05	0.85	0.05	0.05	0.05	0.85	0.05	0.05	0.05	0.85	0.05	0.05
3	40	4	middle	middle	1	0	0.05	0.05	0.05	0.85	0.05	0.85	0.05	0.05	0.05	0.85	0.05	0.05	0.05	0.85	0.05	0.05
3	41	6	right	right	1	0	0.05	0.05	0.05	0.85	0.05	0.85	0.05	0.05	0.05	0.85	0.05	0.05	0.05	0.85	0.05	0.05
3	42	6	middle	right	0	1	0.05	0.05	0.05	0.85	0.05	0.85	0.05	0.05	0.05	0.85	0.05	0.05	0.05	0.85	0.05	0.05
3	43	7	middle	right	0	1	0.05	0.05	0.05	0.85	0.05	0.85	0.05	0.05	0.05	0.85	0.05	0.05	0.05	0.85	0.05	0.05
3	44	7	left	middle	0	1	0.05	0.05	0.05	0.85	0.05	0.85	0.05	0.05	0.05	0.85	0.05	0.05	0.05	0.85	0.05	0.05
3	45	7	right	left	0	2	0.05	0.05	0.05	0.85	0.05	0.85	0.05	0.05	0.05	0.85	0.05	0.05	0.05	0.85	0.05	0.05
3	46	12	middle	middle	1	0	0.05	0.05	0.05	0.85	0.05	0.85	0.05	0.05	0.05	0.85	0.05	0.05	0.05	0.85	0.05	0.05
3	47	5	middle	left	0	1	0.05	0.05	0.05	0.85	0.05	0.85	0.05	0.05	0.05	0.85	0.05	0.05	0.05	0.85	0.05	0.05
3	48	9	left	left	1	0	0.05	0.05	0.05	0.85	0.05	0.85	0.05	0.05	0.05	0.85	0.05	0.05	0.05	0.85	0.05	0.05
3	49	6	right	right	1	0	0.05	0.05	0.05	0.85	0.05	0.85	0.05	0.05	0.05	0.85	0.05	0.05	0.05	0.85	0.05	0.05
3	50	5	left	left	1	0	0.05	0.05	0.05	0.85	0.05	0.85	0.05	0.05	0.05	0.85	0.05	0.05	0.05	0.85	0.05	0.05
