Trial	nTrans	naoDecision	humanDecision	guessCorr	errpDetector	x01	x12	x32	x00	x33	x30	x31	x21	x02	x20	x13	x23	x22	x10	x03	x11
1	13	middle	middle	1	noError	0.166666666667	0.25	0.21875	0.3	0.34375	0.28125	0.15625	0.208333333333	0.233333333333	0.291666666667	0.25	0.291666666667	0.208333333333	0.25	0.3	0.25
2	10	middle	left	0	ERROR	0.000136345043858	0.416666666667	0.131944444444	0.272690087715	0.381944444444	0.3125	0.173611111111	0.231481481481	0.318138435668	0.212962962963	0.416666666667	0.324074074074	0.231481481481	0.0833333333333	0.409035131573	0.0833333333333
3	8	middle	middle	1	noError	9.73893170412e-05	0.416666666667	0.101495726496	0.266207205511	0.370726495726	0.394230769231	0.133547008547	0.210437710438	0.298670311191	0.193602693603	0.416666666667	0.385521885522	0.210437710438	0.0833333333333	0.435025093981	0.0833333333333
4	10	middle	middle	1	noError	7.49148592624e-05	0.430555555556	0.154996712689	0.281697850393	0.362097304405	0.380177514793	0.102728468113	0.258698092031	0.306669470147	0.161335578002	0.347222222222	0.404601571268	0.175364758698	0.152777777778	0.411557764601	0.0694444444444
5	14	middle	left	0	ERROR	0.000187287148156	0.430555555556	0.000224666954504	0.204244625983	0.588846031645	0.180132380682	0.230796920719	0.323372615039	0.516673675368	0.0766694725028	0.347222222222	0.380751964085	0.219205948373	0.152777777778	0.278894411501	0.0694444444444
6	11	left	right	0	ERROR	0.000208096831285	0.472222222222	0.000449333909009	0.226938473314	0.777692063289	0.160264761365	0.0615938414371	0.279215768799	0.462970750409	0.0958368406285	0.210317460317	0.350939955107	0.274007435466	0.218253968254	0.309882679446	0.0992063492063
7	18	middle	left	0	ERROR	0.000520242078211	0.692564303723	0.000607343210412	0.317346183285	0.916004034276	0.00013516522974	0.0832534572843	0.000191981238844	0.157426876022	0.183988753907	0.161792333139	0.481757634567	0.334061630287	0.000146660676082	0.524706698615	0.145496702463
8	12	right	left	0	ERROR	0.000520242078211	0.658404781914	0.00303671605206	0.317346183285	0.580020171378	0.000675826148701	0.416267286421	0.000274258912634	0.157426876022	0.26284107701	0.179769259043	0.545368049382	0.191516614696	0.000162956306758	0.524706698615	0.161663002736
9	6	right	middle	0	ERROR	0.000520242078211	0.620449757682	0.0050611934201	0.317346183285	0.46670028563	0.0011263769145	0.527112144036	0.000304732125148	0.157426876022	0.292045641122	0.199743621159	0.494853388202	0.212796238551	0.000181062563065	0.524706698615	0.179625558596
10	12	middle	right	0	ERROR	0.000578046753568	0.457785368117	0.00843532236683	0.352606870317	0.444500476049	0.0018772948575	0.545186906726	0.000507886875247	0.174918751136	0.320076068537	0.285348030227	0.491422313669	0.187993730918	0.000258660804378	0.471896331794	0.256607940851
11	8	right	middle	0	ERROR	0.00072255844196	0.457785368117	0.0151823786796	0.315758587896	0.000179985755367	0.00337886332975	0.981258772235	0.000564318750275	0.21864843892	0.244528965041	0.285348030227	0.546024792966	0.208881923242	0.000258660804378	0.464870414743	0.256607940851
12	11	middle	middle	1	noError	0.000602132034967	0.429065667783	0.0149045397592	0.346465489913	0.000176691999559	0.00331702982135	0.98160173842	0.000403084821625	0.265540365766	0.246092117887	0.296421561713	0.532874852119	0.220629945173	0.000198969849522	0.387392012286	0.274313800655
13	13	right	left	0	ERROR	0.00120426406993	0.470093811118	0.0212921996561	0.0929309798262	0.000252417142228	0.0047386140305	0.973716769171	0.000503856027031	0.331080731533	0.182615147358	0.137745088161	0.666093565148	0.150787431466	0.000284242642174	0.574784024571	0.391876858078
14	13	right	right	1	noError	0.00109478551812	0.513395874079	0.0207489257439	0.0844827089329	0.000245976678087	0.00461770752838	0.97438739005	0.000387581559255	0.300982483211	0.217396267199	0.158496725441	0.666225819345	0.115990331897	0.000189495094783	0.613440022338	0.327917905386
15	9	left	left	1	noError	0.00109478551812	0.475597249386	0.020232735846	0.0844827089329	0.000239857292539	0.00450282861817	0.975024578243	0.00035234687205	0.300982483211	0.197632970181	0.172331150294	0.696568926677	0.10544575627	0.000126330063188	0.613440022338	0.351945270257
16	10	right	right	1	noError	0.00109478551812	0.383731499591	0.0197416538796	0.0844827089329	0.000234035559295	0.00439353751937	0.975630773042	0.000293622393375	0.300982483211	0.164694141817	0.248220766863	0.747140772231	0.0878714635584	8.42200421256e-05	0.613440022338	0.367963513505
17	11	middle	left	0	ERROR	0.00109478551812	0.119616427987	0.0282023626851	0.0844827089329	0.000334336513279	0.00627648217053	0.965186818631	0.000573225372047	0.300982483211	0.321524729882	0.354601095518	0.677706819387	0.000195225359162	0.000120314345894	0.613440022338	0.52566216215
18	12	middle	left	0	ERROR	0.00121642835347	0.0490410699663	0.0352529533564	0.0938696765921	0.000417920641598	0.00784560271317	0.956483523289	0.000818893388639	0.223313870235	0.316463899832	0.636502738795	0.68243831341	0.000278893370232	0.000300785864734	0.681600024819	0.314155405374
19	7	middle	left	0	ERROR	0.00121642835347	0.0980821399325	0.0440661916954	0.0938696765921	0.000522400801998	0.00980700339146	0.945604404111	0.000818893388639	0.223313870235	0.316463899832	0.87300547759	0.68243831341	0.000278893370232	0.000601571729468	0.681600024819	0.028310810748
20	11	left	middle	0	ERROR	0.00172242441757	0.146001366949	0.0638369386796	0.000141596865336	0.000756781257472	0.000144866021373	0.935261414042	0.000818893388639	0.316205440114	0.316463899832	0.852954299887	0.68243831341	0.000278893370232	0.000895476942906	0.681930538603	0.000148856220969
21	11	right	middle	0	ERROR	0.00172242441757	0.292002733899	0.127673877359	0.000141596865336	0.00151356251494	0.000289732042745	0.870522828083	0.000909881542932	0.316205440114	0.351626555368	0.705908599774	0.647153681566	0.00030988152248	0.00179095388581	0.681930538603	0.000297712441938
22	13	middle	left	0	ERROR	0.00191380490842	0.730006834746	0.319184693398	0.000157329850374	0.00378390628736	0.000724330106863	0.676307070208	0.000909881542932	0.351339377904	0.351626555368	0.264771499434	0.647153681566	0.00030988152248	0.00447738471453	0.646589487337	0.000744281104846
23	9	left	middle	0	ERROR	0.00212644989824	0.912508543433	0.313120990568	0.00017481094486	0.00540558041052	0.00103475729552	0.680438671726	0.00129983077562	0.279265975449	0.216609364812	0.0809643742927	0.781648116523	0.000442687889257	0.00559673089316	0.718432763708	0.000930351381057
24	20	right	left	0	ERROR	0.0050529419538	0.890635679291	0.0262419811368	0.000415391661941	0.010811160821	0.00206951459104	0.960877343451	0.00222768061256	0.000237623372081	0.000171382356407	0.101205467866	0.996842248095	0.000758688936137	0.00699591361645	0.994294043012	0.00116293922632
25	12	left	middle	0	noError	0.0050529419538	0.901408240879	0.0252564089641	0.000415391661941	0.0104051251942	0.00199178966695	0.962346676175	0.0022208896829	0.000237623372081	0.000170859909194	0.091236566413	0.996851874282	0.000756376125598	0.00630680486683	0.994294043012	0.00104838784103
26	9	left	middle	0	ERROR	0.0050529419538	0.859154629827	0.0319824906681	0.000415391661941	0.000126631187805	0.00252222691383	0.96536865123	0.003172699547	0.000237623372081	0.000244085584563	0.130337952019	0.995502677546	0.00108053732228	0.00900972123833	0.994294043012	0.00149769691576
27	10	right	middle	0	ERROR	0.0050529419538	0.798792328325	0.0456892723829	0.000415391661941	0.000180901696864	0.00360318130547	0.950526644615	0.00528783257833	0.000237623372081	0.000406809307605	0.186197074312	0.992504462577	0.00180089553714	0.0128710303405	0.994294043012	0.00213956702251
28	15	left	left	1	noError	0.00502477329086	0.832481569788	0.0397514629766	0.000413075975788	0.000157391587352	0.090138840282	0.869952305154	0.005249013304	0.000236298691778	0.000403822820822	0.155021134827	0.992559489153	0.00178767472183	0.0107159671393	0.994325852042	0.00178132824639
29	12	middle	middle	1	noError	0.004996919721	0.856505237645	0.0298894934971	0.000410786192771	0.000118344193506	0.218158083514	0.751834078795	0.00521076363701	0.000234988829275	0.000400880155691	0.132789692894	0.992613708308	0.00177464789968	0.00917919990126	0.994357305257	0.00152586955996
30	13	left	right	0	noError	0.00496937598684	0.874501119754	0.0199263289981	0.00040852188069	7.88961290041e-05	0.345438722343	0.63455605253	0.0051730711318	0.000233693537334	0.000397980354738	0.116136348762	0.992667137681	0.00176181083205	0.00802802339443	0.994388408595	0.00133450808959
31	14	right	middle	0	ERROR	0.0082822933114	0.843126399692	0.0498158224952	0.00068086980115	0.00019724032251	0.113596805857	0.836390131325	0.00646633891474	0.000389489228891	0.000497475443423	0.145170435953	0.990833922102	0.00220226354006	0.010035029243	0.990647347659	0.00166813511199
32	14	left	left	1	noError	0.00820636269043	0.795608691776	0.039426540093	0.000674627705531	0.000156105090589	0.16905036609	0.791366988727	0.00640824129993	0.000385918459552	0.000493005814306	0.195079237735	0.990916275853	0.00218247703327	0.00798475496349	0.990733091144	0.00132731552571
33	10	right	middle	0	ERROR	0.00911818076715	0.77972963207	0.000131462454352	0.000749586339479	0.000205219583458	0.222237760353	0.777425557609	0.00915463042847	0.000428798288391	0.000704294020437	0.218670445125	0.987023251218	0.00311782433324	0.000112093141056	0.989703434605	0.00148782966449
34	10	middle	left	0	ERROR	0.00911818076715	0.799549386783	0.000187803506218	0.000749586339479	0.000293170833511	0.31748251479	0.68203651087	0.0130780434692	0.000428798288391	0.00100613431491	0.197784075208	0.981461787454	0.00445403476177	0.00018682190176	0.989703434605	0.00247971610748
35	12	right	middle	0	ERROR	0.00911818076715	0.832582311305	0.000375607012435	0.000749586339479	0.000586341667022	0.63496502958	0.364073021741	0.0186829192418	0.000428798288391	0.00143733473559	0.162973458679	0.97351683922	0.00636290680252	0.000311369836266	0.989703434605	0.00413286017913
36	10	middle	middle	1	noError	0.00902614508849	0.756893010277	0.000256398420421	0.000742020281158	0.000400250986468	0.682555895101	0.316787455492	0.018202675137	0.000424470150741	0.00140038807193	0.239066780618	0.974197588394	0.00619934839703	0.000283063487515	0.98980736448	0.00375714561739
37	12	middle	middle	1	noError	0.00893595772415	0.778993645707	0.000180900615126	0.000734606168844	0.000282395069119	0.705474412702	0.294062291614	0.0177465461044	0.000420228933282	0.00136529665533	0.217333436925	0.974844154295	0.00604400294558	0.000257330443195	0.989909207174	0.0034155869249
38	13	middle	middle	1	noError	0.00884756354971	0.815828038089	0.000121050266178	0.000727339470876	0.000188965627676	0.669086509558	0.330603474548	0.0173127602548	0.000416072043693	0.00133192416886	0.181111197438	0.975459048587	0.00589626698965	0.000214442035996	0.990009024936	0.00284632243742
39	13	middle	middle	1	noError	0.00876090961121	0.844458810076	8.0700177452e-05	0.000720215834021	0.000125977085117	0.646057673039	0.353735649699	0.0168997151382	0.000411996991721	0.00130014733111	0.152956241904	0.976044542753	0.00575559477734	0.000181105577105	0.990106877563	0.00240384244284
40	11	middle	middle	1	ERROR	0.0125155851589	0.82717645564	0.000161400354904	0.00102887976289	0.000251954170234	0.492115346078	0.507471299397	0.0211246439227	0.00058856713103	0.00162518416389	0.169951379893	0.970055678442	0.00719449347168	0.000201228419006	0.985866967947	0.0026709360476
41	19	middle	left	0	ERROR	0.0250311703177	0.8959663652	0.000776020498918	0.00205775952578	0.00121140750283	0.000480804704165	0.997531767294	0.0264058049034	0.00117713426206	0.00203148020487	0.0999305427045	0.962569598052	0.00899311683959	0.000287469170008	0.971733935894	0.00381562292514
42	17	right	right	1	noError	0.0243454546805	0.830527506748	0.00077418704384	0.00200138829476	0.00120854538612	0.000479668736974	0.997537598833	0.0254555393863	0.00114488729317	0.00195837334089	0.166064421597	0.963916605666	0.00866948160654	0.000238774930527	0.972508269732	0.00316929672438
43	15	right	middle	0	ERROR	0.0243454546805	0.661055013496	0.00154837408768	0.00200138829476	0.00241709077224	0.000959337473949	0.995075197666	0.000174020645554	0.00114488729317	0.00340797393017	0.332128843195	0.981331317566	0.0150866878579	0.000477549861054	0.972508269732	0.00633859344876
44	14	right	right	1	noError	0.0236963701023	0.64070334233	0.00140146572055	0.00194802842558	0.00218775933264	0.0913804046222	0.905030370325	0.000170848219227	0.00111436296345	0.00334584597872	0.35475256213	0.981671650861	0.014811654941	0.000318366574036	0.973241238509	0.00422572896584
45	11	middle	middle	1	noError	0.0230810576904	0.617252785275	0.0783101737786	0.00189744489469	0.0016895595375	0.147798975461	0.772201291222	0.000167789690172	0.00108542682851	0.00328594856109	0.378960468441	0.981999765422	0.0145464963272	0.000265305478363	0.973936070586	0.00352144080486
46	19	right	right	1	noError	0.109311723471	0.67440183347	0.0548506301065	0.00168517378321	0.00118341462881	0.243608103953	0.700357851312	0.000164839032817	0.00096399786899	0.00322816367407	0.323044122489	0.982316307663	0.0142906896305	0.000178940395077	0.888039104877	0.00237510364562
47	14	left	left	1	noError	0.109311723471	0.701438994085	0.110643777504	0.00168517378321	0.000845572696699	0.174062713425	0.714447936375	0.000161990639255	0.00096399786899	0.0031723814939	0.296769320664	0.982621879192	0.0140437486745	0.000125528323557	0.888039104877	0.00166615692772
48	19	left	middle	0	ERROR	0.121457470523	0.669064990141	0.000256768268739	0.00187241531468	0.00217116237424	0.190169547042	0.807402522315	0.000404976598138	0.00107110874332	0.00793095373476	0.327948867774	0.956554697981	0.0351093716864	0.000209213872594	0.875599005419	0.00277692821287
49	19	left	middle	0	ERROR	0.000113811927656	0.89688330047	0.00062637031937	0.00213103196335	0.00529641640082	0.000243943818466	0.993833269461	0.000674960996896	0.00121904950806	0.0132182562246	0.0931628925785	0.927591163301	0.0585156194773	0.000697379575315	0.996536106601	0.00925642737625
50	14	left	left	1	noError	0.000113811927656	0.906513927147	0.000622593214105	0.00213103196335	0.00526447822997	0.000242472801317	0.993870455755	0.000575753569168	0.00121904950806	0.0112754044078	0.0844619058063	0.852932238245	0.135216603778	0.000632247522283	0.996536106601	0.00839191952415
