Trial	nTrans	naoDecision	humanDecision	guessCorr	errpDetector	x01	x12	x32	x00	x33	x30	x31	x21	x02	x20	x13	x23	x22	x10	x03	x11
1	8	right	middle	0	ERROR	0.416666666667	0.25	0.277777777778	0.0833333333333	0.277777777778	0.166666666667	0.277777777778	0.357142857143	0.25	0.0714285714286	0.25	0.357142857143	0.214285714286	0.25	0.25	0.25
2	8	middle	right	0	noError	0.469696969697	0.25	0.231481481481	0.0757575757576	0.314814814815	0.222222222222	0.231481481481	0.324675324675	0.227272727273	0.0649350649351	0.25	0.415584415584	0.194805194805	0.178571428571	0.227272727273	0.321428571429
3	8	right	left	0	ERROR	0.469696969697	0.000153822488848	0.289351851852	0.0757575757576	0.268518518519	0.277777777778	0.164351851852	0.280844155844	0.227272727273	0.0811688311688	0.38455622212	0.394480519481	0.243506493506	0.2746830158	0.227272727273	0.340606939592
4	9	right	left	0	ERROR	0.528138528139	0.00019227811106	0.321502057613	0.108225108225	0.298353909465	0.197530864198	0.182613168724	0.342939878873	0.038961038961	0.000122110384616	0.35569527765	0.481701679573	0.17523633117	0.21835376975	0.324675324675	0.42575867449
5	10	right	right	1	noError	0.57103502558	0.000128185407373	0.351251714678	0.0983864620228	0.248628257888	0.164609053498	0.235510973937	0.452449899061	0.0354191263282	0.000101758653847	0.370463518433	0.401418066311	0.146030275975	0.2122358465	0.295159386068	0.41717244966
6	18	middle	middle	1	noError	0.622167875415	6.46510446436e-05	0.424039780521	0.141704615731	0.191252506067	0.126622348845	0.258085364567	0.411318090055	0.0252993759487	9.25078671333e-05	0.23728097103	0.455834605737	0.132754796341	0.258349084024	0.210828132906	0.504305293901
7	20	middle	left	0	ERROR	0.702816578156	0.000189175922057	0.373399634202	0.000218152283883	0.152087510112	0.211037248074	0.263475607611	0.389147612569	0.0551911664404	0.000115634833917	0.40169891173	0.444793257171	0.165943495426	0.000292610773886	0.24177410312	0.597819301574
8	6	right	middle	0	ERROR	0.702816578156	0.000189175922057	0.341749542753	0.000218152283883	0.19010938764	0.138796560093	0.329344509514	0.613646016026	0.0551911664404	0.000182344315768	0.40169891173	0.386013949878	0.000157689780486	0.000292610773886	0.24177410312	0.597819301574
9	8	left	left	1	noError	0.752347148463	0.000145519940044	0.284791285627	0.000181793569903	0.1584244897	0.282330466744	0.274453757929	0.648769105478	0.0459926387003	0.000165767559789	0.462845316715	0.350921772616	0.000143354345896	0.000225085210682	0.201478419267	0.536784078134
10	11	left	left	1	ERROR	0.724830164959	0.000291039880088	0.443824458088	0.000201992855448	0.000155842007985	0.284147460543	0.271872239361	0.609743450531	0.0511029318893	0.000184186177544	0.525690633431	0.389913080684	0.000159282606551	0.000450170421363	0.223864910296	0.473568156268
11	13	left	right	0	noError	0.749845604508	0.000171199929464	0.388446041491	0.000183629868589	0.000111315719989	0.202962471816	0.408480170972	0.554312227756	0.0464572108084	0.000167441979585	0.544523902018	0.445375527895	0.000144802369592	0.000264806130214	0.203513554815	0.455040091922
12	7	left	middle	0	ERROR	0.749845604508	0.000190222143848	0.126351487845	0.000183629868589	0.000159022457128	0.289946388309	0.583543101389	0.649017468223	0.0464572108084	0.000239202827979	0.493915446687	0.350536468421	0.000206860527989	0.000294229033571	0.203513554815	0.505600102136
13	12	right	left	0	ERROR	0.833161782787	0.000475555359621	0.210585813075	0.000204033187321	0.000265037428546	0.316577313848	0.472571835649	0.610019409136	0.0516191231205	0.000265780919977	0.484788616717	0.389484964913	0.000229845031099	0.000735572583927	0.115015060905	0.51400025534
14	17	right	middle	0	ERROR	0.904516832553	0.000951110719242	0.0352860435832	0.000291475981887	0.000883458095154	0.0552577128264	0.908572785495	0.76252426142	0.0737416044578	0.000332226149971	0.169577233433	0.236856206141	0.000287306288873	0.00147114516785	0.0214500870076	0.82800051068
15	7	left	left	1	noError	0.904516832553	0.00074778764142	0.0323331473037	0.000291475981887	0.00080952631201	0.0506334966195	0.916223829765	0.784112964928	0.0737416044578	0.000302023772701	0.211948535004	0.215323823764	0.000261187535339	0.00115665206269	0.0214500870076	0.786147025292
16	5	right	right	1	noError	0.904516832553	0.000575221262631	0.0298365399109	0.000291475981887	0.000747018652107	0.0467238258164	0.922692615621	0.803739059025	0.0737416044578	0.000274567066092	0.239960411541	0.195748930695	0.000237443213945	0.000889732355914	0.0214500870076	0.75857463484
17	5	left	right	0	ERROR	0.904516832553	0.00115044252526	0.0298365399109	0.000291475981887	0.000747018652107	0.0467238258164	0.922692615621	0.803739059025	0.0737416044578	0.000274567066092	0.279920823083	0.195748930695	0.000237443213945	0.00177946471183	0.0214500870076	0.71714926968
18	16	middle	right	0	ERROR	0.893907591725	0.002737980815	0.0539172832205	0.000323862202097	0.00134992919276	0.000180708900501	0.944552078686	0.781932287806	0.0819351160642	0.00030507451788	0.000237993707193	0.217498811883	0.000263825793272	0.00423501403587	0.0238334300084	0.992789011442
19	5	right	left	0	ERROR	0.893907591725	0.00547596162999	0.0539172832205	0.000323862202097	0.00134992919276	0.000180708900501	0.944552078686	0.781932287806	0.0819351160642	0.00030507451788	0.000475987414386	0.217498811883	0.000263825793272	0.00847002807175	0.0238334300084	0.985578022884
20	7	middle	left	0	ERROR	0.893907591725	0.013689904075	0.0539172832205	0.000323862202097	0.00134992919276	0.000180708900501	0.944552078686	0.757702542006	0.0819351160642	0.000338971686533	0.00118996853597	0.241665346537	0.000293139770302	0.0211750701794	0.0238334300084	0.96394505721
21	7	middle	right	0	ERROR	0.882119546361	0.0236471144527	0.0599080924672	0.000359846891218	0.00149992132529	0.000200787667223	0.93839119854	0.757702542006	0.0910390178492	0.000338971686533	0.00205547986392	0.241665346537	0.000293139770302	0.000172733967478	0.0264815888982	0.974124671716
22	9	left	left	1	noError	0.892835951238	0.0230529179253	0.0599080924672	0.000327133537471	0.00149992132529	0.000200787667223	0.93839119854	0.757702542006	0.0827627434992	0.000338971686533	0.00200383047558	0.241665346537	0.000293139770302	0.000168393567983	0.0240741717257	0.974774858031
23	7	right	left	0	noError	0.892835951238	0.0224879060921	0.0599080924672	0.000327133537471	0.00149992132529	0.000200787667223	0.93839119854	0.757702542006	0.0827627434992	0.000338971686533	0.00195471791057	0.241665346537	0.000293139770302	0.000164266352554	0.0240741717257	0.975393109645
24	6	right	right	1	noError	0.892835951238	0.0219499803308	0.0599080924672	0.000327133537471	0.00149992132529	0.000200787667223	0.93839119854	0.779729583642	0.0827627434992	0.000308156078666	0.00190795975017	0.219695769579	0.000266490700275	0.000160336991484	0.0240741717257	0.975981722927
25	8	left	middle	0	ERROR	0.892835951238	0.0548749508271	0.0665645471858	0.000327133537471	0.00166657925032	0.000223097408026	0.931545776156	0.866366204047	0.0827627434992	0.000342395642963	0.00476989937543	0.132995299532	0.000296100778083	0.000400842478709	0.0240741717257	0.939954307319
26	8	left	left	1	noError	0.892835951238	0.133519139563	0.0665645471858	0.000327133537471	0.00166657925032	0.000223097408026	0.931545776156	0.878514730952	0.0827627434992	0.00031126876633	0.00411217473846	0.120904817757	0.00026918252553	0.000345570039389	0.0240741717257	0.862023115659
27	6	middle	left	0	ERROR	0.892835951238	0.267038279127	0.0739606079842	0.000327133537471	0.00185175472258	0.000247886008917	0.923939751284	0.878514730952	0.0827627434992	0.00031126876633	0.00822434947692	0.120904817757	0.00026918252553	0.000691140078779	0.0240741717257	0.724046231317
28	12	middle	middle	1	noError	0.902578137489	0.35982924964	0.0739606079842	0.000297394124974	0.00185175472258	0.000247886008917	0.923939751284	0.891665003633	0.0752388577266	0.000277575223182	0.0052189801112	0.107817376502	0.000240044642069	0.000438581353495	0.0218856106597	0.634513188896
29	8	left	middle	0	ERROR	0.902578137489	0.436775154952	0.0821784533158	0.000297394124974	0.00205750524731	0.000275428898797	0.915488612538	0.864581254541	0.0752388577266	0.000346969028978	0.00016810084144	0.134771720627	0.000300055802586	0.000737258945624	0.0218856106597	0.562319485261
30	9	right	right	1	noError	0.902578137489	0.557850103301	0.0821784533158	0.000297394124974	0.00205750524731	0.000275428898797	0.915488612538	0.88072182724	0.0752388577266	0.000305613758573	0.000112067227627	0.118708266878	0.00026429212394	0.000491505963749	0.0218856106597	0.441546323508
31	8	middle	middle	1	noError	0.911218516791	0.684178645215	0.0821784533158	0.000271018135275	0.00205750524731	0.000275428898797	0.915488612538	0.893423428313	0.0685658969324	0.000273069798904	8.00480197333e-05	0.106067353498	0.000236148390286	0.000351075688392	0.0199445681412	0.315390231077
32	7	right	middle	0	ERROR	0.911218516791	0.640297742025	0.0913093925731	0.000271018135275	0.00228611694145	0.000306032109774	0.906098458376	0.866779285391	0.0685658969324	0.000341337248629	0.000133413366222	0.132584191873	0.000295185487857	0.000585126147321	0.0199445681412	0.358983718461
33	9	middle	left	0	ERROR	0.911218516791	0.600744355063	0.0913093925731	0.000271018135275	0.00228611694145	0.000306032109774	0.906098458376	0.809684693415	0.0685658969324	0.000487624640899	0.000333533415556	0.18940598839	0.000421693554081	0.0014628153683	0.0199445681412	0.397459296154
34	7	left	middle	0	noError	0.911218516791	0.533829570042	0.0913093925731	0.000271018135275	0.00228611694145	0.000306032109774	0.906098458376	0.84010010161	0.0685658969324	0.000409694479815	0.00022235561037	0.159135903682	0.000354300227655	0.000975210245534	0.0199445681412	0.464972864102
35	9	left	left	1	noError	0.911218516791	0.458643481276	0.0834789393673	0.000271018135275	0.00209006556899	0.000279787601433	0.914151207462	0.862131477497	0.0685658969324	0.000353245831789	0.000138972256481	0.137209792744	0.000305483927139	0.000609506403459	0.0199445681412	0.540608040064
36	8	middle	middle	1	noError	0.911218516791	0.583571908674	0.076886053147	0.000271018135275	0.00192499921101	0.000257690916495	0.920931256726	0.807824711828	0.0685658969324	0.000285389251194	0.000106901735755	0.191643096776	0.000246802145623	0.000468851079584	0.0199445681412	0.415852338511
37	7	left	left	1	noError	0.911218516791	0.455714605783	0.076886053147	0.000271018135275	0.00192499921101	0.000257690916495	0.920931256726	0.838789302925	0.0685658969324	0.000239405391611	7.12678238367e-05	0.16076425598	0.000207035703258	0.000312567386389	0.0199445681412	0.543901559007
38	9	right	right	1	noError	0.91845045169	0.472321628614	0.076886053147	0.000248941622922	0.00192499921101	0.000257690916495	0.920931256726	0.861158201814	0.0629806770758	0.000206186535197	4.45423898979e-05	0.138457303326	0.000178308324761	0.000195354616493	0.018319929611	0.527438474379
39	7	middle	middle	1	noError	0.924592369161	0.517170483549	0.0712588326828	0.000230192544174	0.00178411026548	0.000238830752143	0.9267182263	0.800965168178	0.0582372771566	0.000171822112664	3.42633768445e-05	0.198714419439	0.000148590270634	0.000150272781918	0.016940161138	0.482644980292
40	10	left	middle	0	ERROR	0.924592369161	0.542926208873	0.0791764807587	0.000230192544174	0.00198234473942	0.000265367502381	0.918575807	0.715664525969	0.0582372771566	0.000245460160949	8.56584421114e-05	0.283877742055	0.000212271815192	0.000375681954795	0.016940161138	0.45661245073
41	8	middle	left	0	ERROR	0.916213743512	0.404877014789	0.0791764807587	0.000255769493527	0.00198234473942	0.000265367502381	0.918575807	0.59380646567	0.0647080857295	0.000350657372785	0.000142764070186	0.405539631507	0.000303245450274	0.000626136591325	0.0188224012645	0.59435408455
42	9	middle	left	0	noError	0.922684027793	0.403251343193	0.0732217786961	0.000236018028277	0.00183325662392	0.00024540975232	0.924699554928	0.578172054725	0.0597110882805	0.000292214477321	9.51760467904e-05	0.421283026256	0.000252704541895	0.000417424394216	0.017368865898	0.596236056366
43	7	left	middle	0	ERROR	0.922684027793	0.172085571988	0.0732217786961	0.000236018028277	0.00183325662392	0.00024540975232	0.924699554928	0.397388649607	0.0597110882805	0.000417449253315	0.000158626744651	0.601832894652	0.000361006488422	0.000695707323694	0.017368865898	0.827060093944
44	7	right	middle	0	ERROR	0.922684027793	0.102979388554	0.0915272233702	0.000236018028277	0.0022915707799	0.000306762190399	0.90587444366	0.496735812008	0.0597110882805	0.000521811566644	0.000226609635215	0.502291118314	0.000451258110527	0.000993867605277	0.017368865898	0.895800134206
45	6	right	right	1	noError	0.922684027793	0.0932699946301	0.0836609554866	0.000236018028277	0.0020946227139	0.00028039764576	0.913964024154	0.496735812008	0.0597110882805	0.000521811566644	0.000205243784766	0.502291118314	0.000451258110527	0.000900160969191	0.017368865898	0.905624600616
46	9	middle	middle	1	noError	0.922684027793	0.161830340581	0.0836609554866	0.000236018028277	0.0020946227139	0.00028039764576	0.913964024154	0.580613176674	0.0597110882805	0.000434842972203	0.000171856328006	0.418575931929	0.000376048425439	0.000753729809435	0.017368865898	0.837244073281
47	10	left	left	1	noError	0.922684027793	0.207364757921	0.077040412462	0.000236018028277	0.0019288639114	0.000258208266414	0.92077251536	0.567177647228	0.0597110882805	0.000362369143503	0.000136107014088	0.432146609941	0.000313373687866	0.000596939984588	0.017368865898	0.791902195081
48	7	right	middle	0	ERROR	0.922684027793	0.214729515842	0.077040412462	0.000236018028277	0.0019288639114	0.000258208266414	0.92077251536	0.458972059035	0.0597110882805	0.000452961429378	0.000272214028176	0.540183262426	0.000391717109833	0.00119387996918	0.017368865898	0.783804390161
49	8	middle	left	0	ERROR	0.914093364215	0.286823789604	0.077040412462	0.000262242253641	0.0019288639114	0.000258208266414	0.92077251536	0.459134115669	0.0663456536451	0.000100035308606	0.000680535070439	0.540373993603	0.000391855419682	0.00298469992294	0.0192987398867	0.709510975403
50	11	left	left	1	noError	0.914093364215	0.3689812873	0.0713913912477	0.000262242253641	0.00178742913961	0.000239275034775	0.926581904578	0.470810082621	0.0663456536451	7.14537918611e-05	0.000427904782989	0.528838566859	0.000279896728344	0.0018767105889	0.0192987398867	0.628714097328
