Trial	naoDecision	errpDetector	x01	x12	x32	x00	x33	x30	x31	x21	x02	x20	x13	x23	x22	x10	x03	x11
0	middle	noError	0.25	0.166666666667	0.318181818182	0.321428571429	0.227272727273	0.227272727273	0.227272727273	0.233333333333	0.25	0.233333333333	0.233333333333	0.166666666667	0.366666666667	0.233333333333	0.178571428571	0.366666666667
1	middle	noError	0.166666666667	0.190476190476	0.289256198347	0.347619047619	0.206611570248	0.206611570248	0.297520661157	0.222222222222	0.366666666667	0.288888888889	0.238095238095	0.177777777778	0.311111111111	0.238095238095	0.119047619048	0.333333333333
2	right	noError	0.151515151515	0.223443223443	0.326170798898	0.316017316017	0.271074380165	0.137741046832	0.265013774105	0.263888888889	0.333333333333	0.243055555556	0.260073260073	0.173611111111	0.319444444444	0.260073260073	0.199134199134	0.25641025641
3	left	noError	0.179653679654	0.231030873888	0.355142332415	0.297155225727	0.225895316804	0.114784205693	0.304178145087	0.242592592593	0.309523809524	0.29537037037	0.257195185767	0.115740740741	0.346296296296	0.257195185767	0.213667285096	0.254578754579
4	left	noError	0.233044733045	0.307879195634	0.350109486473	0.247629354772	0.173765628311	0.088295542841	0.387829342375	0.15162037037	0.34126984127	0.309606481481	0.255139418405	0.197337962963	0.341435185185	0.183710846976	0.178056070913	0.253270538985
5	left	noError	0.309317666461	0.338586130423	0.318281351339	0.24830668198	0.15796875301	0.08026867531	0.443481220341	0.16774691358	0.315192743764	0.406404320988	0.23675961227	0.131558641975	0.294290123457	0.189140564651	0.127182907795	0.235513692657
6	right	noError	0.314859743431	0.260450869556	0.321754885646	0.344851293831	0.121514425392	0.0617451348538	0.494985554108	0.167341820988	0.242455956742	0.254002700617	0.335968932515	0.0822241512346	0.49643132716	0.222415818962	0.0978330059963	0.181164378967
7	middle	noError	0.377145221301	0.373633913037	0.351462404705	0.31350117621	0.10126202116	0.0514542790449	0.49582129509	0.21608342411	0.220414506129	0.149413353304	0.29064595501	0.107190677197	0.527312545389	0.148277212641	0.0889390963602	0.187442919311
8	left	noError	0.290111708693	0.358521195648	0.34727877285	0.395000904777	0.077893862431	0.0395802146499	0.535247150069	0.320064172393	0.169549620099	0.114933348696	0.306653721881	0.0824543670745	0.482548111837	0.0926732579009	0.145337766431	0.242151824569
9	middle	noError	0.263737916994	0.42963168896	0.420983671423	0.359091731615	0.0599183557162	0.0304463189615	0.4886516539	0.288924540218	0.154136018272	0.119407415942	0.23588747837	0.101363537264	0.490304506576	0.148210198385	0.223034333119	0.186270634284
10	middle	noError	0.279798397688	0.35308779264	0.400756670325	0.353147485858	0.0460910428586	0.100343322278	0.452808964538	0.349231814442	0.118566167901	0.156719582816	0.357258318914	0.0724025266169	0.421646076126	0.0988067989235	0.248487948553	0.190847089523
11	middle	ERROR	0.224747997109	0.254597577964	0.375945837907	0.316434357322	0.0576138035732	0.125429152848	0.441011205673	0.613642637018	0.148207709877	0.38586493577	0.594149939287	0.000246213605752	0.000246213605752	0.000166308216725	0.310609935691	0.151086174532
12	middle	noError	0.283165331406	0.324712555688	0.341768943551	0.277622904882	0.0523761850666	0.204935593498	0.400919277884	0.542428424679	0.232138473251	0.457243290514	0.567249956634	0.000164142403835	0.000164142403835	0.000118791583375	0.207073290461	0.107918696094
13	left	noError	0.257423028551	0.327945347305	0.386977816822	0.252384458983	0.0374115607618	0.146382566784	0.429228055632	0.601734589056	0.301944066592	0.398030921795	0.542031222896	0.000117244574168	0.000117244574168	7.42447396095e-05	0.188248445874	0.129949185059
14	middle	ERROR	0.174914476168	0.426484491018	0.409968309746	0.280427176648	0.0534450868026	0.209117952549	0.327468650902	0.50289098176	0.335493407324	0.496718202992	0.473437409654	0.000195407623613	0.000195407623613	0.000247482465365	0.20916493986	0.0998306168632
15	middle	noError	0.171821547605	0.404988070014	0.341640258122	0.300266985405	0.0445375723355	0.257598293791	0.356223875752	0.502064986972	0.397183379578	0.49765585928	0.518028776657	0.000139576874009	0.000139576874009	0.000190371127204	0.130728087412	0.0767927822024
16	left	noError	0.143184623004	0.469992046676	0.368033548435	0.250222487838	0.0371146436129	0.297998578159	0.296853229793	0.62578425923	0.497652816315	0.374041033278	0.478685851105	8.73537460821e-05	8.73537460821e-05	0.000126914084802	0.108940072844	0.051195188135
17	middle	noError	0.130167839095	0.418745029172	0.312022365623	0.318384079852	0.0914097624086	0.265332385439	0.331235486529	0.712141737869	0.452411651195	0.287723871752	0.48667865694	6.71951892939e-05	6.71951892939e-05	7.93213030016e-05	0.0990364298577	0.0944969925843
18	right	ERROR	0.185671948506	0.197908381954	0.265027957029	0.454144379215	0.114262203011	0.331665481799	0.289044358161	0.999431610216	0.360041031863	0.000242497063118	0.644464428234	0.000162946360594	0.000162946360594	0.000132202171669	0.000142640417016	0.157494987641
19	right	ERROR	0.107089935632	0.395816763908	0.130055914058	0.442680474018	0.228524406022	0.463330963598	0.178088716322	0.999188014594	0.450051289828	0.000346424375882	0.288928856468	0.000232780515135	0.000232780515135	0.000264404343339	0.00017830052127	0.314989975281
20	middle	noError	0.107089935632	0.386564868838	0.191713261715	0.442680474018	0.190437005018	0.386109136332	0.231740596935	0.999188592304	0.450051289828	0.000346177902268	0.327182698038	0.000232614896723	0.000232614896723	0.000146891301855	0.00017830052127	0.286105541823
21	left	noError	0.0713932904214	0.457709912558	0.174284783377	0.495120316012	0.173124550016	0.441917396665	0.210673269941	0.999189169136	0.433367526552	0.000345931803721	0.284788465358	0.000232449530338	0.000232449530338	9.79275345698e-05	0.00011886701418	0.257403694549
22	right	noError	0.039662939123	0.381424927132	0.134065217983	0.552844620007	0.133172730782	0.570705689742	0.162056361493	0.99918974509	0.40742640364	0.000345686079386	0.403990387799	0.000232284415406	0.000232284415406	8.16062788082e-05	6.60372301001e-05	0.21450307879
23	middle	noError	0.0240811205287	0.346749933756	0.111721014986	0.607083412098	0.110977275651	0.642254741452	0.135046967911	0.999190320169	0.368795373257	0.000345440728413	0.458173079817	0.000232119551355	0.000232119551355	7.41875261893e-05	4.00941163863e-05	0.1950027989
24	left	ERROR	0.0344016007552	0.11540423787	0.124134461095	0.581547731568	0.123308084057	0.60250526828	0.150052186568	0.998380640338	0.383993390368	0.000690881456825	0.884165772671	0.00046423910271	0.00046423910271	0.000183135124084	5.72773091233e-05	0.000246854334536
25	right	noError	0.024572571968	0.103433447719	0.149422974063	0.486819808263	0.215538722705	0.535003512187	0.100034791045	0.998383096995	0.488566707405	0.000689833351857	0.896181165288	0.000463534826593	0.000463534826593	0.000164138662773	4.09123636595e-05	0.000221248330014
26	middle	ERROR	0.03510367424	0.14776206817	0.255615587052	0.695456868947	0.000171068464307	0.573085363671	0.171127980813	0.997690138564	0.269381010579	0.000985476216938	0.851687378983	0.000662192609418	0.000662192609418	0.000234483803961	5.84462337993e-05	0.000316069042878
27	left	noError	0.0250740530286	0.128688768496	0.18258256218	0.568183477819	0.000122191760219	0.623632402622	0.193662843438	0.997695231783	0.406700721842	0.000983303253	0.87083174466	0.000660732482187	0.000660732482187	0.000204216361734	4.17473098566e-05	0.00027527048309
28	left	ERROR	0.041790088381	0.214481280826	0.117975088828	0.780305796365	0.000174559657456	0.605189146603	0.276661204911	0.996158719638	0.177834536404	0.001638838755	0.784719574433	0.00110122080364	0.00110122080364	0.00034036060289	6.9578849761e-05	0.000458784138484
29	left	ERROR	0.188018811852	0.268101601032	0.147468861035	0.811218231785	0.00021819957182	0.506486433254	0.345826506139	0.995198399547	0.000449912453253	0.00204854844375	0.730899468041	0.00137652600456	0.00137652600456	0.000425450753612	0.000313043909905	0.000573480173105
30	right	ERROR	0.470047029629	0.280169335054	0.0678126586216	0.528045579463	0.000311713674028	0.580694904648	0.351180723056	0.993997999434	0.00112478113313	0.00256068555469	0.718165780068	0.00172065750569	0.00172065750569	0.000709084589354	0.000782609774763	0.000955800288508
31	middle	noError	0.380031353086	0.324059017194	0.052163583555	0.618697052975	0.000239779749252	0.523611465114	0.423985171582	0.9940332154	0.000749854088755	0.00254566106166	0.674817377199	0.00171056176916	0.00171056176916	0.000478550457846	0.000521739849842	0.000645055149332
32	middle	noError	0.404490935666	0.249276167072	0.0372597025393	0.594752704764	0.000171271249466	0.659722475082	0.30284655113	0.9940332154	0.0004460223497	0.00254566106166	0.749859520922	0.00171056176916	0.00171056176916	0.000368115736804	0.000310337220599	0.000496196268717
33	right	noError	0.376595305278	0.207730139227	0.0286613096456	0.622933485897	0.000131747114974	0.738248057755	0.232958885484	0.9940332154	0.000277870044091	0.00254566106166	0.791549600768	0.00171056176916	0.00171056176916	0.000306763114004	0.000193338780509	0.000413496890597
34	middle	ERROR	0.345744131598	0.269325348068	0.0505364695171	0.653666857372	0.000232300412722	0.94905490711	0.000176322959913	0.99254151925	0.000347337555114	0.00318207632707	0.728874001921	0.00213820221146	0.00213820221146	0.000766907785009	0.000241673475637	0.00103374222649
35	left	ERROR	0.997204065073	0.336656685084	0.0631705868964	0.000405789574135	0.000290375515903	0.936318633888	0.000220403699892	0.99254151925	0.00140945958571	0.00318207632707	0.661092502401	0.00213820221146	0.00213820221146	0.000958634731261	0.000980685767584	0.00129217778312
36	right	noError	0.997211582465	0.348748421048	0.0593942211749	0.000404698533225	0.000273016738686	0.940125534217	0.000207227868891	0.992596001431	0.00140566999089	0.00315883212171	0.64978887974	0.00212258322366	0.00212258322366	0.000622972485355	0.000978049011094	0.000839726726789
37	left	noError	0.997219058796	0.467967763155	0.0560442085487	0.000403613451743	0.000257617773876	0.943502634083	0.000195539594114	0.992649688099	0.0014019010954	0.00313592731311	0.531118049837	0.00210719229416	0.00210719229416	0.000389357803347	0.000975426656965	0.000524829204243
38	middle	noError	0.997226494401	0.417479851972	0.0530522039877	0.000402534281003	0.000243864460655	0.946518831133	0.000185100418103	0.99270259655	0.00139815273013	0.00311335452176	0.581948781148	0.00209202446429	0.00209202446429	0.000243348627092	0.00097281858753	0.000328018252652
39	left	ERROR	0.996533118002	0.0436996299297	0.0663152549847	0.000503167851254	0.000304830575818	0.933148538917	0.000231375522628	0.985405193099	0.00174769091267	0.00622670904353	0.954871952871	0.00418404892858	0.00418404892858	0.000608371567729	0.00121602323441	0.00082004563163
40	left	noError	0.996544751416	0.0418167053504	0.0621656097076	0.000501479429192	0.000285755948728	0.937331737033	0.000216897310263	0.985405193099	0.00174182638875	0.00622670904353	0.956816424925	0.00418404892858	0.00418404892858	0.000582158124273	0.00121194276613	0.000784711600691
41	right	noError	0.996556305866	0.0400895061044	0.139489107757	0.00049980246767	0.000245797135386	0.860078527732	0.000186567376018	0.985613719458	0.0017360016716	0.00613774363474	0.958600081425	0.00412426845374	0.00412426845374	0.000558112636594	0.00120788999493	0.000752299834301
42	middle	noError	0.996567782152	0.0384994806868	0.19316418784	0.000498136850405	0.000198252039413	0.806487080895	0.000150479226397	0.985816351046	0.00173021635732	0.00605129316297	0.960242080272	0.00406617789559	0.00406617789559	0.000535976836872	0.0012038646398	0.000722462204098
43	right	noError	0.996579181066	0.0370309117608	0.226659393539	0.000496482462682	0.000153278227305	0.773070985476	0.00011634275812	0.986013334335	0.00172447004745	0.00596725247391	0.961758652559	0.00400970659549	0.00400970659549	0.000515531913625	0.00119986642349	0.000694903766315
44	left	ERROR	0.994298635111	0.000177598099574	0.377765655898	0.000827470771136	0.000255463712175	0.621784975793	0.000193904596867	0.984459260372	0.00287411674575	0.00663028052656	0.997672691136	0.00445522955054	0.00445522955054	0.000915574881294	0.00199977737248	0.00123413588284
45	right	ERROR	0.990497725184	0.000355196199147	0.555531311796	0.00137911795189	0.000510927424349	0.443569951586	0.000387809193735	0.982732511525	0.00479019457625	0.00736697836285	0.995345382273	0.00495025505616	0.00495025505616	0.00183114976259	0.00333296228747	0.00246827176568
46	left	ERROR	0.98812215648	0.000710392398295	0.511062623592	0.00172389743987	0.0010218548487	0.487139903172	0.00077561838747	0.975332159321	0.00598774322031	0.0105242548041	0.990690764545	0.00707179293737	0.00707179293737	0.00366229952518	0.00416620285934	0.00493654353136
47	left	noError	0.899370324592	0.000703909926047	0.474041749061	0.00155057725778	0.000681236565799	0.524759935448	0.00051707892498	0.975923662934	0.0953317641992	0.0102718964877	0.990775713174	0.00690222028898	0.00690222028898	0.00362888031195	0.00374733395131	0.00489149658756
48	left	noError	0.908562506167	0.000697545322451	0.516027832707	0.00140893725306	0.000454157710532	0.483173290299	0.00034471928332	0.976487408748	0.086623528951	0.0100313807223	0.990859117211	0.00674060526512	0.00674060526512	0.00359606874923	0.00340502762901	0.00484726871746
49	right	noError	0.916215199835	0.000691295401751	0.610685221805	0.00129101882875	0.000302771807022	0.388782193533	0.000229812855547	0.97702530587	0.0793737312614	0.00980189300777	0.990941018402	0.00658640056096	0.00658640056096	0.00356384841345	0.00312005007457	0.00480383778313
