Trial	nTrans	naoDecision	humanDecision	guessCorr	errpDetector	x01	x12	x32	x00	x33	x30	x31	x21	x02	x20	x13	x23	x22	x10	x03	x11
1	10	right	middle	0	noError	0.269230769231	0.192307692308	0.269230769231	0.192307692308	0.192307692308	0.269230769231	0.269230769231	0.227272727273	0.192307692308	0.318181818182	0.269230769231	0.227272727273	0.227272727273	0.346153846154	0.346153846154	0.192307692308
2	6	right	middle	0	ERROR	0.269230769231	0.000141284383728	0.269230769231	0.192307692308	0.192307692308	0.269230769231	0.269230769231	0.038961038961	0.192307692308	0.454545454545	0.380381033115	0.324675324675	0.181818181818	0.489061328291	0.346153846154	0.130416354211
3	11	middle	right	0	ERROR	0.0989010989011	0.000235473972881	0.241758241758	0.274725274725	0.274725274725	0.0989010989011	0.384615384615	0.04329004329	0.274725274725	0.505050505051	0.467301721858	0.249639249639	0.20202020202	0.481768880484	0.351648351648	0.0506939236847
4	6	left	left	1	noError	0.213500784929	0.000214067248073	0.241758241758	0.267660910518	0.274725274725	0.0989010989011	0.384615384615	0.0393545848091	0.267660910518	0.550045913682	0.424819747144	0.226944772399	0.183654729109	0.52888080044	0.251177394035	0.0460853851679
5	12	left	middle	0	ERROR	0.341418288404	0.000237852497859	0.26862026862	0.000300806984389	0.30525030525	0.10989010989	0.316239316239	0.0491932310114	0.203528744539	0.437557392103	0.472021941271	0.283680965499	0.229568411387	0.476534222711	0.454752160073	0.0512059835199
6	7	left	middle	0	ERROR	0.268242542671	0.000297315622324	0.240886098029	0.000334229982654	0.293214721786	0.0141287284144	0.45177045177	0.0546591455682	0.226143049488	0.486174880114	0.340027426589	0.204089961666	0.255076012652	0.595667778389	0.505280177859	0.0640074793999
7	11	right	middle	0	ERROR	0.383203632387	0.00042473660332	0.481772196058	0.000477471403792	0.186429443572	0.0282574568289	0.303540903541	0.0546591455682	0.323061499269	0.486174880114	0.342896323698	0.204089961666	0.255076012652	0.565239683413	0.293257396941	0.0914392562855
8	9	right	middle	0	ERROR	0.354004540483	0.000471929559245	0.352215245072	0.00059683925474	0.233036804465	0.0353218210361	0.379426129426	0.0910985759471	0.278826874086	0.64362480019	0.38099591522	0.173483269443	0.0917933544196	0.51693298157	0.366571746176	0.101599173651
9	9	right	left	0	noError	0.295003783736	0.00036302273788	0.270934803902	0.000497366045616	0.256182157281	0.0271706315662	0.445712407251	0.0828168872246	0.315689061738	0.585113454719	0.293073780938	0.248621154039	0.0834485040178	0.628409985823	0.38880978848	0.0781532105005
10	11	right	middle	0	ERROR	0.278576833909	0.000518603911258	0.213668504877	0.000710522922309	0.320227696601	0.0339632894578	0.432140509064	0.000136251920548	0.450984373912	0.660976398892	0.418676829912	0.338751097267	0.000136251920548	0.469157122605	0.269728269257	0.111647443572
11	14	left	right	0	ERROR	0.130961389848	0.000864339852096	0.162383578396	0.00118420487051	0.314610995145	0.0485189849397	0.474486441519	0.000194645600783	0.418307289853	0.515680569845	0.531128049853	0.483930138953	0.000194645600783	0.448595204341	0.449547115429	0.0194124059535
12	12	right	middle	0	noError	0.0935438498912	0.000785763501906	0.201833521843	0.000845860621796	0.318931534727	0.0373222961075	0.441912647323	0.000139032571988	0.513076635609	0.582628978461	0.482843681685	0.417092956395	0.000139032571988	0.407813822128	0.392533653878	0.108556732685
13	18	left	left	1	noError	0.129029233261	0.000604433463004	0.126145951152	0.000563907081198	0.324332209204	0.0858264350672	0.463695404577	9.93089799914e-05	0.608717757073	0.559020698901	0.448341293604	0.440780683139	9.93089799914e-05	0.467549093945	0.261689102585	0.0835051789884
14	15	left	left	1	noError	0.253099410201	0.000402955642003	0.0742035006776	0.000433774677844	0.308430711297	0.22695672651	0.390409061516	9.93089799914e-05	0.468244428518	0.559020698901	0.565560862403	0.440780683139	9.93089799914e-05	0.311699395963	0.278222386604	0.122336785992
15	5	right	middle	0	ERROR	0.253099410201	0.000447728491114	0.106005000968	0.000433774677844	0.154901016138	0.324223895014	0.41487008788	0.000110343311102	0.468244428518	0.62113410989	0.517289847114	0.378645203488	0.000110343311102	0.346332662181	0.278222386604	0.135929762214
16	17	right	right	1	noError	0.252213864429	0.000319806065082	0.128753125605	0.000309839055603	0.159313135086	0.265139934384	0.446793804925	8.48794700781e-05	0.477317448941	0.631641622992	0.583778462224	0.368188618068	8.48794700781e-05	0.318809044415	0.270158847574	0.0970926872955
17	8	middle	left	0	ERROR	0.190267330536	0.000355340072313	0.0359414070063	0.000387298819504	0.0741414188578	0.33142491798	0.558492256156	0.000121256385826	0.471646811176	0.616630889989	0.537531624694	0.38312659724	0.000121256385826	0.354232271572	0.337698559468	0.107880763662
18	15	middle	right	0	ERROR	0.000163979407807	0.000592233453855	0.0718828140126	0.000635090310666	0.148282837716	0.06284983596	0.716984512312	0.000151570482282	0.445444832294	0.645788612486	0.395886041156	0.35390824655	0.000151570482282	0.423720452621	0.553756097988	0.179801272769
19	13	left	middle	0	ERROR	0.000234256296867	0.00118446690771	0.119804690021	0.00090727187238	0.247138062859	0.1047497266	0.52830752052	0.00016841164698	0.493492617562	0.717542902762	0.391772082312	0.282120273944	0.00016841164698	0.447440905242	0.505365854268	0.159602545539
20	13	left	left	1	noError	0.000167325926334	0.00107678809792	0.0798697933473	0.000648051337414	0.364758708573	0.0698331510667	0.485538347013	0.000129547420754	0.566780441116	0.705802232894	0.356156438465	0.293938672265	0.000129547420754	0.49767355022	0.43240418162	0.145093223217
21	14	middle	middle	1	noError	0.00011951851881	0.000897323414932	0.119913195565	0.000462893812439	0.376505805715	0.0465554340445	0.457025564675	9.96518621186e-05	0.547700315083	0.69677094838	0.296797032054	0.303029747896	9.96518621186e-05	0.581394625183	0.451717272586	0.120911019348
22	11	left	right	0	ERROR	0.000170740741157	0.00128189059276	0.000128174431343	0.000661276874912	0.48258417545	0.0596721628459	0.457615487273	0.000124564827648	0.782429021547	0.620963685475	0.423995760078	0.37878718487	0.000124564827648	0.544849464547	0.216738960837	0.0298728847822
23	13	right	left	0	ERROR	0.000292684512154	0.00160236324095	0.000213624052239	0.00113356366044	0.637640292417	0.0994536047432	0.262692478788	0.00015570603456	0.998402331398	0.526204606844	0.529994700097	0.473483981087	0.00015570603456	0.431061830684	0.000171420429694	0.0373411059778
24	10	right	right	1	noError	0.000292246823262	0.00160236324095	0.000152588608742	0.00113186849653	0.598314494583	0.213895431959	0.187637484849	0.000119773872739	0.998404720598	0.404772774495	0.529994700097	0.594987677759	0.000119773872739	0.431061830684	0.000171164082622	0.0373411059778
25	10	right	right	1	noError	0.000291810485054	0.00160236324095	0.000108991863387	0.0011301785638	0.570224638988	0.224211022828	0.20545534632	9.21337482605e-05	0.998407102425	0.388286749612	0.529994700097	0.611528982892	9.21337482605e-05	0.431061830684	0.000170908526622	0.0373411059778
26	9	right	middle	0	ERROR	0.000365233425876	0.00160236324095	0.000181653105645	0.000125161172947	0.450374398313	0.20701837138	0.342425577201	0.000115167185326	0.999295694285	0.485358437014	0.529994700097	0.514411228615	0.000115167185326	0.431061830684	0.000213911116586	0.0373411059778
27	8	right	middle	0	ERROR	0.000456541782345	0.00178040360105	0.000227066382057	0.000156451466183	0.562967997892	0.133772964225	0.303031971501	0.000164524550465	0.999119617856	0.550512052878	0.477771888997	0.449158898021	0.000164524550465	0.478957589649	0.000267388895733	0.0414901177531
28	7	right	right	1	noError	0.000456185783105	0.00178040360105	0.000206423983688	0.000156329469457	0.511789088993	0.212520876568	0.275483610455	0.000126557346512	0.999120304355	0.577316963752	0.477771888997	0.422429921555	0.000126557346512	0.478957589649	0.000267180392925	0.0414901177531
29	13	middle	middle	1	noError	0.000455830374147	0.00161854872823	0.000172019986406	0.000156207675013	0.426490907494	0.34376739714	0.229569675379	8.43715643411e-05	0.999120989715	0.584877975835	0.434338080906	0.414953281037	8.43715643411e-05	0.526325081499	0.000266972235835	0.0377182888664
30	10	left	middle	0	ERROR	0.000651186248782	0.00161854872823	0.000245742837724	0.000223153821447	0.466415582134	0.348239138772	0.185099536256	0.000140619273902	0.998744271021	0.641463293058	0.434338080906	0.358255468394	0.000140619273902	0.526325081499	0.000381388908336	0.0377182888664
31	8	right	middle	0	ERROR	0.00108531041464	0.00161854872823	0.000245742837724	0.000371923035745	0.466415582134	0.348239138772	0.185099536256	0.000234365456503	0.997907118369	0.402438821763	0.434338080906	0.597092447324	0.000234365456503	0.526325081499	0.000635648180559	0.0377182888664
32	12	left	left	1	noError	0.00108315182127	0.00161854872823	0.000175530598374	0.000371183311342	0.404582558667	0.463027956266	0.132213954469	0.000167403897502	0.997911280939	0.430313444117	0.434338080906	0.569351748088	0.000167403897502	0.526325081499	0.000634383928481	0.0377182888664
33	8	left	right	0	noError	0.00108100201196	0.00147140793476	0.000125378998839	0.000370446597133	0.503273256191	0.402162825904	0.0944385389063	0.000152185361366	0.99791542657	0.391194040106	0.394852800824	0.608501589171	0.000152185361366	0.569386437726	0.000633124821082	0.0342893535149
34	17	right	middle	0	ERROR	0.00216200402392	0.00183925991845	0.000309072985392	0.000740893194266	0.747601843599	0.251842572446	0.000246510969345	0.000253642268943	0.99583085314	0.31865673351	0.24356600103	0.680835981952	0.000253642268943	0.711733047158	0.00126624964216	0.0428616918937
35	7	middle	middle	1	noError	0.00215324216533	0.00183925991845	0.000280975441265	0.000737890609011	0.770547130545	0.228947793133	0.000224100881222	0.000195109437648	0.995847749258	0.398966718085	0.24356600103	0.60064306304	0.000195109437648	0.711733047158	0.00126111796794	0.0428616918937
36	11	right	right	1	noError	0.00214455190329	0.00183925991845	0.000196575280513	0.000734912559048	0.699547341575	0.30009929829	0.000156784854189	0.000150084182806	0.995864507311	0.383820552373	0.24356600103	0.615879279262	0.000150084182806	0.711733047158	0.00125602822663	0.0428616918937
37	11	left	left	1	noError	0.00213593236385	0.00183925991845	0.000163812733761	0.000731958744885	0.666289451312	0.333416081909	0.000130654045158	0.000100056121871	0.995881128985	0.455880368249	0.24356600103	0.543919519508	0.000100056121871	0.711733047158	0.00125097990636	0.0428616918937
38	11	middle	middle	1	noError	0.00212738268723	0.00183925991845	0.000126009795201	0.000729028871882	0.66637650101	0.333396986084	0.00010050311166	7.14686584792e-05	0.995897615937	0.46848597732	0.24356600103	0.531371085363	7.14686584792e-05	0.711733047158	0.00124597250358	0.0428616918937
39	10	middle	middle	1	noError	0.00211890202752	0.00183925991845	8.40065301337e-05	0.00072612265016	0.644251000673	0.355597990722	6.70020744398e-05	5.49758911379e-05	0.995913969799	0.437296905631	0.24356600103	0.562593142587	5.49758911379e-05	0.711733047158	0.00124100552286	0.0428616918937
40	9	right	right	1	noError	0.00211048955243	0.00183925991845	6.00046643812e-05	0.000723239794497	0.603036429052	0.396855707659	4.78586245999e-05	4.58132426149e-05	0.995930192176	0.364414088026	0.24356600103	0.635494285489	4.58132426149e-05	0.711733047158	0.00123607847672	0.0428616918937
41	10	left	left	1	noError	0.00210214444297	0.00167205447131	5.00038869843e-05	0.000720380024241	0.502530357543	0.497379756382	3.98821871666e-05	3.52409558576e-05	0.995946284647	0.357241606174	0.2214236373	0.642687911915	3.52409558576e-05	0.73793913378	0.00123119088551	0.0389651744488
42	15	right	right	1	noError	0.00209386589324	0.00152004951938	3.33359246562e-05	0.000717543063215	0.535020238362	0.464919837588	2.65881247777e-05	2.51721113269e-05	0.995962248766	0.398029718696	0.201294215727	0.601919937082	2.51721113269e-05	0.761762848891	0.00122634227722	0.0354228858625
43	8	right	right	1	noError	0.00208565311014	0.00152004951938	2.27567651143e-05	0.000714728639633	0.682581619451	0.317377473403	1.8150380307e-05	2.28837375699e-05	0.995978086063	0.361845198814	0.201294215727	0.638109033711	2.28837375699e-05	0.761762848891	0.00122153218734	0.0354228858625
44	13	middle	middle	1	noError	0.00207750531309	0.00126670793281	1.51711767428e-05	0.000711936486006	0.588387746301	0.411584982269	1.2100253538e-05	1.76028750537e-05	0.995993798042	0.278342460626	0.251078513106	0.721622333624	1.76028750537e-05	0.634802374076	0.00121676015872	0.112852404885
45	8	left	left	1	noError	0.00206942173387	0.00115155266619	1.26426472857e-05	0.000709166339064	0.490323121917	0.509654151891	1.0083544615e-05	1.46690625448e-05	0.996009386186	0.315285383855	0.319162284642	0.68468527802	1.46690625448e-05	0.577093067342	0.00121202574139	0.10259309535
46	10	middle	middle	1	noError	0.00206140161626	0.00115155266619	9.03046234693e-06	0.000706417939669	0.493087944227	0.506895822779	7.20253186785e-06	1.12838942652e-05	0.996024851952	0.396373372196	0.319162284642	0.603604060015	1.12838942652e-05	0.577093067342	0.00120732849248	0.10259309535
47	9	left	left	1	noError	0.00205344421591	0.00115155266619	6.02030823129e-06	0.000703691032737	0.462058629484	0.537930548519	4.8016879119e-06	9.40324522102e-06	0.996040196775	0.330311143497	0.319162284642	0.669670050013	9.40324522102e-06	0.577093067342	0.00120266797602	0.10259309535
48	7	right	right	1	noError	0.00204554880006	0.00115155266619	4.63100633176e-06	0.000700985367156	0.432352791911	0.567638883476	3.69360608607e-06	7.83603768418e-06	0.99605542207	0.275259286247	0.319162284642	0.724725041677	7.83603768418e-06	0.577093067342	0.00119804376284	0.10259309535
49	8	middle	middle	1	noError	0.0020377146473	0.00115155266619	3.30786166554e-06	0.000698300695713	0.451680565651	0.548313488197	2.63829006148e-06	6.53003140349e-06	0.996070529227	0.22938273854	0.319162284642	0.770604201398	6.53003140349e-06	0.577093067342	0.00119345543043	0.10259309535
50	10	middle	right	0	ERROR	0.00291102092471	0.00127950296244	4.72551666506e-06	0.000997572422447	0.64525795093	0.354733554568	3.76898580212e-06	9.32861629069e-06	0.994386470324	0.184832483628	0.243513649602	0.81514885914	9.32861629069e-06	0.641214519268	0.00170493632919	0.113992328167
