Trial	nTrans	naoDecision	humanDecision	guessCorr	errpDetector	x01	x12	x32	x00	x33	x30	x31	x21	x02	x20	x13	x23	x22	x10	x03	x11
1	26	right	middle	0	noError	0.21875	0.3	0.125	0.21875	0.425	0.225	0.225	0.233333333333	0.28125	0.233333333333	0.233333333333	0.233333333333	0.3	0.3	0.28125	0.166666666667
2	77	right	middle	0	ERROR	0.25	0.000748316288351	0.25	0.25	0.25	0.25	0.25	0.25	0.25	0.25	0.997755051135	0.25	0.25	0.000748316288351	0.25	0.000748316288351
3	157	right	middle	0	ERROR	0.25	0.319118382283	0.25	0.25	0.25	0.25	0.25	0.25	0.25	0.25	0.0426448531524	0.25	0.25	0.319118382283	0.25	0.319118382283
4	22	middle	middle	1	ERROR	0.555432126194	0.365197303804	0.454462824941	0.111086425239	0.0908925649882	0.454462824941	0.000181785129976	0.5	0.000222172850478	0.166666666667	0.0710747552539	0.166666666667	0.166666666667	0.198530637138	0.333259275717	0.365197303804
5	79	right	left	0	ERROR	0.191507467132	0.25	0.00109559804995	0.191507467132	0.995817169561	0.00109559804995	0.00199163433912	0.00149328023892	0.425477598604	0.00149328023892	0.25	0.00149328023892	0.995520159283	0.25	0.191507467132	0.25
6	7	left	middle	0	ERROR	0.212786074591	0.25	0.00109559804995	0.212786074591	0.995817169561	0.00109559804995	0.00199163433912	0.00373320059731	0.361641776227	0.00373320059731	0.25	0.00373320059731	0.988800398208	0.25	0.212786074591	0.25
7	6	right	middle	0	noError	0.212786074591	0.25	0.00109559804995	0.212786074591	0.995817169561	0.00109559804995	0.00199163433912	0.00369221844287	0.361641776227	0.00369221844287	0.25	0.00369221844287	0.988923344671	0.25	0.212786074591	0.25
8	27	right	middle	0	ERROR	0.236428971768	0.25	0.255811680044	0.236428971768	0.0233490448487	0.255811680044	0.465027595063	0.00369221844287	0.401824195808	0.00369221844287	0.25	0.00369221844287	0.988923344671	0.25	0.125317860657	0.25
9	5	right	middle	0	ERROR	0.236428971768	0.25	0.255811680044	0.236428971768	0.0233490448487	0.255811680044	0.465027595063	0.00738443688573	0.401824195808	0.00738443688573	0.25	0.00738443688573	0.977846689343	0.25	0.125317860657	0.25
10	5	middle	left	0	ERROR	0.236428971768	0.25	0.255811680044	0.236428971768	0.0233490448487	0.255811680044	0.465027595063	0.0147688737715	0.401824195808	0.0147688737715	0.25	0.0147688737715	0.955693378686	0.25	0.125317860657	0.25
11	9	left	middle	0	noError	0.21493542888	0.227272727273	0.255811680044	0.21493542888	0.0233490448487	0.255811680044	0.465027595063	0.0141436316051	0.456203814371	0.0141436316051	0.227272727273	0.0141436316051	0.957569105185	0.318181818182	0.11392532787	0.227272727273
12	5	left	middle	0	ERROR	0.21493542888	0.227272727273	0.255811680044	0.21493542888	0.0233490448487	0.255811680044	0.465027595063	0.0282872632102	0.456203814371	0.0282872632102	0.227272727273	0.0282872632102	0.915138210369	0.318181818182	0.11392532787	0.227272727273
13	46	right	middle	0	ERROR	0.196077098422	0.9976484002	0.587974960354	0.196077098422	0.0536670323921	0.358128160453	0.000229846799901	0.00349806133119	0.607675205543	0.989505816006	0.000783866600157	0.00349806133119	0.00349806133119	0.000783866600157	0.000170597613228	0.000783866600157
14	13	right	right	1	ERROR	0.000198403683021	0.996640571714	0.587974960354	0.38902418483	0.0536670323921	0.358128160453	0.000229846799901	0.00699612266237	0.610438939539	0.979011632013	0.0011198094288	0.00699612266237	0.00699612266237	0.0011198094288	0.00033847194779	0.0011198094288
15	17	right	right	1	noError	0.000110873428545	0.996640571714	0.587974960354	0.440928390264	0.0536670323921	0.358128160453	0.000229846799901	0.0068529751947	0.558771588884	0.979441074416	0.0011198094288	0.0068529751947	0.0068529751947	0.0011198094288	0.000189147422801	0.0011198094288
16	46	left	left	1	ERROR	0.221737610034	0.996267301904	0.587974960354	0.199991659809	0.0536670323921	0.358128160453	0.000229846799901	0.331719825738	0.199991659809	0.00484052278483	0.00124423269866	0.331719825738	0.331719825738	0.00124423269866	0.378279070347	0.00124423269866
17	12	middle	left	0	ERROR	0.221737610034	0.994667574149	0.484968700443	0.199991659809	0.0670837904901	0.447660200567	0.000287308499876	0.105732752461	0.199991659809	0.0161350759494	0.0017774752838	0.772399419128	0.105732752461	0.0017774752838	0.378279070347	0.0017774752838
18	25	right	middle	0	ERROR	0.00017290197588	0.992382248784	0.638784556831	0.172887555526	0.000751788074314	0.358303704056	0.00215995103856	0.352442508204	0.345789531406	0.0537835864981	0.00253925040543	0.241331397093	0.352442508204	0.00253925040543	0.481150011092	0.00253925040543
19	14	middle	left	0	ERROR	0.000192113306534	0.989117498262	0.59864950759	0.192097283918	0.000835320082571	0.398115226729	0.0023999455984	0.270358572839	0.27309947934	0.000515533261274	0.00362750057919	0.728610360638	0.000515533261274	0.00362750057919	0.534611123435	0.00362750057919
20	15	left	middle	0	noError	0.000160094422112	0.989233587128	0.599099671727	0.160081069931	0.000556880055048	0.398743484486	0.00159996373227	0.270080486433	0.310916232784	0.000375947754928	0.00358880429069	0.729167618057	0.000375947754928	0.00358880429069	0.528842602863	0.00358880429069
21	22	left	middle	0	ERROR	0.000200118027639	0.984619410183	0.330332239089	0.200101337414	0.00185626685016	0.66247828162	0.00533321244089	0.0033311665686	0.13864529098	0.0125234459275	0.00512686327241	0.971621941576	0.0125234459275	0.00512686327241	0.661053253579	0.00512686327241
22	26	right	middle	0	ERROR	0.000765402269438	0.984619410183	0.806242787282	0.000387590701898	0.0493402994353	0.00265803914082	0.141758874142	0.00832791642149	0.000382475421363	0.0313086148188	0.00512686327241	0.929054853941	0.0313086148188	0.00512686327241	0.998464531607	0.00512686327241
23	12	left	middle	0	ERROR	0.000850446966042	0.982910455759	0.812485574563	0.000430656335443	0.0986805988707	0.00531607828165	0.0835177482843	0.016655832843	0.000424972690404	0.0626172296377	0.00569651474712	0.858109707882	0.0626172296377	0.00569651474712	0.998293924008	0.00569651474712
24	15	left	middle	0	ERROR	0.00094494107338	0.982910455759	0.374951915211	0.000478507039381	0.328935329569	0.0177202609388	0.278392494281	0.0444196360305	0.000472191878226	0.000266691173292	0.00569651474712	0.955046981623	0.000266691173292	0.00569651474712	0.998104360009	0.00569651474712
25	25	right	left	0	ERROR	0.00094494107338	0.965820911517	0.00213421704681	0.000478507039381	0.617542736211	0.378188829695	0.00213421704681	0.00064234176649	0.000472191878226	0.0017130687936	0.0113930294942	0.995931520646	0.0017130687936	0.0113930294942	0.998104360009	0.0113930294942
26	17	right	right	1	noError	0.000943247340734	0.966947316832	0.00126858729281	0.000477649353101	0.594344626746	0.403118198668	0.00126858729281	0.000639802722595	0.000471345511376	0.00170629738765	0.0110175610562	0.995947602502	0.00170629738765	0.0110175610562	0.998107757795	0.0110175610562
27	8	right	right	1	noError	0.000941559837454	0.966947316832	0.000845724861873	0.000476794821299	0.529563084497	0.468745465779	0.000845724861873	0.000639802722595	0.000470502257373	0.00170629738765	0.0110175610562	0.995947602502	0.00170629738765	0.0110175610562	0.998111143084	0.0110175610562
28	9	middle	middle	1	noError	0.000939878529247	0.966947316832	0.000528578038671	0.000475943426608	0.580976927811	0.417965916112	0.000528578038671	0.000637283923212	0.000469662099079	0.00169957997202	0.0110175610562	0.995963556133	0.00169957997202	0.0110175610562	0.998114515945	0.0110175610562
29	16	right	right	1	noError	0.000938203382068	0.968001745184	0.000280869581563	0.00047509515179	0.468123158698	0.531315102139	0.000280869581563	0.000634785127191	0.000468825019482	0.00169291590359	0.0106660849385	0.995979383066	0.00169291590359	0.0106660849385	0.998117876447	0.0106660849385
30	11	middle	middle	1	noError	0.0916135787868	0.968001745184	0.000191251852019	0.000431206081161	0.318757982177	0.680859514119	0.000191251852019	0.000632306097198	0.000425515180778	0.00168630454942	0.0106660849385	0.995995084804	0.00168630454942	0.0106660849385	0.907529699951	0.0106660849385
31	16	middle	middle	1	ERROR	0.183227157574	0.964446383538	0.00105464720375	0.000862412162321	0.000551444178247	0.997339261414	0.00105464720375	0.00070256233022	0.000851030361557	0.00187367172157	0.0118512054872	0.995550094227	0.00187367172157	0.0118512054872	0.815059399902	0.0118512054872
32	14	middle	middle	1	noError	0.20451968086	0.965663728537	0.00105195342602	0.0728332287162	0.000550035680656	0.997346057467	0.00105195342602	0.000699519486368	0.000614533081639	0.0018655567256	0.0114454238209	0.995569367062	0.0018655567256	0.0114454238209	0.722032557342	0.0114454238209
33	29	right	right	1	noError	0.206053447062	0.966800360411	0.00104927364144	0.116947720565	0.000548634499672	0.997352818217	0.00104927364144	0.000696503186727	0.000415824223405	0.0018575125207	0.0110665465297	0.995588471772	0.0018575125207	0.0110665465297	0.67658300815	0.0110665465297
34	13	left	left	1	noError	0.155709817323	0.966800360411	0.00104660774127	0.0883746836815	0.00054724057844	0.997359543939	0.00104660774127	0.000696503186727	0.000314228734284	0.0018575125207	0.0110665465297	0.995588471772	0.0018575125207	0.0110665465297	0.755601270261	0.0110665465297
35	19	right	right	1	ERROR	0.263123079903	0.963111511568	0.00523303870633	0.000472310074859	0.0027362028922	0.986797719695	0.00523303870633	0.000870628983408	0.00148413397012	0.00232189065087	0.0122961628108	0.994485589715	0.00232189065087	0.0122961628108	0.734920476052	0.0122961628108
36	40	right	right	1	noError	0.359827762144	0.964420430161	0.00516536070253	0.000301799523656	0.00270081604335	0.986968462552	0.00516536070253	0.000865940426656	0.000948340823259	0.00230938668386	0.011859856613	0.994515286206	0.00230938668386	0.011859856613	0.638922097509	0.011859856613
37	10	left	left	1	noError	0.39987697296	0.965639525032	0.00509941739551	0.000215571088326	0.00266633621671	0.987134828992	0.00509941739551	0.000861302558886	0.000677386302328	0.00229701789989	0.0114534916559	0.994544661641	0.00229701789989	0.0114534916559	0.599230069649	0.0114534916559
38	12	left	left	1	noError	0.428483552114	0.966777735591	0.0050351429349	0.000153979348804	0.00263272898105	0.987296985149	0.0050351429349	0.000856714562527	0.000483847358806	0.00228478211857	0.0110740881365	0.9945737212	0.00228478211857	0.0110740881365	0.570878621178	0.0110740881365
39	54	middle	middle	1	ERROR	0.119356424296	0.00300099653407	0.393277910989	0.183784244887	0.205633517708	0.00781066031438	0.393277910989	0.155025577533	0.577502906521	0.413439531626	0.332333001155	0.0180953592146	0.413439531626	0.332333001155	0.119356424296	0.332333001155
40	6	middle	right	0	ERROR	0.132618249218	0.00500166089011	0.436975456654	0.0930936054299	0.228481686343	0.00867851146042	0.325864345543	0.155025577533	0.641669896135	0.413439531626	0.553888335259	0.0180953592146	0.413439531626	0.387221668592	0.132618249218	0.0538883352589
41	4	right	middle	0	ERROR	0.147353610242	0.00500166089011	0.436975456654	0.103437339367	0.228481686343	0.00867851146042	0.325864345543	0.221465110762	0.601855440149	0.304913616609	0.553888335259	0.0258505131637	0.447770759466	0.387221668592	0.147353610242	0.0538883352589
42	24	left	middle	0	ERROR	0.0789226837366	0.00833610148351	0.273950913308	0.172395565611	0.256963372685	0.0173570229208	0.451728691086	0.807604911345	0.669759066916	0.184870273896	0.589813892098	0.00376240737965	0.00376240737965	0.31203611432	0.0789226837366	0.0898138920981
43	137	middle	left	0	ERROR	0.25	0.965262103442	0.00566346888987	0.25	0.00566346888987	0.98300959333	0.00566346888987	0.0129452942389	0.25	0.0129452942389	0.0115792988527	0.487054705761	0.487054705761	0.0115792988527	0.25	0.0115792988527
44	23	left	left	1	ERROR	0.199920031987	0.956577629302	0.019234939593	0.599760095962	0.000339631769275	0.961190489045	0.019234939593	0.0258905884778	0.000399840063974	0.0258905884778	0.0144741235659	0.174109411522	0.774109411522	0.0144741235659	0.199920031987	0.0144741235659
45	8	left	left	1	noError	0.214228594277	0.95838067704	0.0185181125138	0.571257211401	0.000326974737106	0.962636800235	0.0185181125138	0.0235368986161	0.000285600045696	0.0235368986161	0.0138731076534	0.158281283202	0.794644919566	0.0138731076534	0.214228594277	0.0138731076534
46	12	right	right	1	noError	0.258892871423	0.960039797589	0.0178528579033	0.544535757126	0.000315228321202	0.963979055872	0.0178528579033	0.0196140821801	0.00017850002856	0.0196140821801	0.0133200674703	0.215234402668	0.745537432971	0.0133200674703	0.196392871423	0.0133200674703
47	6	right	middle	0	noError	0.326266246748	0.961571562872	0.0172338034138	0.495032506478	0.000304297661891	0.96522809551	0.0172338034138	0.0150877555232	0.000162272753236	0.0150877555232	0.0128094790428	0.242488002053	0.727336486901	0.0128094790428	0.178538974021	0.0128094790428
48	24	left	left	1	ERROR	0.13133123374	0.945102232674	0.0344676068276	0.47516253239	0.000608595323782	0.930456191021	0.0344676068276	0.0421902945364	0.000811363766182	0.0421902945364	0.0182992557755	0.000279632676124	0.915339778251	0.0182992557755	0.392694870104	0.0182992557755
49	20	right	right	1	ERROR	0.291710775552	0.939002480748	0.114892022759	0.699803933596	0.00202865107927	0.768187303403	0.114892022759	0.0440441247184	0.00755423662694	0.000104393973075	0.0203325064172	0.00029191966062	0.955559561648	0.0203325064172	0.000931054225219	0.0203325064172
50	5	middle	left	0	ERROR	0.291710775552	0.939002480748	0.114892022759	0.699803933596	0.00202865107927	0.768187303403	0.114892022759	0.0880882494369	0.00755423662694	0.000208787946149	0.0203325064172	0.00058383932124	0.911119123296	0.0203325064172	0.000931054225219	0.0203325064172
