Trial	nTrans	naoDecision	humanDecision	guessCorr	errpDetector	x01	x12	x32	x00	x33	x30	x31	x21	x02	x20	x13	x23	x22	x10	x03	x11
1	19	right	middle	0	ERROR	0.3	0.25	0.1	0.1	0.1	0.3	0.5	0.1	0.5	0.3	0.416666666667	0.5	0.1	0.0833333333333	0.1	0.25
2	11	left	right	0	ERROR	0.375	0.348788541134	0.142857142857	0.125	0.142857142857	0.428571428571	0.285714285714	0.125	0.375	0.375	0.302283402316	0.375	0.125	0.000139515416454	0.125	0.348788541134
3	46	middle	right	0	noError	0.369047619048	0.353661892139	0.115646258503	0.154761904762	0.163265306122	0.442176870748	0.278911564626	0.1625	0.321428571429	0.3875	0.292618084298	0.3375	0.1125	5.81314235223e-05	0.154761904762	0.353661892139
4	31	middle	right	0	ERROR	0.338095238095	0.00107670192226	0.0487136421496	0.109523809524	0.19697255304	0.754002461098	0.000311343712869	0.172366243795	0.442857142857	0.517098731384	0.997220694001	0.000275785990072	0.310259238831	0.000625902154502	0.109523809524	0.00107670192226
5	19	middle	middle	1	noError	0.27380952381	0.00107382481699	0.039099236196	0.193452380952	0.158096911575	0.80255395711	0.000249895118296	0.24824416253	0.464285714286	0.411399154256	0.997228120714	0.000183857326714	0.340172825887	0.00062422965225	0.0684523809524	0.00107382481699
6	17	middle	middle	1	noError	0.296130952381	0.00107096333224	0.0301378621458	0.245907738095	0.198942227473	0.770727290132	0.000192620249367	0.267880125023	0.415178571429	0.316460887889	0.997235507105	0.000141428712857	0.415517558375	0.000622566230435	0.0427827380952	0.00107096333224
7	155	left	left	1	noError	0.308374810528	0.00106811734118	0.103239134916	0.308374810528	0.448122401217	0.448552055017	8.64088495764e-05	0.333317618201	0.308374810528	0.333317618201	0.997242853502	4.71453962545e-05	0.333317618201	0.000620911815314	0.0748755684164	0.00106811734118
8	7	middle	left	0	ERROR	0.342638678364	0.00118679704575	0.114710149907	0.342638678364	0.386802668019	0.498391172242	9.60098328627e-05	0.388862697002	0.231527567253	0.388862697002	0.996936503891	7.85756604241e-05	0.222196030335	0.000689902017016	0.0831950760182	0.00118679704575
9	19	left	left	1	ERROR	0.554019832797	0.00169542435107	0.0367753747676	0.000388407856235	0.467006670046	0.495977930604	0.000240024582157	0.361078371253	0.122455548091	0.361078371253	0.995623576988	9.82195755302e-05	0.277745037919	0.000985574310023	0.323136211256	0.00169542435107
10	23	right	right	1	noError	0.502679888531	0.00168820487291	0.0641266831523	0.000258938570823	0.468799815705	0.46696096641	0.000112534733353	0.467565309377	0.0816370320608	0.300898642711	0.99564221273	8.18496462751e-05	0.231454198266	0.000981377524593	0.415424140837	0.00168820487291
11	32	middle	middle	1	noError	0.439174930332	0.00168104733098	0.118384053308	0.000161836606765	0.448164545473	0.433400962098	5.04391215352e-05	0.476832363841	0.113523145038	0.214927601936	0.995660688594	5.84640330537e-05	0.30818157019	0.000977216743582	0.447140088023	0.00168104733098
12	20	left	left	1	noError	0.466208294629	0.0016739509317	0.0710375767493	8.99092259804e-05	0.328931810344	0.60000034639	3.02665170445e-05	0.397360303201	0.118623969466	0.26243966828	0.995679006631	4.87200275447e-05	0.340151308492	0.000973091505663	0.41507782668	0.0016739509317
13	14	middle	middle	1	noError	0.444138863086	0.00166691489498	0.0473615528734	5.99394839869e-05	0.285973671179	0.666644596919	2.0179027958e-05	0.331133586001	0.0790826463104	0.3020330569	0.995697168853	4.06000229539e-05	0.366792757076	0.000969001357359	0.47671855112	0.00166691489498
14	24	middle	right	0	ERROR	0.000265267123967	0.00277819149164	0.221185097294	0.000158999745293	0.00046701403116	0.778253649783	9.42388919158e-05	0.473047980001	0.000265267123967	0.00290436700007	0.992828614754	5.80000327913e-05	0.523989652966	0.00161500226227	0.999310466007	0.00277819149164
15	11	right	right	1	ERROR	0.000442111873279	0.00277819149164	0.201975162157	0.000264999575488	0.0007783567186	0.797089416304	0.00015706481986	0.532925685715	0.000442111873279	0.00414909571439	0.992828614754	8.28571897019e-05	0.46284236138	0.00161500226227	0.998850776678	0.00277819149164
16	46	right	right	1	noError	0.000441648485388	0.00275868377589	0.375574736204	0.000264721823178	0.000485619902013	0.623841650518	9.79933757971e-05	0.491013518798	0.000441648485388	0.0548153135339	0.992878970299	4.36090472115e-05	0.454127558621	0.0016036621494	0.998851981206	0.00275868377589
17	69	left	middle	0	ERROR	0.353879675152	0.382034680655	0.127613968308	0.212113651221	0.619718827851	0.127613968308	0.125053235533	0.0018162360488	0.353879675152	0.995575484666	0.0138484404771	0.000792043235995	0.0018162360488	0.222082198213	0.0801269984751	0.382034680655
18	33	left	left	1	ERROR	0.000519640731613	0.000314400828754	0.0345174603846	0.582588197441	0.649648534814	0.159517460385	0.156316544417	0.401421127986	0.000519640731613	0.0221018148082	0.0435396116294	0.17505592922	0.401421127986	0.0694266141902	0.416372521095	0.886719373352
19	8	middle	middle	1	noError	0.000346427154409	0.000262000690628	0.0313795094406	0.655058798294	0.590589577104	0.235924963986	0.14210594947	0.401421127986	0.000346427154409	0.0221018148082	0.0362830096912	0.17505592922	0.401421127986	0.141188845158	0.344248347397	0.82226614446
20	6	right	right	1	noError	0.000239768324713	0.000262000690628	0.0285268267642	0.692048371004	0.627808706458	0.214477239987	0.129187226791	0.401421127986	0.000239768324713	0.0221018148082	0.0362830096912	0.17505592922	0.401421127986	0.141188845158	0.307472092347	0.82226614446
21	9	right	right	1	noError	0.000183329912504	0.000262000690628	0.0193784358955	0.764536265301	0.679237764931	0.213626180229	0.0877576189448	0.401421127986	0.000183329912504	0.0221018148082	0.0362830096912	0.17505592922	0.401421127986	0.141188845158	0.235097074874	0.82226614446
22	4	middle	left	0	ERROR	0.000183329912504	0.000327500863285	0.0193784358955	0.764536265301	0.679237764931	0.213626180229	0.0877576189448	0.376776409982	0.000183329912504	0.0276272685102	0.045353762114	0.218819911525	0.376776409982	0.176486056448	0.235097074874	0.777832680575
23	4	right	right	1	noError	0.000148401565753	0.000327500863285	0.0193784358955	0.809397242217	0.679237764931	0.213626180229	0.0877576189448	0.376776409982	0.000148401565753	0.0276272685102	0.045353762114	0.218819911525	0.376776409982	0.176486056448	0.190305954652	0.777832680575
24	5	middle	middle	1	noError	0.000114995155848	0.000327500863285	0.017616759905	0.774814307036	0.61748887721	0.285114709299	0.0797796535862	0.376776409982	0.000114995155848	0.0276272685102	0.045353762114	0.218819911525	0.376776409982	0.176486056448	0.224955702652	0.777832680575
25	7	left	left	1	noError	8.21393970342e-05	0.000327500863285	0.013551353773	0.696295933597	0.551914520931	0.373165160999	0.0613689642971	0.376776409982	8.21393970342e-05	0.0276272685102	0.045353762114	0.218819911525	0.376776409982	0.176486056448	0.303539787609	0.777832680575
26	13	left	left	1	noError	6.31841515648e-05	0.000327500863285	0.00822298129756	0.612535333536	0.606740783035	0.347797458339	0.0372387773294	0.342524009075	6.31841515648e-05	0.0251156986457	0.045353762114	0.289836283205	0.342524009075	0.176486056448	0.387338298161	0.777832680575
27	9	right	right	1	noError	5.26534596373e-05	0.000327500863285	0.00485659069458	0.51044611128	0.590552849361	0.38259689452	0.0219936654251	0.342524009075	5.26534596373e-05	0.0251156986457	0.045353762114	0.289836283205	0.342524009075	0.176486056448	0.489448581801	0.777832680575
28	5	middle	right	0	noError	5.26534596373e-05	0.000267989216371	0.00485659069458	0.51044611128	0.590552849361	0.38259689452	0.0219936654251	0.342524009075	5.26534596373e-05	0.0251156986457	0.0371123271141	0.289836283205	0.342524009075	0.144415985636	0.489448581801	0.818203698034
29	12	middle	middle	1	ERROR	7.52192280533e-05	0.000310536552017	0.0156893406531	0.443494444686	0.000323052561761	0.912936507204	0.071051099581	0.342524009075	7.52192280533e-05	0.0251156986457	0.000115876510339	0.289836283205	0.342524009075	0.167344204527	0.556355116858	0.832229382411
30	9	middle	middle	1	noError	4.70120175333e-05	0.000310536552017	0.0144341008296	0.527184027929	0.000297206450725	0.919902100325	0.0653665923942	0.342524009075	4.70120175333e-05	0.0251156986457	0.000115876510339	0.289836283205	0.342524009075	0.167344204527	0.472721948036	0.832229382411
31	5	left	left	1	noError	3.61630904102e-05	0.000310536552017	0.013364934167	0.559372329176	0.000275191693256	0.925835133847	0.0605247402925	0.342524009075	3.61630904102e-05	0.0251156986457	0.000115876510339	0.289836283205	0.342524009075	0.167344204527	0.440555344643	0.832229382411
32	9	middle	middle	1	noError	2.3474482864e-05	0.000282305956379	0.0124433212445	0.649063317029	0.000256215152295	0.930949360239	0.0563511033642	0.402294553704	2.3474482864e-05	0.0228324533142	0.000105342282127	0.263487530186	0.311385462795	0.243040185934	0.350889734005	0.756572165828
33	8	right	right	1	noError	1.61799623207e-05	0.000282305956379	0.0116406883364	0.689188529444	0.000239688478369	0.93540334119	0.0527162819949	0.402294553704	1.61799623207e-05	0.0228324533142	0.000105342282127	0.263487530186	0.311385462795	0.243040185934	0.310779110631	0.756572165828
34	5	left	right	0	ERROR	1.61799623207e-05	0.000564611912758	0.0116406883364	0.689188529444	0.000239688478369	0.93540334119	0.0527162819949	0.402294553704	1.61799623207e-05	0.0228324533142	0.000210684564254	0.263487530186	0.311385462795	0.486080371867	0.310779110631	0.513144331655
35	9	left	left	1	noError	1.07866415471e-05	0.000564611912758	0.0109353920842	0.526125686296	0.000225166022256	0.939317180308	0.0495222615859	0.402294553704	1.07866415471e-05	0.0228324533142	0.000210684564254	0.263487530186	0.311385462795	0.486080371867	0.473852740421	0.513144331655
36	6	right	right	1	noError	7.19109436476e-06	0.000564611912758	0.0103107384743	0.617417124197	0.000212304044602	0.942783516227	0.0466934412536	0.402294553704	7.19109436476e-06	0.0228324533142	0.000210684564254	0.263487530186	0.311385462795	0.486080371867	0.382568493614	0.513144331655
37	5	left	left	1	noError	4.8507099017e-06	0.000564611912758	0.0103107384743	0.674476593504	0.000212304044602	0.942783516227	0.0466934412536	0.402294553704	4.8507099017e-06	0.0228324533142	0.000210684564254	0.263487530186	0.311385462795	0.486080371867	0.325513705076	0.513144331655
38	10	left	left	1	noError	3.40299582538e-06	0.000513283557052	0.00975364459132	0.701475782875	0.000200833160641	0.945874948834	0.044170573414	0.402294553704	3.40299582538e-06	0.0228324533142	0.000191531422049	0.263487530186	0.311385462795	0.532800338061	0.298517411133	0.46649484696
39	7	right	right	1	noError	2.4334502962e-06	0.000513283557052	0.00925371231028	0.715019082018	0.000190539266992	0.948649179537	0.0419065688857	0.402294553704	2.4334502962e-06	0.0228324533142	0.000191531422049	0.263487530186	0.311385462795	0.532800338061	0.284976051082	0.46649484696
40	12	left	left	1	noError	1.5354152281e-06	0.000466621415502	0.00880257321103	0.630899134853	0.000181250053064	0.951152646482	0.0398635302537	0.402294553704	1.5354152281e-06	0.0228324533142	0.00017411947459	0.263487530186	0.311385462795	0.575273034601	0.369097794317	0.424086224509
41	9	middle	middle	1	noError	9.78594252056e-07	0.000466621415502	0.00839341637574	0.637284543439	0.000172825278134	0.953423144903	0.0380106134428	0.402294553704	9.78594252056e-07	0.0228324533142	0.00017411947459	0.263487530186	0.311385462795	0.575273034601	0.362713499373	0.424086224509
42	12	right	right	1	noError	5.88587245592e-07	0.00042420128682	0.00802064215263	0.601401843135	0.000165149642147	0.955491748461	0.0363224597445	0.402294553704	5.88587245592e-07	0.0228324533142	0.000158290431445	0.263487530186	0.311385462795	0.61388457691	0.398596979691	0.385532931372
43	11	right	right	1	noError	3.67867028495e-07	0.000385637533473	0.00767960435089	0.563376151959	0.000158127477357	0.957384239857	0.034778028315	0.456631412458	3.67867028495e-07	0.0207567757402	0.000143900392223	0.239534118351	0.28307769345	0.648985979009	0.436623112307	0.350484483065
44	10	left	left	1	noError	2.45244685663e-07	0.000385637533473	0.00736641559245	0.375584101306	0.000151678740411	0.95912219098	0.0333597146869	0.456631412458	2.45244685663e-07	0.0207567757402	0.000143900392223	0.239534118351	0.28307769345	0.648985979009	0.624415408205	0.350484483065
45	21	right	right	1	noError	1.38128309756e-07	0.000321364611227	0.094116851453	0.436829530873	0.00013296080903	0.876507232253	0.0292429554846	0.463859510382	1.38128309756e-07	0.0172973131168	0.000119916993519	0.282945098626	0.235898077875	0.624154982508	0.56317019287	0.375403735888
46	7	middle	middle	1	noError	9.86630783975e-08	0.000321364611227	0.0837791146206	0.383449664909	0.000118356475889	0.890071601587	0.026030927316	0.463859510382	9.86630783975e-08	0.0172973131168	0.000119916993519	0.282945098626	0.235898077875	0.624154982508	0.616550137765	0.375403735888
47	5	left	left	1	ERROR	1.40947254854e-07	0.000321364611227	0.000122500847144	0.26207094987	0.000144987685614	0.967844404986	0.0318881064815	0.463859510382	1.40947254854e-07	0.0172973131168	0.000119916993519	0.282945098626	0.235898077875	0.624154982508	0.737928768235	0.375403735888
48	26	right	right	1	noError	7.56978692522e-08	0.000247203547098	0.000108210981584	0.462988329338	0.000128074704327	0.883260508056	0.116503206258	0.463859510382	7.56978692522e-08	0.0172973131168	9.22438411685e-05	0.282945098626	0.235898077875	0.63396537116	0.537011519266	0.365695181452
49	19	right	right	1	noError	4.06346756852e-08	0.000206002955915	9.69077149467e-05	0.463252813179	0.000114696556276	0.895454627222	0.104333768507	0.512599554893	4.06346756852e-08	0.0157248301062	7.68698676405e-05	0.257222816933	0.214452798068	0.6116378093	0.536747105552	0.388079317877
50	7	left	left	1	noError	2.70897837901e-08	0.000206002955915	8.07564291223e-05	0.508835208786	9.55804635631e-05	0.829545522685	0.170278140422	0.512599554893	2.70897837901e-08	0.0157248301062	7.68698676405e-05	0.257222816933	0.214452798068	0.6116378093	0.491164737035	0.388079317877
