Trial	nTrans	naoDecision	humanDecision	guessCorr	errpDetector	x01	x12	x32	x00	x33	x30	x31	x21	x02	x20	x13	x23	x22	x10	x03	x11
1	12	left	middle	0	noError	0.192307692308	0.192307692308	0.291666666667	0.192307692308	0.208333333333	0.291666666667	0.208333333333	0.321428571429	0.423076923077	0.25	0.269230769231	0.25	0.178571428571	0.346153846154	0.192307692308	0.192307692308
2	22	left	middle	0	ERROR	0.22635957218	0.173880283425	0.744490768314	0.000245222869862	0.021271164809	0.233982812899	0.000255253977708	0.369047619048	0.301812762907	0.25	0.000188370307044	0.0833333333333	0.297619047619	0.4636807558	0.471582442043	0.362250590468
3	27	middle	left	0	ERROR	0.565898930451	0.000306541864023	0.907484613857	0.000613057174655	0.0354519413483	0.0566380214981	0.00042542329618	0.000665335994677	0.00453190726803	0.998003992016	0.000577433850477	0.000665335994677	0.000665335994677	0.808291903898	0.428956105106	0.190824120387
4	44	left	left	1	ERROR	0.0187091983627	0.282794033042	0.691615379525	0.114698082883	0.118173137828	0.188793404994	0.00141807765393	0.00221778664892	0.847883520391	0.993346640053	0.532699988342	0.00221778664892	0.00221778664892	0.0922529893081	0.0187091983627	0.0922529893081
5	24	right	right	1	ERROR	0.280108351805	0.314215592269	0.614519224406	0.0014971691805	0.147716422285	0.235991756242	0.00177259706742	0.328397518628	0.716897309834	0.014807444115	0.480777764824	0.328397518628	0.328397518628	0.102503321453	0.0014971691805	0.102503321453
6	37	left	middle	0	noError	0.323740715367	0.387721710604	0.479128955533	0.00100955257224	0.204539071932	0.315289268378	0.0010427041573	0.345165632762	0.674240179489	0.00616976838123	0.276560840393	0.303498966095	0.345165632762	0.0964301530731	0.00100955257224	0.23928729593
7	30	left	right	0	ERROR	0.462486736238	0.00056541628875	0.541612793619	0.00144221796034	0.149341531332	0.307556097682	0.00148957736758	0.000910177044239	0.534628827841	0.0561558154887	0.998303751134	0.942023830423	0.000910177044239	0.00056541628875	0.00144221796034	0.00056541628875
8	45	middle	left	0	ERROR	0.156216840595	0.00094236048125	0.0558791152659	0.00360554490086	0.0558791152659	0.0558791152659	0.832362654202	0.450503725772	0.836572069603	0.0494962742275	0.997172918556	0.0494962742275	0.450503725772	0.00094236048125	0.00360554490086	0.00094236048125
9	25	right	left	0	ERROR	0.0702710507441	0.0094236048125	0.000753791642428	0.00450693112607	0.000753791642428	0.000753791642428	0.997738625073	0.466962411373	0.920715087004	0.0659419511628	0.971729185562	0.000133226090634	0.466962411373	0.0094236048125	0.00450693112607	0.0094236048125
10	16	middle	right	0	ERROR	0.0702710507441	0.0471180240625	0.00376895821214	0.00450693112607	0.00376895821214	0.00376895821214	0.988693125364	0.466962411373	0.920715087004	0.0659419511628	0.858645927812	0.000133226090634	0.466962411373	0.0471180240625	0.00450693112607	0.0471180240625
11	14	right	left	0	ERROR	0.0702710507441	0.00019764253882	0.00753791642428	0.00450693112607	0.00753791642428	0.00753791642428	0.977386250727	0.333703014217	0.920715087004	0.0824274389535	0.906479455923	0.000166532613293	0.583703014217	0.00019764253882	0.00450693112607	0.093125258999
12	16	middle	right	0	ERROR	0.0702710507441	0.00184756267667	0.0251263880809	0.00450693112607	0.0251263880809	0.0251263880809	0.924620835757	0.333703014217	0.920715087004	0.0824274389535	0.995370074533	0.000166532613293	0.583703014217	0.00184756267667	0.00450693112607	0.000934800113225
13	18	middle	right	0	noError	0.0651149306276	0.00183923109689	0.021379080686	0.00417623622402	0.106465248332	0.021379080686	0.850776590296	0.361419178514	0.926532596924	0.0686895324613	0.995390953172	0.000138777177744	0.569752511847	0.00183923109689	0.00417623622402	0.000930584634192
14	19	middle	right	0	ERROR	0.0651149306276	0.00919615548443	0.228324209818	0.00417623622402	0.00106797955053	0.228324209818	0.542283600814	0.290465753904	0.926532596924	0.0763217027347	0.97695476586	0.00015419686416	0.633058346497	0.00919615548443	0.00417623622402	0.00465292317096
15	115	middle	middle	1	noError	0.0606641588342	0.00818931788021	0.330088002838	0.00389077981319	0.0333646639871	0.306459330338	0.330088002838	0.42078447211	0.931554281539	0.158366165645	0.890426326771	6.48901351e-05	0.42078447211	0.00818931788021	0.00389077981319	0.0931950374687
16	7	middle	left	0	ERROR	0.0674046209269	0.00818931788021	0.366764447597	0.00432308868132	0.0370718488745	0.229399255931	0.366764447597	0.64156894422	0.92394920171	0.316732331291	0.890426326771	0.0001297802702	0.0415689442196	0.00818931788021	0.00432308868132	0.0931950374687
17	13	left	right	0	ERROR	0.0748940232521	0.000144527324963	0.238234925139	0.00480343186814	0.0529597841065	0.327713222758	0.381092067996	0.611548705635	0.915499113012	0.388039893301	0.853327375958	0.000232359989399	0.00017904107384	0.011835802065	0.00480343186814	0.134692294652
18	76	left	middle	0	ERROR	0.885262860925	0.0118656335421	0.25	0.0567775591856	0.25	0.25	0.25	0.163558760383	0.00118202070404	0.163558760383	0.00820995859789	0.380045118286	0.292837360949	0.971714449262	0.0567775591856	0.00820995859789
19	18	middle	right	0	ERROR	0.594902378443	0.039552111807	0.277777777778	0.000697727441926	0.277777777778	0.166666666667	0.277777777778	0.181731955981	0.0082472828213	0.181731955981	0.0273665286596	0.31116124254	0.325374845499	0.905714830874	0.396152611294	0.0273665286596
20	32	left	middle	0	ERROR	0.000507484537412	0.589286545913	0.253968253968	0.00354085888105	0.396825396825	0.238095238095	0.111111111111	0.252978897786	0.000507484537412	0.000139204410375	0.407733655947	0.293945762618	0.452936135185	0.00148989906984	0.995444172044	0.00148989906984
21	7	left	middle	0	ERROR	0.000563871708235	0.589286545913	0.000154767198198	0.00393428764561	0.614155548404	0.213726130845	0.171963553553	0.316223622233	0.000563871708235	0.000174005512969	0.407733655947	0.117432203273	0.566170168982	0.00148989906984	0.994937968938	0.00148989906984
22	22	right	left	0	noError	0.000561087574263	0.526191030609	8.66681669146e-05	0.00391486197887	0.559934541085	0.231682719481	0.208296071266	0.362484483666	0.000561087574263	0.000102356184099	0.471822437298	0.069077766631	0.568335393519	0.000993266046559	0.994962962873	0.000993266046559
23	24	middle	left	0	ERROR	0.00062343063807	0.376985051015	0.000618327565049	0.00434984664319	0.000713442532663	0.939480528948	0.0591877009543	0.494300364791	0.00062343063807	0.000192753104611	0.619704062163	0.000188316032204	0.505318566072	0.00165544341093	0.994403292081	0.00165544341093
24	9	middle	middle	1	noError	0.000620022555181	0.342713682741	0.000583097144034	0.00432606751363	0.000672792750548	0.942928744045	0.0558153660603	0.494300364791	0.000620022555181	0.000192753104611	0.654276420148	0.000188316032204	0.505318566072	0.00150494855539	0.994433887376	0.00150494855539
25	21	middle	middle	1	ERROR	0.00620022555181	0.428392103426	0.0131670309125	0.0432606751363	0.015192464986	0.969382384499	0.00225811960275	0.494300364791	0.00620022555181	0.000192753104611	0.567845525186	0.000188316032204	0.505318566072	0.00188118569424	0.94433887376	0.00188118569424
26	22	left	left	1	ERROR	0.11119261697	0.475991226029	0.428647559312	0.775821401995	0.494584776132	0.00325546102352	0.0735122035321	0.494300364791	0.11119261697	0.000192753104611	0.519828361317	0.000188316032204	0.505318566072	0.00209020632693	0.0017933640646	0.00209020632693
27	6	left	middle	0	ERROR	0.11119261697	0.475991226029	0.365163954792	0.775821401995	0.549538640147	0.00361717891502	0.0816802261468	0.788600729581	0.11119261697	0.000385506209222	0.519828361317	0.000376632064407	0.210637132145	0.00209020632693	0.0017933640646	0.00209020632693
28	5	right	middle	0	ERROR	0.11119261697	0.417768028921	0.365163954792	0.775821401995	0.549538640147	0.00361717891502	0.0816802261468	0.998749550826	0.11119261697	0.000559139914846	0.57758706813	0.000546268815867	0.000145040443311	0.00232245147437	0.0017933640646	0.00232245147437
29	34	left	right	0	ERROR	0.11119261697	0.00121459499499	0.00116962614161	0.775821401995	0.00116962614161	0.0423074701788	0.955353277538	0.0740494362347	0.11119261697	0.414039954706	0.942368646268	0.404508978475	0.107401630584	0.0282083793687	0.0017933640646	0.0282083793687
30	12	middle	right	0	ERROR	0.11119261697	0.00303648748747	0.00292406535402	0.775821401995	0.00292406535402	0.105768675447	0.888383193845	0.0740494362347	0.11119261697	0.414039954706	0.855921615669	0.404508978475	0.107401630584	0.0705209484218	0.0017933640646	0.0705209484218
31	14	left	left	1	ERROR	0.894704468471	0.00366027502947	0.00365508169253	0.000804643772987	0.00365508169253	0.132210844309	0.860478992306	0.0822771513718	0.0900606954836	0.348933283007	0.911211070519	0.449454420528	0.119335145093	0.000120543063147	0.0144301922728	0.0850081113881
32	25	left	right	0	ERROR	0.883004964967	0.919478093274	0.101344457158	0.000894048636652	0.00277270019342	0.893110142455	0.00277270019342	0.0822771513718	0.100067439426	0.348933283007	0.0251204646063	0.449454420528	0.119335145093	0.0302809775133	0.0160335469697	0.0251204646063
33	17	right	middle	0	ERROR	0.966009929935	0.917773148356	0.202688914317	0.0017880972733	0.00554540038684	0.78622028491	0.00554540038684	0.117538787674	0.000134878852505	0.498476118581	0.00014815263983	0.21350631504	0.170478778705	0.0448620675524	0.0320670939395	0.0372166314519
34	10	left	left	1	ERROR	0.95144275705	0.88253306908	0.253361142896	0.00255442467615	0.00693175048355	0.732775356137	0.00693175048355	0.146923484593	0.000192684075008	0.498095148227	0.000211646628329	0.1418828938	0.213098473381	0.064088667932	0.0458101341992	0.0531666163599
35	24	right	middle	0	noError	0.870646257088	0.821362873102	0.19994966093	0.00222422270557	0.00547045668879	0.789109425693	0.00547045668879	0.0918271778704	0.00016777644635	0.561309467642	0.000173856068333	0.151176808625	0.195686545863	0.134789818718	0.12696174376	0.0436734521117
36	29	right	right	1	ERROR	0.706462570877	0.73415244095	0.249937076162	0.0222422270557	0.00683807086099	0.736386782116	0.00683807086099	0.641233391037	0.0016777644635	0.000698304582487	0.00105169607211	0.357369999798	0.000698304582487	0.000604923418657	0.269617437604	0.26419093956
37	39	right	left	0	ERROR	0.944202173055	0.00151635635101	0.16645692054	0.0516681254913	0.0227935695366	0.787955940387	0.0227935695366	0.0626327357965	0.00389740400672	0.437367264204	0.0159474601827	0.0626327357965	0.437367264204	0.00917279467757	0.000232297446483	0.973363388789
38	9	middle	right	0	noError	0.947146024629	0.00147715759424	0.16645692054	0.0489421538745	0.0227935695366	0.787955940387	0.0227935695366	0.0569388507241	0.00369177988932	0.48851569473	0.0155352083974	0.0569388507241	0.397606603821	0.00893567221801	0.000220041607128	0.97405196179
39	8	left	right	0	ERROR	0.941273360699	0.00492385864746	0.16645692054	0.0543801709717	0.0227935695366	0.787955940387	0.0227935695366	0.0569388507241	0.0041019776548	0.48851569473	0.0517840279914	0.0569388507241	0.397606603821	0.02978557406	0.000244490674587	0.913506539301
40	12	right	left	0	ERROR	0.926591700874	0.0331984383123	0.184952133933	0.0679752137146	0.025326188374	0.764395489319	0.025326188374	0.0569388507241	0.0051274720685	0.48851569473	0.000674236217757	0.0569388507241	0.397606603821	0.20082512798	0.000305613343234	0.76530219749
41	6	middle	left	0	ERROR	0.926591700874	0.0331984383123	0.094391259926	0.0679752137146	0.0281402093045	0.849328321465	0.0281402093045	0.104349631463	0.0051274720685	0.895283836266	0.000674236217757	0.00018326613575	0.00018326613575	0.20082512798	0.000305613343234	0.76530219749
42	11	left	right	0	ERROR	0.908239626092	0.246283230841	0.094391259926	0.0849690171433	0.0281402093045	0.849328321465	0.0281402093045	0.104349631463	0.00640934008563	0.895283836266	0.00500183389643	0.00018326613575	0.00018326613575	0.747973083407	0.000382016679042	0.000741851856175
43	33	middle	middle	1	noError	0.7741199004	0.402976610013	0.176719327205	0.220622249393	0.0255820084586	0.772116655877	0.0255820084586	0.23328672442	0.00496209391811	0.766432325304	0.0566986920248	0.000140475138086	0.000140475138086	0.539924114197	0.00029575628916	0.000400583764687
44	10	right	right	1	noError	0.815725430953	0.359269007152	0.176719327205	0.179985177982	0.0255820084586	0.772116655877	0.0255820084586	0.194405603683	0.00404811101088	0.805360271087	0.111927637161	0.000117062615072	0.000117062615072	0.528517224427	0.000241280054438	0.000286131260491
45	6	right	right	1	ERROR	0.736750615647	0.44908625894	0.176719327205	0.257121682831	0.0255820084586	0.772116655877	0.0255820084586	0.216006226315	0.00578301572983	0.783733634541	0.139909546451	0.000130069572302	0.000130069572302	0.410646530533	0.000344685792054	0.000357664075614
46	15	middle	right	0	ERROR	0.591876539118	0.372715647351	0.176719327205	0.392804207077	0.0255820084586	0.772116655877	0.0255820084586	0.165723180449	0.0144575393246	0.833905192201	0.349773866127	0.000185813674717	0.000185813674717	0.276616326334	0.000861714480135	0.000894160189034
47	13	middle	middle	1	ERROR	0.729691347795	0.621192745584	0.220899159007	0.232010517694	0.0319775105733	0.715145819847	0.0319775105733	0.0730257560549	0.0361438483114	0.926561324668	0.0829564435448	0.000206459638575	0.000206459638575	0.294360543889	0.00215428620034	0.00149026698172
48	51	left	middle	0	ERROR	0.0407450443173	0.0558575905275	0.245443510008	0.0407450443173	0.0355305673036	0.683495355385	0.0355305673036	0.163153621901	0.0407450443173	0.163153621901	0.0558575905275	0.336846378099	0.336846378099	0.0558575905275	0.877764867048	0.832427228418
49	17	left	left	1	ERROR	0.000238828834201	0.062063989475	0.0908870200151	0.000238828834201	0.0710611346073	0.76699071077	0.0710611346073	0.221391442783	0.0973109143378	0.000135695083078	0.062063989475	0.457083972606	0.321388889528	0.062063989475	0.902211427994	0.813808031575
50	9	left	left	1	ERROR	0.000396206301478	0.0689599883055	0.129838600022	0.000396206301478	0.101515906582	0.667129586815	0.101515906582	0.13487938087	0.000165895505374	0.000150772314531	0.0689599883055	0.507871080673	0.357098766142	0.0689599883055	0.999041691892	0.793120035083
