Trial	naoDecision	errpDetector	x01	x12	x32	x00	x33	x30	x31	x21	x02	x20	x13	x23	x22	x10	x03	x11
0	right	ERROR	0.1875	0.375	0.0714285714286	0.3125	0.357142857143	0.357142857143	0.214285714286	0.0833333333333	0.3125	0.416666666667	0.375	0.0833333333333	0.416666666667	0.125	0.1875	0.125
1	right	ERROR	0.651947148818	0.305555555556	0.0793650793651	0.000347705146036	0.396825396825	0.396825396825	0.126984126984	0.000193510933368	0.0434631432545	0.225762755596	0.416666666667	0.16125911114	0.612784622331	0.138888888889	0.304242002782	0.138888888889
2	left	ERROR	0.586578581363	0.436507936508	0.000237679344156	0.000579508576727	0.230133968151	0.467813312307	0.301815040198	0.00024188866671	0.0724385720909	0.157203444495	0.309523809524	0.201573888925	0.640980777914	0.198412698413	0.340403337969	0.0555555555556
3	left	noError	0.561841843831	0.44708994709	0.000158452896104	0.000413934697662	0.286755978767	0.511875541538	0.201210026799	0.000172777619078	0.0517418372078	0.183716746068	0.34126984127	0.143981349232	0.672129127081	0.165343915344	0.386002384264	0.0462962962963
4	middle	noError	0.586032187562	0.343915343915	0.000113180640074	0.000318411305894	0.276254270548	0.437053958241	0.28657859057	0.000121012147226	0.11672449016	0.12867382964	0.416361416361	0.170882705243	0.700322452969	0.204110704111	0.296924910972	0.0356125356125
5	right	ERROR	0.482540234453	0.406525573192	0.00026703263053	0.000398014132367	0.000235934900487	0.795227920964	0.204269111505	0.000172874496037	0.1459056127	0.183819756629	0.360602360602	0.244118150348	0.571889218527	0.173517840185	0.371156138715	0.0593542260209
6	right	noError	0.525030949579	0.466558133225	0.000204674135992	0.000306164717206	0.000180838468361	0.766399477744	0.233215009652	0.000115249664025	0.112235086692	0.12254650442	0.354309508156	0.296078766898	0.581259479018	0.13347526168	0.362427799012	0.0456570969391
7	right	ERROR	0.250061899158	0.610930222041	0.000341123559986	0.000612329434411	0.000301397447269	0.610665796239	0.388691682754	0.000144062080031	0.0244701733843	0.153183130524	0.257182513593	0.120098458623	0.726574348773	0.0557921028006	0.724855598023	0.0760951615652
8	right	noError	0.321472785113	0.579235872887	0.000243659685705	0.000437378167437	0.000215283890906	0.579046997314	0.42049405911	0.000110816984639	0.0174786952745	0.19475625425	0.255130366852	0.169306506633	0.635826422133	0.111280073429	0.660611141445	0.0543536868323
9	left	ERROR	0.316389693018	0.541765532695	0.000609149214262	0.000624825953481	0.000538209727266	0.697617493284	0.301235147774	0.000151639260126	0.0249695646778	0.26649971027	0.221614809789	0.000136837562058	0.733211812908	0.15897153347	0.65801591635	0.0776481240462
10	left	ERROR	0.193982821697	0.488236475279	0.00101524869044	0.00104137658914	0.00089701621211	0.66269582214	0.335391912957	0.00025273210021	0.0416159411297	0.277499517117	0.173735442555	0.00022806260343	0.72201968818	0.227102190672	0.763359860584	0.110925891495
11	middle	ERROR	0.313276072324	0.542484972532	0.00338416230145	0.00347125529712	0.00299005404037	0.208986073801	0.784639709857	0.00025273210021	0.138719803766	0.277499517117	0.0819282695056	0.00022806260343	0.72201968818	0.252335767413	0.544532868614	0.123250990549
12	left	ERROR	0.37991377992	0.632121389332	0.00423020287682	0.00618343026776	0.00373756755046	0.261232592252	0.730799637321	0.000483604796566	0.000178132397029	0.000191350760811	0.117040385008	0.000436399526788	0.998888644916	0.0747653820183	0.613724657415	0.176072843642
13	middle	ERROR	0.422126422133	0.591245988146	0.00470022541869	0.00687047807529	0.00415285283384	0.290258435835	0.700888485912	0.399226290365	0.000197924885588	0.157964219833	0.130044872231	0.360257312239	0.0825521775631	0.083072646687	0.570805174906	0.195636492936
14	middle	ERROR	0.357918246815	0.577338071174	0.00587528177336	0.0076338645281	0.0051910660423	0.237823044794	0.75111060739	0.332043817275	0.000219916539542	0.263273699722	0.257788463209	0.267095520398	0.137586962605	0.164675235222	0.634227972118	0.000198230394468
15	middle	ERROR	0.325462799317	0.154676142348	0.0073441022167	0.000126188357488	0.00648883255288	0.297278805993	0.688888259238	0.264087634549	0.000277509069093	0.126547399444	0.515576926418	0.334191040796	0.27517392521	0.329350470445	0.674133503256	0.000396460788936
16	right	ERROR	0.000148227817705	0.000183343648425	0.0104915745953	0.000187046248502	0.00926976078983	0.281826865704	0.698411798911	0.377268049356	0.00041134563705	0.0379248563487	0.761933898908	0.334558629709	0.250248464586	0.237155871769	0.999253380297	0.00072688567501
17	left	ERROR	0.000185284772132	0.000458359121063	0.0209831491906	0.000233807810628	0.0185395215797	0.563653731408	0.396823597822	0.346585061695	0.000514182046313	0.0474060704359	0.90483474727	0.418198287136	0.187810580733	0.0928896794217	0.999066725371	0.00181721418752
18	left	ERROR	0.000308807953553	0.000763931868438	0.0691882027083	0.00038967968438	0.0611307752482	0.869351289828	0.000329732215503	0.346585061695	0.000856970077188	0.0474060704359	0.841391245449	0.418198287136	0.187810580733	0.15481613237	0.998444542285	0.00302869031254
19	middle	noError	0.000308359149849	0.000636609890365	0.202313677545	0.000389113346358	0.0459440340522	0.751494471684	0.000247816718758	0.372154218079	0.000855724606208	0.0395050586966	0.784492704541	0.431831905947	0.156508817277	0.212346776975	0.998446802898	0.00252390859378
20	left	ERROR	0.000616718299698	0.000707344322628	0.288894406372	0.000778226692716	0.000282361472388	0.71012349322	0.000699738935909	0.340192772599	0.00171144921242	0.0493813233708	0.76054744949	0.414789882434	0.195636021597	0.235940863305	0.996893605795	0.00280434288198
21	middle	noError	0.000614869758818	0.000643040293298	0.328166274704	0.000775894049342	0.000189532772938	0.671174498624	0.000469693898867	0.366827310499	0.00170631934383	0.041151102809	0.782315863173	0.428991568695	0.163030017997	0.214491693914	0.996902916848	0.00254940261998
22	right	noError	0.000613032449592	0.000643040293298	0.38567964594	0.000773575579008	0.000116368763661	0.613915604045	0.000288381251764	0.262019507499	0.0017012206441	0.0293936448635	0.782315863173	0.520708263353	0.187878584284	0.214491693914	0.996912171327	0.00254940261998
23	right	noError	0.000611206269973	0.000643040293298	0.278271275684	0.000771271152943	8.39610922031e-05	0.721436693601	0.000208069623731	0.262019507499	0.00169615283004	0.0293936448635	0.782315863173	0.520708263353	0.187878584284	0.214491693914	0.996921369747	0.00254940261998
24	right	ERROR	0.00122241253995	0.000714489214776	0.260904252278	0.00154254230589	0.000279870307344	0.738122312002	0.000693565412438	0.202524384374	0.00339230566008	0.0367420560794	0.758128736859	0.525885329192	0.234848230355	0.238324104349	0.993842739494	0.00283266957776
25	right	noError	0.00121505264952	0.000714489214776	0.315303931687	0.00153325498104	0.000191458872058	0.684030142346	0.000474467094506	0.144660274553	0.00337188129667	0.026244325771	0.758128736859	0.58991809228	0.239177307396	0.238324104349	0.993879811073	0.00283266957776
26	left	noError	0.00120778157625	0.000649535649796	0.339939427574	0.00152407973311	0.000126302974554	0.659621269564	0.000312999887233	0.188200211195	0.00335170340892	0.0201879429008	0.689207942599	0.530706224831	0.260905621074	0.30756736759	0.993916435282	0.0025751541616
27	middle	ERROR	0.00150972697031	0.000721706277551	0.000217315445938	0.00190509966639	0.000274475872385	0.998828011581	0.000680197100727	0.176400422389	0.00418962926115	0.0403758858016	0.654675491777	0.461412449661	0.321811242148	0.341741519544	0.992395544102	0.00286128240178
28	left	noError	0.00149848168062	0.000656096615956	0.00021708273576	0.00189090942004	0.000274181952507	0.998829266594	0.00067946871813	0.176400422389	0.00415842256243	0.0403758858016	0.686068628888	0.461412449661	0.321811242148	0.310674108676	0.992452186337	0.0026011658198
29	middle	noError	0.00148740377447	0.000656096615956	0.000216850546635	0.00187693039222	0.000273888690736	0.998830518796	0.000678741966432	0.176400422389	0.00412768036818	0.0403758858016	0.686068628888	0.461412449661	0.321811242148	0.310674108676	0.992507985465	0.0026011658198
30	left	noError	0.00147648954231	0.000596451469051	0.000216618876818	0.00186315790193	0.000273596084866	0.998831768198	0.000678016840166	0.176400422389	0.00409739238413	0.0403758858016	0.714607844443	0.461412449661	0.321811242148	0.282431007888	0.992562960172	0.00236469619982
31	right	noError	0.0013333695968	0.000596451469051	0.000216387724569	0.0919892988658	0.0002733041327	0.998833014809	0.000677293333887	0.176400422389	0.00370022155563	0.0403758858016	0.714607844443	0.461412449661	0.321811242148	0.282431007888	0.902977109982	0.00236469619982
32	middle	ERROR	0.00666684798398	0.000596451469051	0.00072129241523	0.459946494329	0.000911013775666	0.996110049363	0.00225764444629	0.176400422389	0.0185011077782	0.0403758858016	0.714607844443	0.461412449661	0.321811242148	0.282431007888	0.514885549909	0.00236469619982
33	right	noError	0.00392167528469	0.000542228608228	0.00071856907391	0.505850879017	0.000907574114572	0.99612473642	0.00224912039103	0.21261570953	0.0108830045754	0.0310583736935	0.740552585858	0.354932653586	0.401393263191	0.256755461716	0.479344441123	0.00214972381801
34	right	noError	0.00206403962352	0.000542228608228	0.000715866489226	0.476763620535	0.000904160669725	0.996139311537	0.00224066130402	0.21261570953	0.00572789714494	0.0310583736935	0.740552585858	0.354932653586	0.401393263191	0.256755461716	0.515444442696	0.00214972381801
35	left	noError	0.00115667751717	0.000492935098389	0.000713184424788	0.435294461303	0.00090077314256	0.996153775987	0.00223226644535	0.21261570953	0.0032098850103	0.0310583736935	0.764138714416	0.354932653586	0.401393263191	0.233414056106	0.56033897617	0.00195429438001
36	right	noError	0.000705480003707	0.000492935098389	0.000710522647783	0.387478387245	0.000897411239028	0.996168131027	0.00222393508633	0.21261570953	0.00195777099092	0.0310583736935	0.764138714416	0.354932653586	0.401393263191	0.233414056106	0.609858361761	0.00195429438001
37	middle	noError	0.000417433504445	0.000448122816717	0.000707880928908	0.406781922817	0.000894074669509	0.996182377892	0.00221566650923	0.21261570953	0.00115841583227	0.0310583736935	0.785580649469	0.354932653586	0.401393263191	0.21219459646	0.591642227846	0.00177663125456
38	left	ERROR	0.00215930920961	0.000448122816717	0.00117980154818	0.000517282198631	0.00149012444918	0.993637296487	0.00369277751538	0.21261570953	0.00599227888643	0.0310583736935	0.785580649469	0.354932653586	0.401393263191	0.21219459646	0.991331129705	0.00177663125456
39	left	ERROR	0.0107965460481	0.000448122816717	0.00393267182726	0.00258641099315	0.00496708149727	0.978790988291	0.0123092583846	0.21261570953	0.0299613944321	0.0310583736935	0.785580649469	0.354932653586	0.401393263191	0.21219459646	0.956655648527	0.00177663125456
40	right	noError	0.0103490098296	0.000448122816717	0.00385137314642	0.00247919961369	0.00486439884509	0.979229434403	0.0120547936052	0.21261570953	0.0287194408384	0.0310583736935	0.785580649469	0.354932653586	0.401393263191	0.21219459646	0.958452349718	0.00177663125456
41	right	ERROR	0.025872524574	0.000497914240797	0.00025236680514	0.00619799903421	0.0122761279546	0.957049207753	0.0304222974877	0.236239677256	0.071798602096	0.0345093041039	0.761756277188	0.394369615095	0.334881403545	0.235771773844	0.896130874296	0.00197403472729
42	right	noError	0.023440159696	0.000497914240797	0.000241997040244	0.0056153038619	0.0117717012308	0.958814057997	0.0291722437321	0.236239677256	0.0650485689661	0.0345093041039	0.761756277188	0.394369615095	0.334881403545	0.235771773844	0.905895967476	0.00197403472729
43	right	noError	0.0214260267779	0.000452649309815	0.00023244674669	0.00513279996688	0.0113071368615	0.960439440836	0.0280209755556	0.236239677256	0.0594591674548	0.0345093041039	0.783414797444	0.394369615095	0.334881403545	0.214337976222	0.9139820058	0.00179457702481
44	right	ERROR	0.0535650669447	0.000502943677573	0.000854335416576	0.0128319999172	0.0415582821371	0.957219842169	0.000367540276963	0.236239677256	0.148647918637	0.0345093041039	0.759349774937	0.394369615095	0.334881403545	0.238153306913	0.784955014501	0.00199397447201
45	left	noError	0.1085307687	0.000457221525066	0.00081936479769	0.00906890377273	0.0398571717559	0.958970967742	0.000352495704653	0.181722828658	0.175729742983	0.0265456185415	0.781227068125	0.457207396227	0.334524156573	0.216503006285	0.706670584544	0.00181270406546
46	right	noError	0.13965085776	0.000415655931878	0.000718155796306	0.00607334926493	0.122581832701	0.876391056524	0.000308954978519	0.216709868199	0.184653302519	0.0204197065704	0.801115516477	0.428621074021	0.33424935121	0.196820914804	0.669622490456	0.00164791278678
47	right	noError	0.0976389944103	0.000415655931878	0.000639207903485	0.00424627334514	0.109106236682	0.889979564298	0.000274991116282	0.19700897109	0.199019631239	0.0185633696094	0.801115516477	0.480564612746	0.303863046555	0.196820914804	0.699095101005	0.00164791278678
48	right	ERROR	0.000330621131822	0.000461839924309	0.00213069301162	0.0140390769939	0.363687455606	0.633265214328	0.000916637054273	0.19700897109	0.658000957351	0.0185633696094	0.77901724053	0.480564612746	0.303863046555	0.218689905338	0.327629344523	0.00183101420754
49	right	ERROR	0.000551035219703	0.000513155471454	0.00426138602323	0.0233984616566	0.527374911212	0.466530428657	0.00183327410855	0.194017942179	0.596668262252	0.0371267392188	0.754463600589	0.561129225492	0.20772609311	0.242988783709	0.379382240872	0.0020344602306
