Trial	nTrans	naoDecision	humanDecision	guessCorr	errpDetector	x01	x12	x32	x00	x33	x30	x31	x21	x02	x20	x13	x23	x22	x10	x03	x11
1	18	left	right	0	noError	0.346153846154	0.3	0.178571428571	0.192307692308	0.321428571429	0.25	0.25	0.21875	0.269230769231	0.21875	0.233333333333	0.21875	0.34375	0.233333333333	0.192307692308	0.233333333333
2	9	right	middle	0	ERROR	0.384615384615	0.3	0.130952380952	0.213675213675	0.202380952381	0.25	0.416666666667	0.364583333333	0.188034188034	0.364583333333	0.233333333333	0.03125	0.239583333333	0.233333333333	0.213675213675	0.233333333333
3	17	middle	middle	1	noError	0.372781065089	0.4	0.109126984127	0.241288625904	0.168650793651	0.291666666667	0.430555555556	0.390931372549	0.144641683103	0.273284313725	0.222222222222	0.0183823529412	0.317401960784	0.155555555556	0.241288625904	0.222222222222
4	13	middle	right	0	noError	0.315187376726	0.466666666667	0.109126984127	0.427525750603	0.168650793651	0.291666666667	0.430555555556	0.531485671192	0.0964277887355	0.210218702866	0.148148148148	0.0141402714932	0.244155354449	0.103703703704	0.160859083936	0.281481481481
5	10	right	middle	0	noError	0.319374905174	0.512820512821	0.0992063492063	0.405789038925	0.153318903319	0.265151515152	0.482323232323	0.485758208609	0.0741752221042	0.238629771435	0.11396011396	0.0108771319179	0.264734888038	0.0797720797721	0.200660833797	0.293447293447
6	9	right	right	1	ERROR	0.149218631467	0.521367521368	0.0992063492063	0.507236298656	0.153318903319	0.265151515152	0.482323232323	0.693940298013	0.0927190276303	0.0551853877646	0.189933523267	0.0155387598827	0.23533555434	0.132953466287	0.250826042246	0.155745489079
7	10	middle	middle	1	noError	0.226562392243	0.480911680912	0.082671957672	0.461123907869	0.211099086099	0.304292929293	0.401936026936	0.744950248344	0.0842900251184	0.0459878231371	0.193289015511	0.0129489665689	0.19611296195	0.155302310858	0.228023674769	0.170496992719
8	13	right	right	1	ERROR	0.0531247844857	0.401302401302	0.10333994709	0.522247815739	0.263873857624	0.130366161616	0.50242003367	0.692307098891	0.168580050237	0.0584231248947	0.276127165016	0.00012704042268	0.249142735791	0.0790033012255	0.256047349538	0.243567132456
9	13	right	left	0	ERROR	0.0664059806072	0.22189508906	0.10333994709	0.527809769674	0.263873857624	0.130366161616	0.50242003367	0.584614197782	0.0857250627961	0.116846249789	0.60483523673	0.00025408084536	0.298285471583	0.17305063193	0.320059186923	0.000219042279558
10	17	right	left	0	ERROR	0.083007475759	0.0547377226495	0.307352504953	0.534762212092	0.000297418871993	0.0903146953463	0.602035380829	0.480767747228	0.107156328495	0.146057812237	0.762088091825	0.0003176010567	0.372856839479	0.182626579826	0.275073983654	0.000547605698895
11	9	middle	right	0	ERROR	0.083007475759	0.0781967466422	0.296217864218	0.534762212092	0.000424884102847	0.129020993352	0.574336258327	0.543953924611	0.107156328495	0.208654017481	0.660125845465	0.000453715795285	0.246938342112	0.260895114037	0.275073983654	0.000782293855564
12	10	left	middle	0	ERROR	0.118582108227	0.11170963806	0.245272330273	0.47823173156	0.000531105128559	0.16127624169	0.592920322909	0.429942405764	0.153080469279	0.260817521851	0.800179779235	0.000567144744107	0.30867292764	0.0869930200535	0.250105690934	0.00111756265081
13	13	left	left	1	ERROR	0.0530926010673	0.122340142517	0.196626500757	0.509241798919	0.000718852260211	0.000135350276538	0.802519296706	0.429942405764	0.437379881082	0.260817521851	0.876326429223	0.000567144744107	0.30867292764	0.000109516192731	0.00028571893145	0.00122391206655
14	13	left	left	1	ERROR	0.265463005337	0.0248223805748	0.196626500757	0.046208994595	0.000718852260211	0.000135350276538	0.802519296706	0.516113638403	0.686899405411	0.000156425372849	0.97369603247	0.00088715828056	0.482842777944	0.00012168465859	0.00142859465725	0.00135990229617
15	15	left	middle	0	ERROR	0.294958894819	0.0496447611497	0.193253001515	0.0513433273278	0.00143770452042	0.000270700553076	0.805038593412	0.526856064004	0.652110450457	0.000260708954748	0.947392064941	0.00147859713427	0.471404629907	0.00024336931718	0.00158732739695	0.00271980459233
16	8	right	left	0	noError	0.294958894819	0.0471680635328	0.161736750764	0.0513433273278	0.00120323956611	0.000226553934693	0.836833455735	0.526856064004	0.652110450457	0.000260708954748	0.950016590558	0.00147859713427	0.471404629907	0.000231228011755	0.00158732739695	0.00258411789758
17	11	right	left	0	noError	0.359053540744	0.0449269538966	0.139060616576	0.0466757521161	0.00103454060478	0.00019479017414	0.859710052645	0.526856064004	0.592827682233	0.000260708954748	0.952391466526	0.00147859713427	0.471404629907	0.000220241609378	0.00144302490631	0.00246133796795
18	25	middle	right	0	noError	0.359053540744	0.0428893440587	0.25299444847	0.0466757521161	0.000771935804194	0.000145345198659	0.746088270527	0.559120049234	0.592827682233	0.000200545349806	0.954550696293	0.00113738241097	0.439542023005	0.000210252806865	0.00144302490631	0.0023497068418
19	7	left	right	0	ERROR	0.359053540744	0.0714822400979	0.361420640671	0.0466757521161	0.00110276543456	0.000207635998085	0.637268957896	0.559120049234	0.592827682233	0.000200545349806	0.924251160488	0.00113738241097	0.439542023005	0.000350421344776	0.00144302490631	0.00391617806967
20	12	middle	left	0	noError	0.359053540744	0.0664549967165	0.329586171908	0.0466757521161	0.000787689596116	0.000148311427203	0.669477827069	0.439413366156	0.592827682233	0.000133696899871	0.929578467684	0.00075825494065	0.559694682003	0.000325776714392	0.00144302490631	0.00364075888507
21	7	right	middle	0	ERROR	0.398948378605	0.0738388852406	0.366206857675	0.0518619467957	0.000875210662351	0.00016479047467	0.632753141188	0.565688943593	0.547586313593	0.000222828166451	0.921753852982	0.00126375823442	0.432824470006	0.000361974127102	0.00160336100702	0.00404528765008
22	8	left	middle	0	ERROR	0.443275976227	0.0922986065507	0.332758572094	0.0576243853286	0.00109401332794	0.000205988093338	0.665941426484	0.522412776562	0.497318126214	0.000318325952073	0.902192316228	0.00180536890631	0.47546352858	0.000452467658878	0.00178151223002	0.00505660956259
23	21	left	right	0	noError	0.443275976227	0.0840830468031	0.301792938853	0.0576243853286	0.000762932310699	0.000143649961123	0.697300478875	0.555702135817	0.497318126214	0.000244866116979	0.910898242567	0.00138874531255	0.442664252754	0.000412193214611	0.00178151223002	0.00460651741565
24	12	right	right	1	noError	0.443275976227	0.0772111213128	0.231685129588	0.0576243853286	0.000585699824333	0.000110279451814	0.767618891136	0.596092850743	0.497318126214	0.00022260556089	0.918180336418	0.00126249573868	0.402422047958	0.000378505555017	0.00178151223002	0.00423003671409
25	20	middle	middle	1	noError	0.402978160207	0.149960372814	0.308346521134	0.0523858048442	0.000418357017381	7.87710370103e-05	0.691156350811	0.49867526684	0.543016478376	0.000111443313135	0.846139766321	0.000632044893105	0.500581244953	0.000320300631936	0.00161955657274	0.00357956023281
26	18	right	left	0	noError	0.366343782006	0.199368560351	0.235604979879	0.0476234589492	0.000319663073544	6.01882859636e-05	0.764015168761	0.411150212263	0.584560434888	6.55811705745e-05	0.797520908017	0.000371940162037	0.588412266404	0.00025547199802	0.00147232415704	0.00285505963314
27	13	left	left	1	ERROR	0.366343782006	0.284812229073	0.0508642569703	0.0476234589492	0.000456661533634	8.59832656622e-05	0.94859309823	0.703834040878	0.584560434888	0.000218603901915	0.710744154311	0.00123980054012	0.29470755468	0.000364959997172	0.00147232415704	0.00407865661877
28	14	right	right	1	noError	0.366343782006	0.220929246084	0.131037394754	0.0476234589492	0.000396646222595	7.46831844142e-05	0.868491275839	0.753195034065	0.584560434888	0.000182169918263	0.775623834266	0.00103316711677	0.2455896289	0.000283099982358	0.00147232415704	0.00316381966727
29	15	left	left	1	ERROR	0.366343782006	0.403097486948	0.0775934868853	0.0476234589492	0.000991615556487	0.000186707961036	0.921228189597	0.691493792581	0.584560434888	0.000227712397828	0.585412780887	0.00129145889596	0.306987036125	0.00094366660786	0.00147232415704	0.0105460655576
30	18	right	right	1	noError	0.366343782006	0.410091996668	0.0719342863482	0.0476234589492	0.000919293103726	0.000173090609428	0.926973329939	0.685764455831	0.584560434888	0.000175163382945	0.5832064473	0.000993429919971	0.313066950866	0.000550407490555	0.00147232415704	0.00615114854168
31	19	right	left	0	noError	0.366343782006	0.377370216915	0.0670449233442	0.0476234589492	0.000856808884873	0.000161325665824	0.931936942105	0.632688897022	0.584560434888	0.000125116702103	0.618484559631	0.000709592799979	0.366476393475	0.000340452579671	0.00147232415704	0.00380477087411
32	26	middle	left	0	noError	0.366343782006	0.493268699235	0.0627783169545	0.0476234589492	0.000802283261148	0.000151059219354	0.936268340565	0.535504527798	0.584560434888	6.70072612057e-05	0.504639249109	0.000380028160098	0.46404843678	0.000171822916454	0.00147232415704	0.00192022873982
33	17	middle	middle	1	noError	0.333039801824	0.495792937022	0.0590226103159	0.0432940535902	0.000754286743941	0.00014202211641	0.940081080824	0.550296781058	0.62232766808	3.94160360034e-05	0.502899530693	0.000223545976528	0.44944025693	0.000107389322784	0.0013384765064	0.00120014296239
34	9	right	right	1	noError	0.333039801824	0.397195291348	0.0556912216304	0.0432940535902	0.000711712850462	0.000134006021067	0.943463059498	0.591178891871	0.62232766808	3.58327600031e-05	0.601933020462	0.000203223615026	0.408582051754	7.15928818559e-05	0.0013384765064	0.000800095308257
35	12	middle	left	0	ERROR	0.333039801824	0.594390582696	0.000183685502463	0.0432940535902	0.00130731332546	0.000246149633127	0.998262851539	0.488973614839	0.62232766808	4.47909500038e-05	0.403866040924	0.000254029518782	0.510727564693	0.000143185763712	0.0013384765064	0.00160019061651
36	17	middle	middle	1	noError	0.302763456203	0.662927055131	0.000183685502463	0.0393582305366	0.00130731332546	0.000246149633127	0.998262851539	0.49717842319	0.656661516436	2.25173791919e-05	0.335910693949	0.000127706132597	0.502671353298	9.54571758078e-05	0.001216796824	0.00106679374434
37	23	middle	left	0	noError	0.275239505639	0.601829409457	0.000183385273544	0.0357802095787	0.00130517655767	0.000245747308299	0.99826569086	0.44355982454	0.687874105851	1.25289451808e-05	0.397444183718	7.10572540848e-05	0.55635658926	5.96607348799e-05	0.00110617893091	0.000666746090214
38	10	left	middle	0	noError	0.275239505639	0.50130672104	0.000183086054333	0.0357802095787	0.00130304697609	0.000245346336539	0.998268520633	0.495046018877	0.687874105851	9.63765013907e-06	0.498174416942	5.46594262191e-05	0.504889684046	4.26148106285e-05	0.00110617893091	0.000476247207296
39	23	right	middle	0	noError	0.250217732399	0.444744043474	0.000182787839743	0.0325274632534	0.00130092454454	0.000244946711034	0.998271340905	0.526497658163	0.716249187137	5.66920596416e-06	0.554967975924	3.21526036583e-05	0.473464520027	2.36522204209e-05	0.00100561720992	0.00026432838151
40	19	right	left	0	noError	0.227470665818	0.391957864542	0.000182490624728	0.0295704211394	0.00129880922708	0.000244548425017	0.998274151723	0.516561036352	0.742044715579	3.5432537276e-06	0.607867064027	2.00953772864e-05	0.483415325017	1.43788436694e-05	0.000914197463561	0.000160692586467
41	15	left	left	1	noError	0.20679151438	0.461305243028	0.000182194404269	0.0268822010358	0.00129670098801	0.000244151471768	0.998276953136	0.539153550795	0.765495195981	2.08426689859e-06	0.538578042685	1.18208101685e-05	0.460832544128	9.58589577957e-06	0.000831088603237	0.000107128390978
42	7	left	left	1	noError	0.20679151438	0.431773263868	0.000181899173387	0.0268822010358	0.00129459979188	0.000243755844608	0.99827974519	0.532627958996	0.765495195981	1.73688908216e-06	0.568136955912	9.85067514041e-06	0.46736045344	7.37376598429e-06	0.000831088603237	8.24064545982e-05
43	19	right	middle	0	noError	0.1879922858	0.430454861099	0.00018160492713	0.024438364578	0.00129250560346	0.000243361536908	0.998282527933	0.489781152351	0.786813814528	1.02169946009e-06	0.569492327007	5.79451478848e-06	0.510212031435	4.33750940252e-06	0.000755535093852	4.84743850578e-05
44	7	middle	left	0	noError	0.1879922858	0.450324900785	0.000181311660583	0.024438364578	0.00129041838776	0.000242968542078	0.99828530141	0.536164683955	0.786813814528	9.28817690993e-07	0.549637376433	5.2677407168e-06	0.463829119486	3.0982210018e-06	0.000755535093852	3.46245607556e-05
45	15	left	right	0	noError	0.1879922858	0.531453062991	0.000181019368864	0.024438364578	0.00128833811003	0.000242576853574	0.998288065668	0.491861578797	0.786813814528	5.46363347643e-07	0.468523360271	3.09867100988e-06	0.508134776169	1.93638812613e-06	0.000755535093852	2.16403504722e-05
46	28	right	right	1	noError	0.170902078	0.490238454206	0.00018072804712	0.0222166950709	0.00128626473574	0.000242186464897	0.998290820752	0.497981171139	0.806194376844	2.74311119155e-07	0.509749136985	1.55574109479e-06	0.502016998809	1.01915164533e-06	0.00068685008532	1.13896581433e-05
47	25	middle	right	0	ERROR	0.170902078	0.000322724782592	0.0002259100589	0.0222166950709	0.00160783091968	0.000302733081121	0.99786352594	0.495466353514	0.806194376844	0.00135911929936	0.999637228913	0.00770817367246	0.495466353514	3.28905493167e-06	0.00068685008532	3.67572494808e-05
48	7	right	middle	0	noError	0.170902078	0.000322640002127	0.000225450933921	0.0222166950709	0.0016045632682	0.000302117826005	0.997867867972	0.495466353514	0.806194376844	0.00135911929936	0.999637324214	0.00770817367246	0.495466353514	3.28819089017e-06	0.00068685008532	3.67475932758e-05
49	11	left	left	1	noError	0.170902078	0.000322555274667	0.000224993716982	0.0222166950709	0.0016013091965	0.000301505127778	0.997872191959	0.495466353514	0.806194376844	0.00135911929936	0.999637419455	0.00770817367246	0.495466353514	3.28732738887e-06	0.00068685008532	3.67379431077e-05
50	13	right	middle	0	noError	0.170902078	0.000322470600161	0.000224538396217	0.0222166950709	0.0015980686201	0.000300894970537	0.997876498013	0.496221961262	0.806194376844	0.00113259941613	0.999637514636	0.00642347806038	0.496221961262	3.28646442724e-06	0.00068685008532	3.67282989709e-05
