Trial	nTrans	naoDecision	humanDecision	guessCorr	errpDetector	x01	x12	x32	x00	x33	x30	x31	x21	x02	x20	x13	x23	x22	x10	x03	x11
1	8	right	right	1	noError	0.375	0.25	0.25	0.208333333333	0.25	0.25	0.25	0.208333333333	0.208333333333	0.375	0.178571428571	0.208333333333	0.208333333333	0.178571428571	0.208333333333	0.392857142857
2	11	left	middle	0	ERROR	0.473624384288	0.1875	0.3125	0.263124657938	0.1875	0.1875	0.3125	0.180555555556	0.00012629983581	0.291666666667	0.223214285714	0.180555555556	0.347222222222	0.223214285714	0.263124657938	0.366071428571
3	17	middle	middle	1	noError	0.51389669664	0.1796875	0.34375	0.272426269375	0.15625	0.15625	0.34375	0.150462962963	7.42940210648e-05	0.409722222222	0.202008928571	0.150462962963	0.289351851852	0.327008928571	0.213602739963	0.291294642857
4	14	middle	left	0	ERROR	0.734138138057	0.099609375	0.40625	0.103466099108	0.09375	0.09375	0.40625	0.0988020478311	0.000106134315807	0.606408899073	0.127511160714	0.294593261882	0.000195791214051	0.408761160714	0.162289628519	0.364118303571
5	10	middle	middle	1	ERROR	0.667672672572	0.19921875	0.5078125	0.129332623884	0.1171875	0.1171875	0.2578125	0.109780053146	0.000132667894759	0.673787665637	0.0550223214286	0.216214735424	0.00021754579339	0.417522321429	0.202862035649	0.328236607143
6	16	left	left	1	ERROR	0.779454454286	0.222924569748	0.384765625	0.215554373141	0.146484375	0.146484375	0.322265625	0.0163000885761	0.000221113157931	0.622979442728	0.000224679881321	0.360357892373	0.000362576322316	0.713408774953	0.00477005941517	0.0634419754176
7	6	left	middle	0	noError	0.799504049351	0.202658699771	0.4873046875	0.195958521037	0.1220703125	0.1220703125	0.2685546875	0.0135834071467	0.000201011961755	0.60248286894	0.000204254437564	0.383631576978	0.000302146935263	0.739462522685	0.00433641765015	0.0576745231069
8	6	left	left	1	ERROR	0.856434356216	0.128323374714	0.4873046875	0.137083601481	0.1220703125	0.1220703125	0.2685546875	0.0150926746075	0.000287159945365	0.558314298822	0.000255318046956	0.426257307753	0.000335718816959	0.799328153356	0.00619488235736	0.0720931538837
9	10	middle	right	0	ERROR	0.760723927026	0.0566467494274	0.4873046875	0.228472669136	0.1220703125	0.1220703125	0.2685546875	0.0167696384527	0.000478599908942	0.509238109803	0.000510636093911	0.473619230837	0.000373020907732	0.798656306711	0.0103248039289	0.144186307767
10	15	middle	middle	1	noError	0.694772529072	0.120382331331	0.533913352273	0.297720812055	0.110973011364	0.110973011364	0.244140625	0.0139746987106	0.000332551324282	0.591031758169	0.000392421570644	0.394682692364	0.000310850756444	0.768418709852	0.00717410754864	0.110806537247
11	9	middle	middle	1	ERROR	0.65795421512	0.200637218884	0.533913352273	0.329534686758	0.110973011364	0.110973011364	0.244140625	0.0155274430118	0.000554252207136	0.54559084241	0.000654035951074	0.438536324849	0.000345389729382	0.780697849753	0.0119568459144	0.018010895411
12	8	middle	left	0	ERROR	0.65795421512	0.200637218884	0.223188920455	0.329534686758	0.184955018939	0.184955018939	0.406901041667	0.0258790716863	0.000554252207136	0.742651404017	0.000654035951074	0.230893874748	0.00057564954897	0.780697849753	0.0119568459144	0.018010895411
13	10	middle	right	0	noError	0.693437999185	0.214740870632	0.223188920455	0.297885462312	0.184955018939	0.184955018939	0.406901041667	0.0235264288057	0.000384377979358	0.766046730924	0.000467168536481	0.209903522498	0.000523317771791	0.70049846411	0.00829216052349	0.0842934967222
14	11	left	middle	0	ERROR	0.58687599837	0.0245681177196	0.223188920455	0.395770924625	0.184955018939	0.184955018939	0.406901041667	0.0294080360072	0.000768755958716	0.707558413655	0.000778614227469	0.262379403123	0.000654147214738	0.834164106849	0.016584321047	0.140489161204
15	11	right	right	1	noError	0.616797498981	0.0194101453965	0.223188920455	0.37235682789	0.184955018939	0.184955018939	0.406901041667	0.0294080360072	0.000480472474198	0.707558413655	0.000615147466136	0.262379403123	0.000654147214738	0.789975227384	0.0103652006544	0.189999479753
16	10	middle	right	0	noError	0.674194804009	0.0160424398572	0.202899018595	0.318492368239	0.168140926309	0.259050017218	0.369910037879	0.0294080360072	0.000323964442018	0.707558413655	0.000508417944701	0.262379403123	0.000654147214738	0.826415015735	0.00698886331002	0.157034126463
17	16	left	middle	0	noError	0.655369073021	0.0116800984656	0.202899018595	0.339837846526	0.168140926309	0.259050017218	0.369910037879	0.0294080360072	0.000212337509808	0.707558413655	0.000370166365505	0.262379403123	0.000654147214738	0.728002134319	0.00458074294325	0.25994760085
18	15	right	left	0	ERROR	0.51789691007	0.038933661552	0.202899018595	0.466126155086	0.168140926309	0.259050017218	0.369910037879	0.0326755955635	0.00070779169936	0.675064904061	0.00123388788502	0.291532670137	0.000726830238598	0.760007114397	0.0152691431442	0.199825336166
19	7	right	right	1	ERROR	0.196494850117	0.0556195165028	0.202899018595	0.776876925143	0.168140926309	0.259050017218	0.369910037879	0.0326755955635	0.00117965283227	0.675064904061	0.00176269697859	0.291532670137	0.000726830238598	0.657153020568	0.025448571907	0.285464765951
20	7	left	left	1	ERROR	0.000165671217383	0.0695243956285	0.202899018595	0.95571902469	0.168140926309	0.259050017218	0.369910037879	0.0363062172928	0.00195434520811	0.638961004513	0.00220337122324	0.323925189041	0.000807589153998	0.57144127571	0.042160958885	0.356830957439
21	8	middle	middle	1	ERROR	0.000276118695639	0.0772493284761	0.128623773244	0.926198374483	0.210176157886	0.323812521522	0.337387547348	0.0403402414364	0.00325724201352	0.709956671681	0.00244819024805	0.248805765601	0.00089732128222	0.523823639677	0.0702682648083	0.396478841598
22	13	middle	middle	1	ERROR	0.0739598225699	0.0772493284761	0.0318041924931	0.0267855178726	0.233529064317	0.35979169058	0.374875052609	0.0448224904849	0.872469141685	0.677729635201	0.00244819024805	0.276450850667	0.000997023646911	0.523823639677	0.0267855178726	0.396478841598
23	18	middle	middle	1	ERROR	0.14791964514	0.0858325871957	0.0681658244455	0.0535710357451	0.00021432968141	0.34248102134	0.589138824533	0.0855964161158	0.74493828337	0.9123086246	0.00272021138672	0.000190967559343	0.00190399172458	0.470915155197	0.0535710357451	0.44053204622
24	15	left	left	1	ERROR	0.376330394099	0.0953695413286	0.000107303715888	0.000254415425174	0.000229983712404	0.367494862109	0.632167850463	0.000241252437586	0.623160775051	0.994704607224	0.00302245709635	0.000460713891912	0.00459342644697	0.412127950219	0.000254415425174	0.489480051356
25	12	left	left	1	noError	0.322555523718	0.162807951107	0.000107303715888	0.000172281890314	0.000229983712404	0.367494862109	0.632167850463	0.000240005514668	0.677099912501	0.994731976674	0.00251871424696	0.00045833267365	0.00456968513781	0.343439958516	0.000172281890314	0.49123337613
26	11	middle	left	0	noError	0.296988682691	0.135673292589	0.000107303715888	0.000121086505284	0.000229983712404	0.367494862109	0.632167850463	0.000238771537791	0.702769144299	0.994759061964	0.00209892853914	0.000455976178126	0.00454619032019	0.369533298763	0.000121086505284	0.492694480108
27	9	middle	middle	1	noError	0.284145669728	0.214248447808	9.75488326254e-05	8.66679772981e-05	0.000209076102185	0.42499532919	0.574698045875	0.000237550306386	0.715680994318	0.994785867496	0.00190811685376	0.000453644022316	0.00452293817529	0.335939362512	8.66679772981e-05	0.447904072826
28	9	left	middle	0	noError	0.277517985341	0.194771316189	9.75488326254e-05	6.26114631733e-05	0.000209076102185	0.42499532919	0.574698045875	0.000236341624004	0.722356791733	0.994812397582	0.00173465168524	0.000451335831073	0.00449992496277	0.305399420465	6.26114631733e-05	0.49809461166
29	13	middle	left	0	ERROR	0.443794963353	0.105301462433	9.75488326254e-05	0.000156528657933	0.000209076102185	0.42499532919	0.574698045875	0.000590854060011	0.555891979331	0.987030993955	0.00192739076137	0.00112833957768	0.0112498124069	0.339332689406	0.000156528657933	0.5534384574
30	8	middle	middle	1	noError	0.388424973823	0.105301462433	9.75488326254e-05	0.000111806184238	0.000209076102185	0.42499532919	0.574698045875	0.0005833469644	0.611351413808	0.987195771647	0.00192739076137	0.00111400346042	0.0111068779277	0.339332689406	0.000111806184238	0.5534384574
31	10	right	left	0	ERROR	0.360531217279	0.0176715414426	9.75488326254e-05	0.000139757730298	0.000209076102185	0.42499532919	0.574698045875	0.000648163293778	0.63918926726	0.985773079608	0.00642463587124	0.00123778162268	0.0123409754753	0.797775631354	0.000139757730298	0.178128191333
32	8	left	right	0	noError	0.264958016869	0.0176715414426	9.75488326254e-05	0.000102709361318	0.000209076102185	0.42499532919	0.574698045875	0.00063913429448	0.734836564408	0.985971262467	0.00642463587124	0.00122053916309	0.0121690640758	0.797775631354	0.000102709361318	0.178128191333
33	7	left	middle	0	ERROR	0.235654309813	0.0196350460473	9.75488326254e-05	0.000146727659025	0.000209076102185	0.42499532919	0.574698045875	0.000913048992114	0.764052234869	0.979958946381	0.00713848430138	0.00174362737585	0.0173843772512	0.77530625706	0.000146727659025	0.197920212592
34	8	middle	left	0	noError	0.190682312548	0.0196350460473	9.75488326254e-05	0.000118726321449	0.000209076102185	0.42499532919	0.574698045875	0.000895197804691	0.809080234809	0.980350772676	0.00713848430138	0.00170953739891	0.0170444921199	0.77530625706	0.000118726321449	0.197920212592
35	13	middle	left	0	ERROR	0.181364625097	0.0280500657819	0.000108387591806	0.000237452642898	0.000232306780206	0.472217032433	0.527442273195	0.00149199634115	0.818160469617	0.967251287794	0.0101978347163	0.00284922899818	0.0284074868665	0.821866081514	0.000237452642898	0.139886017988
36	8	left	middle	0	ERROR	0.259092321567	0.0280500657819	0.000108387591806	0.000339218061283	0.000232306780206	0.472217032433	0.527442273195	0.00260978814114	0.740229242311	0.992231443937	0.0101978347163	0.00498384871715	0.000174919205172	0.821866081514	0.000339218061283	0.139886017988
37	10	right	right	1	noError	0.314517721992	0.0238109152391	0.000108387591806	0.000232393544569	0.000232306780206	0.472217032433	0.527442273195	0.00258992713967	0.685017490919	0.992290564177	0.00865665627808	0.00494592064738	0.000173588035589	0.848787105625	0.000232393544569	0.118745322858
38	16	left	middle	0	noError	0.416656953586	0.0206851259815	0.000108387591806	0.000135515723869	0.000232306780206	0.472217032433	0.527442273195	0.00257036808865	0.583072014966	0.992348785602	0.00752024959531	0.00490856920503	0.000172277104022	0.868637650474	0.000135515723869	0.103156973949
39	17	middle	middle	1	noError	0.509253863103	0.0167999338155	0.000108387591806	7.52865132607e-05	0.000232306780206	0.472217032433	0.527442273195	0.00255110415423	0.49059556387	0.992406128554	0.00610775566897	0.00487178133964	0.000170985952436	0.812093377487	7.52865132607e-05	0.164998933028
40	10	right	right	1	noError	0.472835908736	0.0141436606743	0.000108387591806	5.01910088405e-05	0.000232306780206	0.472217032433	0.527442273195	0.00253212870722	0.527063709247	0.992462612765	0.00514204547543	0.00483554439159	0.000169714136515	0.841803691821	5.01910088405e-05	0.13891060203
41	9	right	right	1	noError	0.44855727249	0.0128578733402	0.000108387591806	3.34606725603e-05	0.000232306780206	0.472217032433	0.527442273195	0.00251343531549	0.551375806164	0.992518257382	0.00467458679584	0.00479984607764	0.000168461225149	0.856185174382	3.34606725603e-05	0.126282365482
42	7	right	right	1	noError	0.391826623207	0.0116889757639	0.000108387591806	2.39004804002e-05	0.000232306780206	0.472217032433	0.527442273195	0.00249501773672	0.608125575832	0.992573080986	0.00424962435986	0.00476467447699	0.000167226799953	0.869259249439	2.39004804002e-05	0.114802150438
43	20	middle	middle	1	noError	0.471423342981	0.0103383641161	9.85341743691e-05	1.26338955083e-05	0.000211187982005	0.429288211303	0.570402066541	0.00247686991148	0.528551389228	0.992627101616	0.00375859826187	0.00473001801804	0.000166010454795	0.88436578949	1.26338955083e-05	0.101537248132
44	11	middle	right	0	ERROR	0.542846685962	0.0147690915945	9.85341743691e-05	2.52677910166e-05	0.000211187982005	0.429288211303	0.570402066541	0.00353838558782	0.457102778456	0.989467288022	0.00536942608838	0.0067571685972	0.000237157792565	0.977665413557	2.52677910166e-05	0.00219606875981
45	10	middle	middle	1	noError	0.428564457308	0.0144478496329	9.85341743691e-05	1.68451940111e-05	0.000211187982005	0.429288211303	0.570402066541	0.00350185177685	0.571401852304	0.989576038213	0.00525263590138	0.00668740087005	0.000234709139712	0.978151212316	1.68451940111e-05	0.00214830214995
46	8	left	left	1	noError	0.448974612363	0.0141403149258	8.95765221538e-05	1.20322814365e-05	0.00019198907455	0.481171101184	0.518547333219	0.00346606822098	0.551001323074	0.98968255512	0.00514082910075	0.00661906588677	0.000232310772177	0.978616282253	1.20322814365e-05	0.00210257372052
47	13	left	left	1	noError	0.468109132727	0.0138456284773	8.1433201958e-05	7.5201758978e-06	0.000174535522318	0.528337364713	0.471406666563	0.0931944176325	0.531875826921	0.900634379879	0.00503369339138	0.00596195449576	0.000209247993038	0.979061922387	7.5201758978e-06	0.00205875574434
48	9	left	right	0	ERROR	0.280181887878	0.0230760474621	8.1433201958e-05	1.25336264963e-05	0.000174535522318	0.528337364713	0.471406666563	0.103549352925	0.719793044869	0.889593755421	0.00838948898563	0.00662439388418	0.000232497770042	0.965103203978	1.25336264963e-05	0.00343125957391
49	6	left	left	1	noError	0.29244760606	0.0223000762573	8.1433201958e-05	9.64125115103e-06	0.000174535522318	0.528337364713	0.471406666563	0.0932619747304	0.707533111438	0.900562349245	0.00810737820013	0.00596627634629	0.000209399677951	0.966276667887	9.64125115103e-06	0.00331587765549
50	7	middle	left	0	noError	0.327039671717	0.107884226438	7.40301835981e-05	8.03437595919e-06	0.000158668656653	0.571215786103	0.428551515057	0.161140588398	0.672944259531	0.833710172753	0.00715173900401	0.00497464274764	0.000174596101289	0.882039008615	8.03437595919e-06	0.00292502594254
