Trial	naoDecision	errpDetector	x01	x12	x32	x00	x33	x30	x31	x21	x02	x20	x13	x23	x22	x10	x03	x11
0	left	ERROR	0.1875	0.142816338189	0.3125	0.3125	0.1875	0.3125	0.1875	0.25	0.1875	0.416666666667	0.714081690945	0.25	0.0833333333333	0.142816338189	0.3125	0.000285632676378
1	left	ERROR	0.125	0.178520422736	0.025	0.303571428571	0.375	0.425	0.175	0.454462824941	0.125	0.393867781615	0.642602113682	0.000181785129976	0.151487608314	0.178520422736	0.446428571429	0.000357040845473
2	left	noError	0.113636363636	0.252346948491	0.0166666666667	0.275974025974	0.383333333333	0.283333333333	0.316666666667	0.396044874958	0.113636363636	0.352762701154	0.561734742455	0.000129846521412	0.251062577367	0.185680281824	0.496753246753	0.000238027230315
3	left	noError	0.133522727273	0.210289123742	0.0104166666667	0.297483766234	0.427083333333	0.302083333333	0.260416666667	0.450949886325	0.133522727273	0.320693364685	0.551445618712	0.000118042292192	0.228238706697	0.23806690152	0.435470779221	0.000198356025263
4	middle	noError	0.155681818182	0.315607018263	0.00744047619048	0.331655844156	0.447916666667	0.287202380952	0.25744047619	0.423807604866	0.0890151515152	0.40053335745	0.424188937471	9.0801763225e-05	0.175568235921	0.260051462708	0.423647186147	0.000152581557894
5	right	noError	0.150401069519	0.286915471149	0.00465029761905	0.312738731856	0.404947916667	0.429501488095	0.160900297619	0.385279640787	0.111185383244	0.455030324955	0.476535397701	8.25470574772e-05	0.159607487201	0.236410420643	0.425674815381	0.000138710507177
6	right	noError	0.0940006684492	0.239096225957	0.0031001984127	0.32046170741	0.403298611111	0.41966765873	0.173933531746	0.487733033989	0.131990864528	0.379191937462	0.397112831417	6.87892145644e-05	0.133006239334	0.363675350536	0.453546759613	0.000115592089314
7	right	noError	0.107778149138	0.199246854964	0.00281836219336	0.455812059672	0.36663510101	0.4724251443	0.158121392496	0.491237881421	0.184439369182	0.270851383902	0.414260692848	4.91351532603e-05	0.237861599524	0.386396125447	0.251970422007	9.63267410949e-05
8	left	noError	0.0718520994256	0.272042595422	0.00187890812891	0.437208039782	0.444423400673	0.448283429533	0.105414261664	0.422312772443	0.189626246121	0.336322417073	0.376600629862	3.5096538043e-05	0.241329713946	0.351269204952	0.301313614671	8.75697646317e-05
9	middle	noError	0.044907562141	0.226702162852	0.00110524007583	0.398255024863	0.379072588631	0.498990252667	0.120831918626	0.422312772443	0.118516403826	0.336322417073	0.397167191551	3.5096538043e-05	0.241329713946	0.376057670793	0.43832100917	7.29748038598e-05
10	right	noError	0.0966050414273	0.233358687751	0.00078945719702	0.398836683242	0.413623277594	0.427850180476	0.157737084733	0.518593977036	0.0790109358839	0.280268680894	0.355119422537	2.92471150359e-05	0.201108094955	0.411469764852	0.425547339446	5.21248598998e-05
11	middle	ERROR	0.193210082855	0.291698359689	0.00275574640197	0.397673366485	0.000349068500785	0.795353209023	0.201541976074	0.518593977036	0.158021871768	0.280268680894	0.318899278171	2.92471150359e-05	0.201108094955	0.389337206065	0.251094678893	6.51560748748e-05
12	middle	noError	0.175645529868	0.432311474806	0.0025052240018	0.452430333168	0.000317335000713	0.723048371839	0.274129069158	0.594716242221	0.143656247062	0.166697006414	0.261812048857	1.73954738973e-05	0.238569355891	0.305835753791	0.228267889903	4.07225467967e-05
13	left	noError	0.117097019912	0.486393442158	0.00208768666816	0.434953555445	0.000264445833928	0.6858736432	0.311774224298	0.529810828147	0.162437498041	0.177798004276	0.201393883736	1.15969825982e-05	0.292379570594	0.31218134907	0.285511926602	3.13250359975e-05
14	right	ERROR	0.0332246719187	0.643989070264	0.00347947778027	0.845246086978	0.000440743056546	0.643122738666	0.352957040497	0.47756758683	0.12133491091	0.197553338084	0.335656472893	1.28855362202e-05	0.324866189549	0.0203022484497	0.00019433019374	5.22083933292e-05
15	right	noError	0.0332246719187	0.64264604155	0.00316316161843	0.845246086978	0.000400675505951	0.584657035151	0.411779127725	0.543093103795	0.12133491091	0.109751854491	0.34427193913	7.15863123346e-06	0.347147883083	0.0130484644472	0.00019433019374	3.3554872796e-05
16	left	noError	0.0264811447793	0.64264604155	0.00316316161843	0.796952840637	0.000400675505951	0.584657035151	0.411779127725	0.49372100345	0.176411127095	0.190683504083	0.34427193913	6.50784657588e-06	0.315588984621	0.0130484644472	0.000154887488672	3.3554872796e-05
17	left	ERROR	0.000148451901583	0.571076735917	0.00395395202304	0.737735941899	0.000500844382439	0.605821293939	0.389723909656	0.587442006899	0.261885672777	0.381367008166	0.407119898549	1.30156931518e-05	0.0311779692417	0.0217474407454	0.000229933422248	5.59247879933e-05
18	middle	noError	0.000101528895312	0.610069759925	0.00395395202304	0.683849390539	0.000500844382439	0.605821293939	0.389723909656	0.491030004928	0.31589182501	0.486690720119	0.370108998681	9.29692367982e-06	0.0222699780298	0.0197704006776	0.000157255556225	5.08407163575e-05
19	middle	noError	6.69693311543e-05	0.591724799937	0.00359450183912	0.659542625926	0.000455313074944	0.641655721762	0.354294463324	0.454638465329	0.340286677628	0.52822363086	0.391757498901	7.15147975371e-06	0.0171307523306	0.016475333898	0.000103727115205	4.23672636313e-05
20	middle	noError	4.64949410193e-05	0.63694628567	0.00326772894466	0.694202715241	0.000413920977222	0.58332338342	0.412994966658	0.503092310219	0.305678774971	0.485482420574	0.351255356358	4.76765316914e-06	0.0114205015537	0.0117680956414	7.20148465043e-05	3.02623311652e-05
21	middle	noError	2.57490230571e-05	0.66995116879	0.00326772894466	0.553747302186	0.000413920977222	0.58332338342	0.412994966658	0.402061540146	0.446187066776	0.590321613716	0.319323051234	3.17843544609e-06	0.00761366770248	0.0106982687649	3.98820151706e-05	2.75112101502e-05
22	left	ERROR	6.43725576426e-05	0.814215955415	0.00408466118082	0.634368255465	0.000517401221528	0.604154229275	0.391243708322	0.336769233577	0.365467666939	0.65053602286	0.170461501763	5.29739241016e-06	0.0126894461708	0.0152832410928	9.97050379266e-05	3.9301728786e-05
23	right	noError	4.1118653689e-05	0.814215955415	0.00408466118082	0.638696726202	0.000517401221528	0.604154229275	0.391243708322	0.280641027981	0.361198467494	0.70878001905	0.170461501763	4.41449367513e-06	0.0105745384757	0.0152832410928	6.36876500746e-05	3.9301728786e-05
24	right	noError	2.47523312394e-05	0.761846629512	0.0037133283462	0.601913092619	0.000470364746843	0.640140208432	0.355676098475	0.343315019986	0.398023816786	0.649128585035	0.225384584803	3.15320976795e-06	0.00755324176833	0.012736034244	3.83382642444e-05	3.2751440655e-05
25	middle	ERROR	8.19406911727e-05	0.702308286891	0.0037133283462	0.999460101112	0.000470364746843	0.640140208432	0.355676098475	0.358287549966	0.000331042318318	0.622821462589	0.281730731004	7.88302441987e-06	0.0188831044208	0.015920042805	0.000126915878758	4.09393008187e-05
26	right	ERROR	0.128052560611	0.702308286891	0.0037133283462	0.156274689387	0.000470364746843	0.640140208432	0.355676098475	0.358287549966	0.517335354691	0.622821462589	0.281730731004	7.88302441987e-06	0.0188831044208	0.015920042805	0.198337395311	4.09393008187e-05
27	right	noError	0.085368373741	0.694083297608	0.0030944402885	0.104183126258	0.00039197062237	0.616783507027	0.379730082062	0.310266203427	0.611556903127	0.676944370035	0.293639023849	5.33690269015e-06	0.0127840896354	0.0122461867731	0.198891596874	3.14917698606e-05
28	middle	ERROR	0.000243517265982	0.74260412201	0.00386805036063	0.000243517265982	0.000489963277962	0.645979383784	0.349662602578	0.517110339045	0.758694852474	0.461573950058	0.242048779811	8.89483781692e-06	0.021306816059	0.0153077334663	0.240818112994	3.93647123257e-05
29	left	ERROR	0.000347881808546	0.88520824402	0.00483506295078	0.000347881808546	0.000612454097452	0.557474229729	0.437078253222	0.23422067809	0.655278360677	0.723147900116	0.0840975596224	1.77896756338e-05	0.0426136321181	0.0306154669327	0.344025875706	7.87294246514e-05
30	left	ERROR	0.000695763617092	0.856510305025	0.00690723278683	0.000695763617092	0.000874934424932	0.653534613899	0.338683218889	0.46844135618	0.710556721354	0.446295800233	0.105121949528	3.55793512677e-05	0.0852272642362	0.0382693336658	0.288051751412	9.84117808142e-05
31	middle	ERROR	0.00173940904273	0.820637881282	0.00767470309648	0.00173940904273	0.000972149361036	0.615038459888	0.376314687655	0.671103390449	0.526391803386	0.115739500582	0.13140243691	8.89483781692e-05	0.21306816059	0.0478366670823	0.470129378529	0.000123014726018
32	left	noError	0.00158128094794	0.781622456703	0.00639558591373	0.00158128094794	0.00081012446753	0.512532049907	0.480262239712	0.654043836671	0.478538003078	0.0757062776429	0.102717367291	5.81819567191e-05	0.27019170373	0.115564015317	0.518299435026	9.61606884296e-05
33	right	noError	0.00131773412328	0.820748938123	0.0049196814721	0.00131773412328	0.00062317266733	0.548101576851	0.446355569009	0.691562567121	0.398781669232	0.0523608638003	0.0843136014911	4.02404873975e-05	0.256036328591	0.0948585287097	0.598582862522	7.89316760853e-05
34	left	ERROR	0.00146414902587	0.551872345308	0.00546631274678	0.00146414902587	0.000692414074812	0.609001752057	0.384839521121	0.638541890404	0.443090743591	0.174536212668	0.210784003728	0.000134134957992	0.18678776197	0.237146321774	0.553980958358	0.000197329190213
35	right	ERROR	0.00366037256467	0.723336633741	0.00911052124464	0.00366037256467	0.00115402345802	0.515002920095	0.474732535202	0.673177363005	0.607726858977	0.0931702658346	0.276273658209	0.00016766869749	0.233484702463	0.000131069556192	0.384952395894	0.00025863849385
36	left	noError	0.00305031047056	0.726374117246	0.0075921010372	0.00305031047056	0.000961686215016	0.595835766746	0.395610446002	0.700836991068	0.589772382481	0.0653036991345	0.273342780603	0.000117520177463	0.23374178962	9.52150546822e-05	0.404126996578	0.000187887096366
37	right	noError	0.00254192539213	0.678576475448	0.00632675086433	0.00254192539213	0.00080140517918	0.579863138955	0.413008705002	0.714692614712	0.658143652067	0.0466767391587	0.32123139888	8.39992028325e-05	0.238546646927	6.46171579316e-05	0.336772497149	0.000127508514485
38	left	noError	0.00231084126557	0.657256647822	0.00527229238694	0.00231084126557	0.000667837649317	0.483219282462	0.510840587501	0.72184137236	0.689221501879	0.10588792748	0.342617063674	6.06401638662e-05	0.172210059996	4.24743040443e-05	0.30615681559	8.38142002194e-05
39	middle	ERROR	0.00288855158197	0.914513295644	0.0105445847739	0.00288855158197	0.00133567529863	0.566438564925	0.421681175003	0.602630531943	0.736526877349	0.151268467829	0.0852341273475	8.66288055231e-05	0.246014371422	8.49486080886e-05	0.257696019487	0.000167628400439
40	middle	ERROR	0.00412650225995	0.857522159407	0.0131807309674	0.00412650225995	0.00166959412329	0.583048206156	0.402101468754	0.674263081471	0.766466967641	0.000222800745563	0.142056878913	0.000193009624578	0.325321108158	0.000141581013481	0.225280027839	0.000279380667398
41	right	ERROR	0.0058950032285	0.999066449059	0.0188296156677	0.0058950032285	0.00238513446185	0.54721172308	0.431573526791	0.457105135786	0.809238525202	0.000371334575939	0.000179197621512	0.00032168270763	0.542201846931	0.00025370980867	0.178971468341	0.000500643510941
42	middle	ERROR	0.0058950032285	0.998666355798	0.0188296156677	0.0058950032285	0.00238513446185	0.54721172308	0.431573526791	0.996925075755	0.809238525202	0.00143984969074	0.00025599660216	0.00124732458841	0.000387749965674	0.000362442583815	0.178971468341	0.000715205015631
43	middle	ERROR	0.0058950032285	0.995554519328	0.0188296156677	0.0058950032285	0.00238513446185	0.54721172308	0.431573526791	0.984625378776	0.809238525202	0.00719924845369	0.0008533220072	0.00623662294207	0.00193874982837	0.00120814194605	0.178971468341	0.00238401671877
44	right	noError	0.00535909384409	0.995573753497	0.0188296156677	0.00535909384409	0.00238513446185	0.54721172308	0.431573526791	0.984856687144	0.826580477456	0.00709093707573	0.000849629956645	0.0061427940891	0.00190958169134	0.00120291470346	0.162701334855	0.00237370184329
45	middle	ERROR	0.00535909384409	0.985245844989	0.0188296156677	0.00535909384409	0.00238513446185	0.54721172308	0.431573526791	0.924283435719	0.826580477456	0.0354546853787	0.00283209985548	0.0307139704455	0.00954790845669	0.00400971567819	0.162701334855	0.00791233947762
46	middle	ERROR	0.00535909384409	0.950819483296	0.0209217951863	0.00535909384409	0.00265014940205	0.608013025644	0.368415029768	0.747611452397	0.826580477456	0.118182284596	0.00944033285161	0.102379901485	0.0318263615223	0.0133657189273	0.162701334855	0.0263744649254
47	right	noError	0.00456746328781	0.870174009101	0.0209217951863	0.00456746328781	0.00265014940205	0.608013025644	0.368415029768	0.739413198294	0.852197530842	0.161342995164	0.00821555384011	0.0757086212602	0.0235351852818	0.0986577679103	0.138667542583	0.0229526691489
48	right	ERROR	0.00507495920868	0.896271259762	0.0209217951863	0.00507495920868	0.00265014940205	0.608013025644	0.368415029768	0.131377327648	0.835775034269	0.537809983878	0.0272541567356	0.252362070867	0.078450617606	0.000331738520203	0.154075047314	0.0761428449817
49	right	ERROR	0.0084582653478	0.912270208889	0.0298882788375	0.0084582653478	0.00378592771722	0.725732893777	0.240592899668	0.0784433191203	0.726291723781	0.594524959696	0.000114567767919	0.130905177169	0.196126544015	0.000380065417923	0.256791745523	0.0872351579254
