Trial	nTrans	naoDecision	humanDecision	guessCorr	errpDetector	x01	x12	x32	x00	x33	x30	x31	x21	x02	x20	x13	x23	x22	x10	x03	x11
1	11	right	left	0	noError	0.21875	0.227272727273	0.208333333333	0.28125	0.208333333333	0.375	0.208333333333	0.208333333333	0.28125	0.291666666667	0.227272727273	0.291666666667	0.208333333333	0.318181818182	0.21875	0.227272727273
2	14	right	middle	0	ERROR	0.0375	0.212121212121	0.260416666667	0.1625	0.260416666667	0.34375	0.135416666667	0.154761904762	0.3625	0.416666666667	0.378787878788	0.130952380952	0.297619047619	0.19696969697	0.4375	0.212121212121
3	18	left	left	1	ERROR	0.111078199052	0.212121212121	0.320833333333	0.000296208530806	0.120833333333	0.2875	0.270833333333	0.386904761905	0.185130331754	0.291666666667	0.378787878788	0.077380952381	0.244047619048	0.19696969697	0.703495260664	0.212121212121
4	10	middle	middle	1	ERROR	0.138847748815	0.0151515151515	0.276041666667	0.000370260663507	0.151041666667	0.234375	0.338541666667	0.300142998065	0.231412914692	0.30778995343	0.473484848485	0.000160586062659	0.391906462442	0.246212121212	0.629369075829	0.265151515152
5	11	right	middle	0	noError	0.101309460711	0.0126262626263	0.21233974359	0.000270158561895	0.116185897436	0.411057692308	0.260416666667	0.333452498388	0.168849101185	0.256491627858	0.394570707071	0.000133821718883	0.409922052035	0.28851010101	0.729571279543	0.304292929293
6	8	middle	middle	1	noError	0.154853431316	0.0105218855219	0.1633382643	0.000207814278381	0.0893737672584	0.470044378698	0.277243589744	0.333452498388	0.129883923988	0.256491627858	0.412142255892	0.000133821718883	0.409922052035	0.323758417508	0.715054830417	0.253577441077
7	17	right	middle	0	ERROR	0.0001834032633	0.0175364758698	0.154210418646	0.000381138168155	0.000243471178679	0.170537874415	0.675008235761	0.291815622985	0.0548080917965	0.320614534823	0.353570426487	0.000167277148603	0.387402565044	0.372930695847	0.944627366772	0.255962401796
8	11	middle	right	0	noError	0.000173797043082	0.0125260541927	0.181578870461	0.000361175070929	0.000173907984771	0.121812767439	0.696434454115	0.356196020895	0.0519373762483	0.29146775893	0.395407447491	0.000152070135094	0.35218415004	0.337807639891	0.947527651638	0.254258858426
9	10	right	middle	0	ERROR	0.000217246303853	0.0250521083854	0.259398386373	0.000451468838661	0.000248439978244	0.174018239199	0.56633493445	0.356196020895	0.0649217203104	0.29146775893	0.390814894982	0.000152070135094	0.35218415004	0.475615279782	0.934409564547	0.108517716851
10	12	right	right	1	noError	0.000203893246362	0.0167014055903	0.180946364143	0.000423719278596	0.000173302198982	0.121388448547	0.697491885111	0.356196020895	0.0609313027599	0.29146775893	0.460543263321	0.000152070135094	0.35218415004	0.450410186521	0.938441084715	0.0723451445674
11	13	left	middle	0	noError	0.000192087742094	0.0119295754216	0.138932153504	0.000399185755091	0.000133062898642	0.0932030806318	0.767731702966	0.32381456445	0.0574033548379	0.355879780845	0.400388045229	0.000138245577358	0.320167409127	0.536007276087	0.942005371665	0.0516751032624
12	13	left	middle	0	noError	0.000152705749565	0.00852112530117	0.0992372525028	0.000317344351505	9.50449276015e-05	0.20943077188	0.69123693069	0.436512137042	0.20463029974	0.296566484038	0.500277175164	0.000115204647798	0.266806174273	0.45429091149	0.794899650159	0.0369107880446
13	7	middle	left	0	ERROR	0.000169673055072	0.0106514066265	0.165395420838	0.000352604835006	0.000158408212669	0.1823846198	0.65206155115	0.436512137042	0.227366999711	0.296566484038	0.375346468955	0.000115204647798	0.266806174273	0.567863639363	0.772110722399	0.0461384850557
14	17	middle	left	0	noError	0.00012778613138	0.00710093775098	0.183304581425	0.000265557826798	0.000109410143649	0.125970283456	0.690615724975	0.447093447535	0.246550416722	0.330472070032	0.450230979303	9.60038731653e-05	0.22233847856	0.511909092909	0.75305623932	0.0307589900371
15	19	middle	middle	1	noError	0.000102487685634	0.00443808609436	0.187707899773	0.000212984044331	7.24914089807e-05	0.149720160208	0.66249944861	0.420841113488	0.197739624239	0.25420928464	0.531394362064	7.38491332041e-05	0.324875752739	0.444943183068	0.801944904031	0.0192243687732
16	22	right	middle	0	ERROR	0.000204012279988	0.00887617218872	0.000195163040093	0.000423966647465	0.000141476437573	0.0970353762005	0.902627984322	0.302102783721	0.000199060285853	0.135523211599	0.862788724129	0.00018462283301	0.562189381847	0.0898863661359	0.999172960787	0.0384487375464
17	17	left	left	1	noError	0.00020386406282	0.00717491818387	0.000177862040866	0.000423658631027	0.000128934699465	0.088433291667	0.911259911593	0.302102783721	0.000198915666363	0.135523211599	0.808253889122	0.00018462283301	0.562189381847	0.153491743095	0.99917356164	0.0310794495987
18	15	left	left	1	ERROR	0.000226515625355	0.0179372954597	0.000432053496834	0.000470731812253	0.000313201667406	0.000242914955171	0.999011829881	0.224558648579	0.00022101740707	0.150581346221	0.520634722806	0.000205136481123	0.624654868719	0.383729357737	0.999081735155	0.0776986239968
19	8	middle	middle	1	noError	0.000226515625355	0.0907209965074	0.00043167010035	0.000470731812253	0.000312923737892	0.000242699396819	0.999012706765	0.270465540482	0.00022101740707	0.125484455184	0.554334402159	0.000170947067602	0.603879057266	0.295176429029	0.999081735155	0.0597681723052
20	9	middle	middle	1	ERROR	0.000283144531694	0.129601423582	0.000719450167249	0.000588414765316	0.000521539563153	0.000404498994698	0.998354511275	0.270465540482	0.000276271758838	0.125484455184	0.649049145941	0.000170947067602	0.603879057266	0.135966327184	0.998852168944	0.0853831032932
21	25	right	right	1	noError	0.000282848154614	0.18825214199	0.0914346717391	0.000587798851425	0.000473461666805	0.000367210431923	0.907724656162	0.313643693655	0.000275982575724	0.0836563034562	0.57109376146	0.000113964711735	0.602586038177	0.191887462262	0.998853370418	0.0487666342882
22	27	middle	middle	1	ERROR	0.000471413591023	0.643149169405	0.000920256733223	0.000979664752374	0.004357062868	0.00337927872487	0.991343401674	0.189406156091	0.00045997095954	0.139427172427	0.000728763240076	0.000189941186225	0.670976730295	0.000728763240076	0.998088950697	0.355393304115
23	28	middle	left	0	noError	0.000470561381161	0.538521369439	0.000912449271315	0.000977893738601	0.00432009752872	0.00335060891028	0.99141684429	0.267592503304	0.000459139435385	0.185588525254	0.000392493827426	0.000103854103325	0.546715117339	0.000392493827426	0.998092405445	0.460693642906
24	17	right	middle	0	noError	0.000469712331708	0.598943835314	0.000904773933158	0.000976129292606	0.00428375774475	0.00332242426788	0.991489044054	0.266710321272	0.000458310994926	0.162896981418	0.000280352733876	5.92373938149e-05	0.570333459916	0.000280352733876	0.998095847381	0.400495459218
25	16	left	middle	0	noError	0.000469712331708	0.598943835314	0.000904773933158	0.000976129292606	0.00428375774475	0.00332242426788	0.991489044054	0.239747870826	0.000458310994926	0.106498787172	0.000280352733876	3.87282228412e-05	0.653714613779	0.000280352733876	0.998095847381	0.400495459218
26	17	left	left	1	ERROR	0.000521902590787	0.997794741475	0.00100530437018	0.0010845881029	0.0047597308275	0.00369158251986	0.990543382282	0.0794957416523	0.000509234438807	0.0129975743447	0.000935742606384	7.74564456825e-05	0.907429227557	0.000935742606384	0.997884274868	0.000333773312444
27	15	right	left	0	noError	0.000521902590787	0.997799374361	0.000995985316318	0.0010845881029	0.00471560867977	0.00365736198194	0.990631044022	0.0727669276447	0.000509234438807	0.0118974115121	0.000933776764889	7.09002452389e-05	0.915264760598	0.000933776764889	0.997884274868	0.000333072109546
28	21	middle	middle	1	noError	0.000521902590787	0.997803987361	0.000995985316318	0.0010845881029	0.00471560867977	0.00365736198194	0.990631044022	0.269216698403	0.000509234438807	0.00859245176893	0.000931819361248	5.12049984149e-05	0.722139644829	0.000931819361248	0.997884274868	0.000332373916375
29	14	middle	middle	1	ERROR	0.000521902590787	0.996339978935	0.00110665035146	0.0010845881029	0.00523956519975	0.00406373553549	0.989590048913	0.000764039405945	0.000509234438807	0.0656497174514	0.00155303226875	0.000391226365704	0.933195016777	0.00155303226875	0.997884274868	0.000553956527292
30	10	right	middle	0	noError	0.000521902590787	0.996352962466	0.00110665035146	0.0010845881029	0.00523956519975	0.00406373553549	0.989590048913	0.000716261213701	0.000509234438807	0.0615443993268	0.00154752305408	0.000366761543123	0.937372577916	0.00154752305408	0.997884274868	0.000551991426188
31	9	right	right	1	noError	0.000521902590787	0.996365852922	0.00109535727157	0.0010845881029	0.00518609679546	0.00402226616804	0.989696279765	0.000674110802992	0.000509234438807	0.0579226456162	0.00154205333302	0.000345178425987	0.941058065155	0.00154205333302	0.997884274868	0.0005500404122
32	14	right	right	1	noError	0.000520852694919	0.996378651301	0.00108429344461	0.00108240626937	0.00513371381591	0.00398163864127	0.989800354098	0.000636649136011	0.000508210027083	0.0547037699491	0.00153662268246	0.000325996180003	0.944333584735	0.00153662268246	0.997888531009	0.000548103334402
33	21	right	middle	0	ERROR	0.000651065868649	0.995473314126	0.00135536680576	0.00135300783672	0.00641714226989	0.00497704830158	0.987250442623	0.547586720767	0.000635262533854	0.0860107537721	0.00192077835307	0.280391771689	0.0860107537721	0.00192077835307	0.997360663761	0.000685129168003
34	14	middle	middle	1	ERROR	0.000651065868649	0.988683285315	0.00135536680576	0.00135300783672	0.00641714226989	0.00497704830158	0.987250442623	0.000375090220271	0.000635262533854	0.32261792578	0.00480194588269	0.676631893779	0.000375090220271	0.00480194588269	0.997360663761	0.00171282292001
35	13	right	middle	0	noError	0.000651065868649	0.988808813659	0.0013384361805	0.00135300783672	0.00633698224933	0.00491487727944	0.987409704291	0.00028345746301	0.000635262533854	0.243803900558	0.00474868127964	0.755629184516	0.00028345746301	0.00474868127964	0.997360663761	0.00169382378192
36	16	left	middle	0	noError	0.000649416781083	0.988931575616	0.00132192494701	0.00134958079729	0.00625880788802	0.00485424630761	0.987565020857	0.000210863361567	0.000633653474622	0.255754939107	0.00469659051903	0.74382333417	0.000210863361567	0.00469659051903	0.997367348947	0.0016752433458
37	9	middle	left	0	noError	0.000647776190033	0.989051661638	0.00130581771276	0.00134617141484	0.00618254630826	0.00479509886315	0.987716537116	0.000175719467973	0.000632052705672	0.296462449256	0.0046456352204	0.703186111808	0.000175719467973	0.0046456352204	0.997373999689	0.00165706792161
38	10	left	middle	0	ERROR	0.000719751322259	0.984359516625	0.00186545387537	0.00149574601649	0.0088322090118	0.00685014123306	0.98245219588	0.000251027811389	0.00070228078408	0.280660641794	0.00663662174342	0.718837302583	0.000251027811389	0.00663662174342	0.997082221877	0.00236723988801
39	10	right	middle	0	noError	0.000719751322259	0.984598857819	0.00183346395541	0.00149574601649	0.00868074900357	0.00673267090982	0.982753116131	0.0001959527913	0.00070228078408	0.219084235581	0.00653506369472	0.780523858837	0.0001959527913	0.00653506369472	0.997082221877	0.0023310147914
40	20	middle	middle	1	noError	0.000717728921406	0.984830961435	0.00180255574145	0.00149154317875	0.00853441045855	0.00661917272382	0.983043861076	0.000148519277548	0.000700307473003	0.241844782261	0.00643657671918	0.757858179183	0.000148519277548	0.00643657671918	0.997090420427	0.00229588512664
41	10	right	middle	0	noError	0.00071571805458	0.985056150874	0.00177267528065	0.00148736431037	0.00839293793081	0.00650944855467	0.983324938234	0.000114245598114	0.000698345415987	0.262957524817	0.00634102359016	0.736813983987	0.000114245598114	0.00634102359016	0.997098572219	0.00226180194589
42	21	middle	left	0	noError	0.0007137186234	0.985274730552	0.00174377214956	0.00148320920689	0.00825609268461	0.00640331324217	0.983596821924	8.38139316023e-05	0.000696394517041	0.266276317527	0.00624827513673	0.73355605461	8.38139316023e-05	0.00624827513673	0.997106677653	0.00222871917472
43	16	right	middle	0	ERROR	0.00089214827925	0.970549461104	0.00348754429913	0.00185401150861	0.0165121853692	0.0128066264843	0.967193643847	0.000139689886004	0.000870493146301	0.277127195878	0.0124965502735	0.72259342435	0.000139689886004	0.0124965502735	0.996383347066	0.00445743834944
44	10	left	middle	0	ERROR	0.00111518534906	0.957927801577	0.00498220614161	0.00231751438577	0.0235888362417	0.0182951806919	0.953133776925	0.000174612357505	0.00108811643288	0.221408994848	0.0178522146764	0.778241780437	0.000174612357505	0.0178522146764	0.995479183832	0.00636776907063
45	9	middle	left	0	ERROR	0.00111518534906	0.939896859395	0.00711743734516	0.00231751438577	0.0336983374882	0.026135972417	0.93304825275	0.000249446225007	0.00108811643288	0.316298564069	0.0255031638234	0.683202543481	0.000249446225007	0.0255031638234	0.995479183832	0.00909681295804
46	35	right	right	1	noError	0.00111027701847	0.943299091953	0.00609969292323	0.00230731417396	0.114580397898	0.0223987087294	0.856921200449	0.000145305874404	0.00108332724229	0.417253815661	0.0240595172283	0.58245557259	0.000145305874404	0.0240595172283	0.995499081565	0.00858187359034
47	11	middle	middle	1	noError	0.00110541218959	0.946336495062	0.00533666322212	0.00229720436492	0.100247176888	0.0195967840682	0.874819375821	0.000111773749542	0.00107858049749	0.397887550509	0.0227706762743	0.601888901992	0.000111773749542	0.0227706762743	0.995518802948	0.00812215238979
48	15	left	middle	0	noError	0.00110059028667	0.866792331518	0.0047433607045	0.00228718376217	0.0891022160848	0.0174181153307	0.88873630788	8.59798073398e-05	0.00107387563672	0.459913500391	0.106427323462	0.539914539994	8.59798073398e-05	0.0197394215202	0.995538350314	0.00704092349924
49	16	right	right	1	ERROR	0.00137573785833	0.933584663037	0.009486721409	0.00285897970271	0.17820443217	0.0348362306613	0.77747261576	0.0001432996789	0.0013423445459	0.266522500652	0.0128546469245	0.73319089999	0.0001432996789	0.0394788430404	0.994422937893	0.0140818469985
50	21	right	middle	0	noError	0.00136824390151	0.857315314573	0.00776056028465	0.00284340619041	0.145779155856	0.0284975869409	0.817962696919	0.000113127535674	0.00133503249004	0.210405451931	0.0967616932984	0.789368292998	0.000113127535674	0.0338492016603	0.994453317418	0.0120737904683
