Trial	nTrans	naoDecision	humanDecision	guessCorr	errpDetector	x01	x12	x32	x00	x33	x30	x31	x21	x02	x20	x13	x23	x22	x10	x03	x11
1	19	right	right	1	noError	0.25	0.28125	0.25	0.25	0.392857142857	0.178571428571	0.178571428571	0.3	0.321428571429	0.233333333333	0.15625	0.233333333333	0.233333333333	0.21875	0.178571428571	0.34375
2	16	left	middle	0	noError	0.269230769231	0.370192307692	0.321428571429	0.192307692308	0.352040816327	0.198979591837	0.127551020408	0.3125	0.401098901099	0.270833333333	0.197115384615	0.208333333333	0.208333333333	0.168269230769	0.137362637363	0.264423076923
3	25	left	left	1	noError	0.260683760684	0.418870192308	0.325892857143	0.273504273504	0.282525510204	0.186862244898	0.204719387755	0.275	0.222832722833	0.380555555556	0.185697115385	0.205555555556	0.138888888889	0.167668269231	0.242979242979	0.227764423077
4	17	middle	right	0	ERROR	0.229548229548	0.437740384615	0.451785714286	0.39072039072	0.365051020408	0.173724489796	0.0094387755102	0.291666666667	0.175475318332	0.467592592593	0.371394230769	0.00925925925926	0.231481481481	0.135336538462	0.204256061399	0.0555288461538
5	17	middle	left	0	ERROR	0.185068899355	0.547175480769	0.258928571429	0.558171986743	0.325255102041	0.36862244898	0.047193877551	0.319444444444	0.250679026189	0.445987654321	0.214242788462	0.0154320987654	0.219135802469	0.169170673077	0.00608008771274	0.0694110576923
6	10	right	right	1	noError	0.115668062097	0.547175480769	0.258928571429	0.598857491715	0.325255102041	0.36862244898	0.047193877551	0.228174603175	0.281674391368	0.532848324515	0.214242788462	0.0110229276896	0.227954144621	0.169170673077	0.00380005482046	0.0694110576923
7	13	middle	middle	1	noError	0.0771120413978	0.622646233974	0.258928571429	0.532571661143	0.325255102041	0.36862244898	0.047193877551	0.205109126984	0.387782927579	0.583030202822	0.178535657051	0.006889329806	0.204971340388	0.140975560897	0.00253336988031	0.0578425480769
8	12	middle	right	0	noError	0.118074694265	0.555881718442	0.23538961039	0.488381107429	0.295686456401	0.426020408163	0.0429035250464	0.311622405372	0.391855285053	0.525407848325	0.214258197732	0.00529948446615	0.157670261837	0.185365816075	0.00168891325354	0.0444942677515
9	13	middle	left	0	noError	0.167749764819	0.611344084601	0.304899645809	0.452600851868	0.268805869455	0.387291280148	0.0390032045876	0.407748270248	0.378350219271	0.483605232216	0.224470141237	0.0035329896441	0.105113507891	0.132404154339	0.00129916404118	0.0317816198225
10	8	middle	middle	1	noError	0.101833212874	0.611344084601	0.304899645809	0.606993575596	0.268805869455	0.387291280148	0.0390032045876	0.37068024568	0.290384548437	0.530550211106	0.224470141237	0.00321180876736	0.0955577344466	0.132404154339	0.000788663092953	0.0317816198225
11	6	left	left	1	ERROR	0.00305535479051	0.611344084601	0.304899645809	0.678322625993	0.268805869455	0.387291280148	0.0390032045876	0.4633503071	0.317307580729	0.413187763882	0.224470141237	0.00401476095921	0.119447168058	0.132404154339	0.00131443848825	0.0317816198225
12	11	middle	left	0	ERROR	0.00381919348814	0.73049154943	0.31724135099	0.847903282491	0.279686573442	0.402968027775	0.000104047792561	0.526700614201	0.146634475911	0.426375527764	0.0349573446242	0.00802952191841	0.0388943361166	0.189148791913	0.00164304811032	0.0454023140321
13	11	left	left	1	noError	0.00331528157163	0.608742957859	0.379310319082	0.867971223184	0.254260521311	0.366334570705	9.45889023281e-05	0.569727831091	0.127287234141	0.387614116149	0.0291311205202	0.00729956538037	0.0353584873787	0.240957326594	0.00142626110417	0.121168595027
14	11	right	right	1	noError	0.00269113087868	0.608742957859	0.344827562802	0.811654065411	0.231145928465	0.423940518823	8.59899112073e-05	0.517934391901	0.184497057312	0.443285560136	0.0291311205202	0.00663596852761	0.0321440794352	0.240957326594	0.00115774639818	0.121168595027
15	15	middle	middle	1	noError	0.00208898845044	0.622109967584	0.344827562802	0.776171671226	0.231145928465	0.423940518823	8.59899112073e-05	0.545289594601	0.220840640497	0.362190373424	0.0224085542463	0.00442397901841	0.0880960529568	0.262274866611	0.000898699826713	0.0932066115591
16	9	left	left	1	noError	0.00170706880058	0.622109967584	0.344827562802	0.817093121479	0.231145928465	0.423940518823	8.59899112073e-05	0.495717813274	0.180465414834	0.420173066749	0.0224085542463	0.00402179910764	0.0800873208698	0.262274866611	0.00073439488617	0.0932066115591
17	13	right	middle	0	noError	0.00123449545059	0.515792833988	0.344827562802	0.723094464984	0.231145928465	0.423940518823	8.59899112073e-05	0.530478542182	0.275139949579	0.280115377833	0.0160061101759	0.0026811994051	0.18672488058	0.330196333294	0.000531089986301	0.138004722542
18	6	right	right	1	noError	0.000966862546204	0.515792833988	0.344827562802	0.783126304341	0.231145928465	0.423940518823	8.59899112073e-05	0.530478542182	0.215490880979	0.280115377833	0.0160061101759	0.0026811994051	0.18672488058	0.330196333294	0.000415952133458	0.138004722542
19	8	right	right	1	noError	0.000794611643606	0.515792833988	0.404388693456	0.821763326712	0.210132662241	0.385400471657	7.81726465521e-05	0.482253220166	0.177100213251	0.345559434393	0.0160061101759	0.00243745400463	0.169749891436	0.330196333294	0.000341848393783	0.138004722542
20	16	left	left	1	noError	0.000576584063836	0.473686795376	0.404388693456	0.725544874743	0.210132662241	0.385400471657	7.81726465521e-05	0.48732372869	0.273630490038	0.318256738852	0.012312392443	0.00174103857474	0.192678493883	0.33092025638	0.000248051155164	0.183080555802
21	9	right	right	1	noError	0.000419530624393	0.521533450341	0.404388693456	0.727541216695	0.210132662241	0.385400471657	7.81726465521e-05	0.374864406684	0.271858767193	0.398659029886	0.0111930840391	0.00133926044211	0.225137302987	0.300836596709	0.000180485487779	0.166436868911
22	10	left	left	1	noError	0.000284937767309	0.474121318492	0.404388693456	0.67911436488	0.210132662241	0.385400471657	7.81726465521e-05	0.365280312834	0.320478114807	0.460506946067	0.0101755309446	0.00103020034008	0.173182540759	0.364396906099	0.000122582545658	0.151306244464
23	9	right	middle	0	ERROR	0.000356172209136	0.467651648115	0.404388693456	0.8488929561	0.210132662241	0.385400471657	7.81726465521e-05	0.423150303001	0.150597643509	0.575046907296	0.0127194136808	0.00164327907111	0.000159510631784	0.330496132624	0.000153228182072	0.18913280558
24	10	right	left	0	noError	0.000284708396226	0.334036891511	0.404388693456	0.799276075123	0.210132662241	0.385400471657	7.81726465521e-05	0.475591184546	0.200316732612	0.522769915724	0.00908529548629	0.00149389006464	0.000145009665258	0.307497237588	0.000122483868352	0.349380575414
25	15	middle	middle	1	noError	0.000189726680687	0.303669901374	0.404388693456	0.666322843068	0.210132662241	0.385400471657	7.81726465521e-05	0.41113656039	0.333405808289	0.587692796946	0.00825935953299	0.00106706433189	0.000103578332327	0.370452034171	8.16219615864e-05	0.317618704922
26	10	middle	middle	1	noError	0.00011614185463	0.303669901374	0.404388693456	0.612092300481	0.210132662241	0.385400471657	7.81726465521e-05	0.342613800325	0.387741592493	0.656410664121	0.00825935953299	0.000889220276573	8.63152769395e-05	0.370452034171	4.99651707543e-05	0.317618704922
27	7	left	left	1	noError	7.80624099924e-05	0.303669901374	0.404388693456	0.672062659928	0.210132662241	0.385400471657	7.81726465521e-05	0.342613800325	0.327825694578	0.656410664121	0.00825935953299	0.000889220276573	8.63152769395e-05	0.370452034171	3.35830838693e-05	0.317618704922
28	4	middle	middle	1	noError	5.87891360159e-05	0.303669901374	0.404388693456	0.753028981657	0.210132662241	0.385400471657	7.81726465521e-05	0.342613800325	0.246886937643	0.656410664121	0.00825935953299	0.000889220276573	8.63152769395e-05	0.370452034171	2.52915646034e-05	0.317618704922
29	10	middle	middle	1	noError	4.36486754969e-05	0.276063546703	0.404388693456	0.742387345471	0.210132662241	0.385400471657	7.81726465521e-05	0.311467091205	0.257550227838	0.687646058292	0.00750850866636	0.000808382069611	7.84684335813e-05	0.427683667428	1.87780153103e-05	0.288744277202
30	25	left	left	1	noError	2.48354829107e-05	0.411473961931	0.404388693456	0.56892904721	0.210132662241	0.385400471657	7.81726465521e-05	0.379262270903	0.431035432881	0.620187660351	0.00536322047597	0.000501398724295	4.86700212364e-05	0.305488333877	1.06844268016e-05	0.277674483716
31	35	left	left	1	noError	1.2418762775e-05	0.359690565842	0.404388693456	0.499991119292	0.210132662241	0.385400471657	7.81726465521e-05	0.40439202289	0.499991119292	0.595280499165	0.0031548355741	0.000298502733152	2.89752120572e-05	0.23852254934	5.34265278083e-06	0.398632049245
32	33	middle	middle	1	noError	6.20994723348e-06	0.310939203245	0.404388693456	0.499995559241	0.210132662241	0.385400471657	7.81726465521e-05	0.445740513453	0.499995559241	0.554078020069	0.00175268643006	0.000165410344405	1.60561337411e-05	0.243623638522	2.67156982196e-06	0.443684471803
33	6	right	left	0	ERROR	6.20994723348e-06	0.421878406491	0.404388693456	0.499995559241	0.210132662241	0.385400471657	7.81726465521e-05	0.384156126059	0.499995559241	0.615642244521	0.00350537286011	0.000183789271561	1.78401486012e-05	0.487247277044	2.67156982196e-06	0.0873689436051
34	14	middle	middle	1	noError	3.65291013734e-06	0.434898672076	0.404388693456	0.470585623083	0.210132662241	0.385400471657	7.81726465521e-05	0.389437417373	0.529409152495	0.610428163014	0.00292114405009	0.00012252618104	1.18934324008e-05	0.48937273087	1.57151165998e-06	0.0728074530042
35	23	middle	middle	1	noError	1.82663296042e-06	0.362415560063	0.404388693456	0.499998693767	0.210132662241	0.385400471657	7.81726465521e-05	0.370838541242	0.499998693767	0.629076890029	0.00243428670841	7.70860975258e-05	7.48263172964e-06	0.574477275725	7.85832360466e-07	0.0606728775035
36	8	left	left	1	noError	1.21775530694e-06	0.362415560063	0.404388693456	0.533332462512	0.210132662241	0.385400471657	7.81726465521e-05	0.28526041634	0.466665795845	0.714674530792	0.00243428670841	5.92969980968e-05	5.75587056126e-06	0.574477275725	5.23888240311e-07	0.0606728775035
37	27	left	left	1	noError	6.19228825723e-07	0.441610373375	0.458535175869	0.508449357034	0.191029692946	0.350364065143	7.10660423201e-05	0.469578005814	0.49154975734	0.530387487508	0.00162285780561	3.14535311904e-05	3.05314704011e-06	0.516318183817	2.66397278671e-07	0.0404485850023
38	10	right	right	1	noError	3.89097097331e-07	0.401463975796	0.416850159881	0.628294697306	0.173663357224	0.409421877402	6.46054930183e-05	0.517798187103	0.371704746204	0.482170443189	0.00147532527782	2.8594119264e-05	2.77558821829e-06	0.560289258015	1.6739273684e-07	0.0367714409112
39	14	left	left	1	noError	2.16165054073e-07	0.364967250723	0.416850159881	0.515719276281	0.173663357224	0.409421877402	6.46054930183e-05	0.345198791402	0.484280414558	0.65478029546	0.00134120479802	1.9062746176e-05	1.85039214552e-06	0.600262961832	9.2995964911e-08	0.0334285826466
40	23	middle	middle	1	noError	1.19058560398e-07	0.511513269787	0.416850159881	0.449278738135	0.173663357224	0.409421877402	6.46054930183e-05	0.392189571143	0.550721091586	0.607797716628	0.00103169599848	1.15874523437e-05	1.12477659858e-06	0.461740739871	5.1219961305e-08	0.0257142943435
41	17	left	left	1	noError	6.10813916997e-08	0.511513269787	0.46986378171	0.487014677841	0.157875779294	0.372201706729	5.87322663803e-05	0.281724680598	0.5129852348	0.718266187725	0.00103169599848	8.3237075911e-06	8.07969796481e-07	0.461740739871	2.62777116477e-08	0.0257142943435
42	37	right	right	1	noError	3.05437488906e-08	0.39347174599	0.46986378171	0.499999978158	0.157875779294	0.372201706729	5.87322663803e-05	0.367799851067	0.499999978158	0.63219437536	0.000793612306522	5.26272739398e-06	5.10845045301e-07	0.585954415285	1.31401692668e-08	0.0197802264181
43	26	left	middle	0	ERROR	0.000152685394972	0.18694349198	0.522070868567	0.499890814053	0.175417532549	0.30244634081	6.52580737558e-05	0.000300932757091	0.499890814053	0.999681692672	0.00158722461304	1.58372706449e-05	1.53730007929e-06	0.77190883057	6.56864991158e-05	0.0395604528362
44	18	middle	middle	1	noError	8.03603456767e-05	0.18694349198	0.565518971424	0.473624454402	0.159470484136	0.274951218919	5.93255215962e-05	0.000300867075604	0.526260613578	0.999681762146	0.00158722461304	1.58338140072e-05	1.53696454866e-06	0.77190883057	3.45716744959e-05	0.0395604528362
45	14	middle	middle	1	noError	4.53081648344e-05	0.18694349198	0.51410815584	0.436179113028	0.144973167396	0.340864744471	5.39322923602e-05	0.000300801429345	0.563756086866	0.999681831582	0.00158722461304	1.58303592236e-05	1.536629198e-06	0.77190883057	1.94919411243e-05	0.0395604528362
46	20	right	right	1	noError	2.34012381657e-05	0.18694349198	0.558280141673	0.483527648269	0.131793788542	0.309877040429	4.90293566911e-05	0.000300735818287	0.51643888309	0.999681900981	0.00158722461304	1.58269062925e-05	1.53629402717e-06	0.77190883057	1.00674030438e-05	0.0395604528362
47	11	left	left	1	noError	1.30006878698e-05	0.18694349198	0.558280141673	0.490848693483	0.131793788542	0.309877040429	4.90293566911e-05	0.000300670242403	0.509132712828	0.999681970343	0.00158722461304	1.58234552125e-05	1.53595903601e-06	0.77190883057	5.59300169099e-06	0.0395604528362
48	23	middle	middle	1	noError	7.6892236847e-06	0.18694349198	0.507527401521	0.408600697875	0.119812535038	0.372615491299	4.45721424465e-05	0.000300604701663	0.591388304935	0.999682039668	0.00158722461304	1.5820005982e-05	1.53562422438e-06	0.77190883057	3.30796658619e-06	0.0395604528362
49	5	left	middle	0	ERROR	9.61152960587e-06	0.207714991089	0.507527401521	0.510750872344	0.119812535038	0.372615491299	4.45721424465e-05	0.000375755877078	0.489235381168	0.999602549585	0.00176358290338	1.97750074775e-05	1.91953028048e-06	0.7465653673	4.13495823274e-06	0.0439560587069
50	11	left	left	1	noError	5.65384094463e-06	0.207714991089	0.507527401521	0.535735807261	0.119812535038	0.372615491299	4.45721424465e-05	0.000375644141573	0.46425610657	0.999602667772	0.00176358290338	1.97691271424e-05	1.91895948519e-06	0.7465653673	2.4323283722e-06	0.0439560587069
