Trial	nTrans	naoDecision	humanDecision	guessCorr	errpDetector	x01	x12	x32	x00	x33	x30	x31	x21	x02	x20	x13	x23	x22	x10	x03	x11
1	9	left	middle	0	ERROR	0.25	0.0625	0.277777777778	0.25	0.277777777778	0.277777777778	0.166666666667	0.38455622212	0.25	0.38455622212	0.3125	0.230733733272	0.000153822488848	0.3125	0.25	0.3125
2	13	middle	right	0	ERROR	0.0833333333333	0.104166666667	0.555555555556	0.25	0.155555555556	0.155555555556	0.133333333333	0.38455622212	0.416666666667	0.38455622212	0.1875	0.230733733272	0.000153822488848	0.354166666667	0.25	0.354166666667
3	26	middle	middle	1	noError	0.122222222222	0.168981481481	0.444444444444	0.166666666667	0.209150326797	0.150326797386	0.196078431373	0.365347638825	0.477777777778	0.365347638825	0.159722222222	0.269208583295	9.61390555299e-05	0.30787037037	0.233333333333	0.363425925926
4	25	left	middle	0	ERROR	0.343556749329	0.281635802469	0.430555555556	0.000281091885814	0.261437908497	0.062908496732	0.245098039216	0.484946150516	0.000281091885814	0.000742102024246	0.266203703704	0.513598297583	0.000713449877178	0.0131172839506	0.6558810669	0.439043209877
5	7	right	left	0	ERROR	0.343556749329	0.302726337449	0.478395061728	0.000281091885814	0.179375453885	0.0698983297023	0.272331154684	0.481182688144	0.000281091885814	0.000927627530307	0.443672839506	0.516997871979	0.000891812346473	0.0218621399177	0.6558810669	0.231738683128
6	7	left	middle	0	noError	0.343556749329	0.335605281207	0.444919278253	0.000281091885814	0.214904195296	0.0537679459248	0.286408580526	0.484318906787	0.000281091885814	0.000773022941923	0.453060699588	0.514164893316	0.000743176955394	0.0182184499314	0.6558810669	0.193115569273
7	24	right	left	0	ERROR	0.270618610365	0.927493191881	0.748361859065	0.000312324317571	0.248306111178	0.00166601487864	0.00166601487864	0.640531511312	0.000312324317571	0.00128837156987	0.0003936640075	0.356941488859	0.00123862825899	0.0717194801043	0.728756741	0.0003936640075
8	13	middle	left	0	ERROR	0.270618610365	0.896418845544	0.913936431774	0.000312324317571	0.080510185297	0.00277669146439	0.00277669146439	0.601328778279	0.000312324317571	0.00322092892468	0.000562377153571	0.392353722149	0.00309657064747	0.102456400149	0.728756741	0.000562377153571
9	19	middle	left	0	noError	0.270618610365	0.906132375675	0.920749120188	0.000312324317571	0.074137095988	0.00255689191206	0.00255689191206	0.588671223917	0.000312324317571	0.00189625779802	0.000509639110102	0.407609473948	0.00182304433743	0.0928483461047	0.728756741	0.000509639110102
10	22	middle	left	0	noError	0.336926009423	0.772859036816	0.847983084369	0.000283931197792	0.147680079767	0.00216841793179	0.00216841793179	0.620582262955	0.000283931197792	0.0011769016456	0.000393918583615	0.377109373273	0.0011314621266	0.226353126016	0.662506128182	0.000393918583615
11	10	middle	left	0	ERROR	0.336926009423	0.858732263129	0.895966168739	0.000283931197792	0.095360159534	0.00433683586357	0.00433683586357	0.867637104925	0.000283931197792	0.00196150274267	0.000437687315128	0.128515622121	0.001885770211	0.14039236224	0.662506128182	0.000437687315128
12	22	middle	left	0	noError	0.306296372202	0.876207736771	0.83052737122	0.00025811927072	0.162268186558	0.00360222111129	0.00360222111129	0.811433991883	0.00025811927072	0.0015917891795	0.000383543366139	0.185443887854	0.00153033108319	0.123025176496	0.693187389256	0.000383543366139
13	12	right	right	1	noError	0.278451247457	0.81711720344	0.855073887819	0.000234653882473	0.138765165666	0.00308047325774	0.00308047325774	0.776039098976	0.000234653882473	0.00123541418203	0.00031343122586	0.221537771316	0.00118771552649	0.182255934109	0.721079444778	0.00031343122586
14	13	left	left	1	noError	0.253137497688	0.845379221703	0.803244718451	0.000213321711339	0.191806038875	0.00247462133675	0.00247462133675	0.702245562948	0.000213321711339	0.000867650892826	0.000264994745249	0.296052634785	0.00083415137366	0.154090788806	0.746435858889	0.000264994745249
15	11	left	middle	0	ERROR	0.170152775209	0.921970316719	0.861778169216	0.00023702412371	0.131151484107	0.00353517333821	0.00353517333821	0.837075938247	0.00023702412371	0.00144608482138	0.000378563921784	0.160087724642	0.00139025228943	0.0772725554378	0.829373176544	0.000378563921784
16	7	right	right	1	ERROR	0.170152775209	0.902462895898	0.846420188018	0.00023702412371	0.14572387123	0.00392797037579	0.00392797037579	0.895126563746	0.00023702412371	0.00241014136896	0.000473204902231	0.100146207736	0.00231708714905	0.0965906942972	0.829373176544	0.000473204902231
17	7	right	right	1	noError	0.154684341099	0.835033419772	0.860381989107	0.0002154764761	0.132476246573	0.00357088215981	0.00357088215981	0.905072449416	0.0002154764761	0.00218157070931	0.000395181425905	0.0906486383995	0.00209734147565	0.164176217376	0.844884705949	0.000395181425905
18	9	right	right	1	noError	0.154684341099	0.790518158698	0.873074535552	0.0002154764761	0.12043295143	0.00324625650892	0.00324625650892	0.913294517905	0.0002154764761	0.00199261583082	0.000312429336092	0.0827971842242	0.00191568204009	0.20885698263	0.844884705949	0.000312429336092
19	8	left	left	1	noError	0.140622128272	0.761937045152	0.884613214138	0.000195887705545	0.1094845013	0.00295114228083	0.00295114228083	0.920205186221	0.000195887705545	0.00183379880155	0.000240330258532	0.0761980181294	0.00176299684813	0.237582294331	0.858986096317	0.000240330258532
20	7	middle	right	0	ERROR	0.156246809191	0.735485605724	0.855766517673	0.000217653006162	0.136855626625	0.00368892785104	0.00368892785104	0.994893237286	0.000217653006162	0.00253321422993	0.000267033620591	0.000138140248962	0.0024354082352	0.263980327034	0.843317884797	0.000267033620591
21	8	right	right	1	noError	0.14204255381	0.790800867601	0.86887865243	0.000197866369238	0.124414206023	0.00335357077367	0.00335357077367	0.994918678258	0.000197866369238	0.00252059421281	0.000211191537996	0.000137452059118	0.00242327546993	0.208776749323	0.857561713452	0.000211191537996
22	9	right	right	1	noError	0.124343686527	0.659000723001	0.812252364245	0.000173211711073	0.101065839572	0.0027242182114	0.0839575779719	0.994943864496	0.000173211711073	0.00250810055697	0.00017599294833	0.000136770759958	0.00241126418721	0.340647291103	0.875309890051	0.00017599294833
23	9	middle	middle	1	noError	0.113039715024	0.737692863847	0.829320331132	0.000157465191885	0.0918780359741	0.00247656201036	0.0763250708835	0.994968799806	0.000157465191885	0.0024957313741	0.000135379191023	0.000136096248508	0.00239937257162	0.262036377771	0.886645354592	0.000135379191023
24	9	middle	middle	1	noError	0.101539854777	0.721302202959	0.844836664665	0.000141445798169	0.0835254872492	0.00225142000942	0.0693864280759	0.994993487919	0.000141445798169	0.00248348481331	0.000104137839248	0.000135428423838	0.00238759884374	0.278489521363	0.898177253627	0.000104137839248
25	9	middle	middle	1	noError	0.0923089588879	0.782028564662	0.858942422423	0.000128587089244	0.0759322611356	0.00204674546311	0.0630785709781	0.995017932494	0.000128587089244	0.00247135906022	8.14469096454e-05	0.000134767187007	0.00237594125925	0.217808541519	0.907433866934	8.14469096454e-05
26	9	left	right	0	ERROR	0.102565509875	0.803380941103	0.843269358248	0.000142874543605	0.0843691790396	0.00227416162568	0.0700873010868	0.992882760705	0.000142874543605	0.00353051294317	0.000135744849409	0.000192524552868	0.00339420179893	0.196347569198	0.897148741037	0.000135744849409
27	12	middle	right	0	ERROR	0.128206887344	0.999384698628	0.80408669781	0.000178593179506	0.105461473799	0.0028427020321	0.0876091263585	0.988137934508	0.000178593179506	0.00588418823862	0.000224835284272	0.000320874254779	0.00565700299821	0.000165630803121	0.871435926297	0.000224835284272
28	9	left	left	1	noError	0.128206887344	0.999385015531	0.80408669781	0.000178593179506	0.105461473799	0.0028427020321	0.0876091263585	0.988275834906	0.000178593179506	0.00581578262253	0.000224719486012	0.000317143986441	0.00559123848497	0.000165545497299	0.871435926297	0.000224719486012
29	6	left	left	1	noError	0.128206887344	0.999385332075	0.80408669781	0.000178593179506	0.105461473799	0.0028427020321	0.0876091263585	0.988410552556	0.000178593179506	0.00574895581106	0.000224603818534	0.000313499812859	0.00552699181959	0.000165460287821	0.871435926297	0.000224603818534
30	6	right	right	1	noError	0.128206887344	0.999385648262	0.80408669781	0.000178593179506	0.105461473799	0.0028427020321	0.0876091263585	0.988542196389	0.000178593179506	0.00568365376979	0.000224488281616	0.00030993878745	0.00546421105386	0.000165375174523	0.871435926297	0.000224488281616
31	8	right	right	1	noError	0.128206887344	0.999385964093	0.80408669781	0.000178593179506	0.105461473799	0.0028427020321	0.0876091263585	0.988670870418	0.000178593179506	0.00561982490222	0.000224372875038	0.000306458096574	0.00540284658343	0.000165290157243	0.871435926297	0.000224372875038
32	7	middle	right	0	ERROR	0.128206887344	0.999122805847	0.782318553122	0.000178593179506	0.117179415333	0.00315855781344	0.0973434737317	0.983815529168	0.000178593179506	0.00802832128888	0.000320532678625	0.00043779728082	0.00771835226204	0.000236128796062	0.871435926297	0.000320532678625
33	10	left	left	1	noError	0.128206887344	0.999123487067	0.802107775566	0.000178593179506	0.106526741212	0.00287141619404	0.0884940670288	0.984071727011	0.000178593179506	0.00790123411916	0.000320283755963	0.000430867012918	0.00759617185737	0.00023594542066	0.871435926297	0.000320283755963
34	6	left	left	1	ERROR	0.128206887344	0.998747838668	0.802107775566	0.000178593179506	0.106526741212	0.00287141619404	0.0884940670288	0.977245324301	0.000178593179506	0.0112874773131	0.000457548222804	0.000615524304169	0.010851674082	0.000337064886657	0.871435926297	0.000457548222804
35	11	left	left	1	noError	0.128206887344	0.998749279699	0.802107775566	0.000178593179506	0.106526741212	0.00287141619404	0.0884940670288	0.97774940433	0.000178593179506	0.0110374279621	0.000457021660119	0.000601888710623	0.0106112789975	0.000336676980459	0.871435926297	0.000457021660119
36	7	middle	right	0	ERROR	0.128206887344	0.998213256713	0.802107775566	0.000178593179506	0.106526741212	0.00287141619404	0.0884940670288	0.962915673883	0.000178593179506	0.0183957132701	0.000652888085884	0.00100314785104	0.0176854649959	0.000480967114941	0.871435926297	0.000652888085884
37	9	left	left	1	noError	0.128206887344	0.998216265416	0.820097977787	0.000178593179506	0.0968424920105	0.00261037835822	0.0804491518444	0.964238296392	0.000178593179506	0.017739625187	0.000651788685694	0.000967370311945	0.0170547081093	0.000480157212986	0.871435926297	0.000651788685694
38	6	right	right	1	noError	0.128206887344	0.998219263703	0.836452707079	0.000178593179506	0.0880386291005	0.00237307123474	0.0731355925858	0.965469705519	0.000178593179506	0.0171287835836	0.000650693091233	0.000934060136215	0.0164674507611	0.00047935011462	0.871435926297	0.000650693091233
39	12	middle	right	0	noError	0.128206887344	0.998222251629	0.851320642799	0.000178593179506	0.0800351173641	0.00215733748613	0.0664869023507	0.966619022408	0.000178593179506	0.0165586639091	0.000649601282778	0.000902970592798	0.0159193430905	0.000478545805315	0.871435926297	0.000649601282778
40	7	right	right	1	noError	0.116551715768	0.998225229248	0.864836947999	0.000162357435915	0.0727591976037	0.00196121589648	0.0604426385007	0.967694191303	0.000162357435915	0.0160253254131	0.000648513240745	0.000873886786246	0.0154065964977	0.000477744270643	0.883123569361	0.000648513240745
41	9	middle	middle	1	noError	0.116551715768	0.998228196612	0.864836947999	0.000162357435915	0.0727591976037	0.00196121589648	0.0604426385007	0.96870216344	0.000162357435915	0.0155253199295	0.000647428945683	0.000846620682506	0.0149258959482	0.000476945496276	0.883123569361	0.000647428945683
42	8	left	left	1	noError	0.116551715768	0.998231153775	0.864836947999	0.000162357435915	0.0727591976037	0.00196121589648	0.0604426385007	0.969649047496	0.000162357435915	0.0150556172434	0.000646348378274	0.000821007039086	0.014474328222	0.000476149467982	0.883123569361	0.000646348378274
43	5	left	middle	0	noError	0.105956105243	0.99823410079	0.864836947999	0.000147597669013	0.0727591976037	0.00196121589648	0.0604426385007	0.884670787301	0.000147597669013	0.101796523142	0.000645271519336	0.000726393583007	0.0128062959734	0.00047535617163	0.893748699419	0.000645271519336
44	9	middle	middle	1	noError	0.0963237320393	0.998237037707	0.804030789999	0.000134179699103	0.143965998003	0.0016343465804	0.0503688654172	0.822807738286	0.000134179699103	0.166056346435	0.000644198349813	0.000597742035343	0.010538173243	0.000474565593183	0.903407908563	0.000644198349813
45	10	middle	middle	1	noError	0.0878471744498	0.99823996458	0.836128225092	0.000122371789228	0.120386072991	0.00136665997145	0.0421190419454	0.726095141044	0.000122371789228	0.265818316327	0.000643128850785	0.00043406099356	0.0076524816354	0.000473777718702	0.911908081972	0.000643128850785
46	14	left	left	1	noError	0.0807424880591	0.998242881459	0.859189079473	0.000112474906477	0.103444743709	0.0011743367565	0.0361918400613	0.678448027854	0.000112474906477	0.316065124563	0.000642063003457	0.000294517276776	0.00519233030676	0.000472992534341	0.919032562128	0.000642063003457
47	7	left	middle	0	ERROR	0.0807424880591	0.997071469098	0.859189079473	0.000112474906477	0.103444743709	0.0011743367565	0.0361918400613	0.540640039791	0.000112474906477	0.451521606518	0.00107010500576	0.000420738966824	0.00741761472394	0.000788320890568	0.919032562128	0.00107010500576
48	9	left	middle	0	ERROR	0.115346411513	0.997071469098	0.798841542104	0.000160678437824	0.147778205299	0.00167762393786	0.0517026286591	0.772342913987	0.000160678437824	0.216459437883	0.00107010500576	0.000601055666891	0.0105965924628	0.000788320890568	0.884332231611	0.00107010500576
49	6	middle	right	0	ERROR	0.0170515683477	0.996339336372	0.776490602338	0.000178531597582	0.164198005887	0.00186402659762	0.0574473651767	0.840428642484	0.000178531597582	0.145574297354	0.0013376312572	0.000751319583613	0.0132457405785	0.00098540111321	0.982591368457	0.0013376312572
50	8	middle	left	0	ERROR	0.018946187053	0.994770480532	0.75165622482	0.000198368441758	0.182442228764	0.00207114066402	0.0638304057519	0.914898060692	0.000198368441758	0.0651061390765	0.001910901796	0.00107331369088	0.0189224865407	0.00140771587601	0.980657076063	0.001910901796
