Trial	nTrans	naoDecision	humanDecision	guessCorr	errpDetector	x01	x12	x32	x00	x33	x30	x31	x21	x02	x20	x13	x23	x22	x10	x03	x11
1	7	right	left	0	ERROR	0.277777777778	0.416666666667	0.277777777778	0.277777777778	0.277777777778	0.277777777778	0.166666666667	0.277777777778	0.166666666667	0.277777777778	0.25	0.166666666667	0.277777777778	0.25	0.277777777778	0.0833333333333
2	13	middle	middle	1	noError	0.269841269841	0.474358974359	0.314814814815	0.269841269841	0.231481481481	0.231481481481	0.222222222222	0.198412698413	0.190476190476	0.34126984127	0.192307692308	0.190476190476	0.269841269841	0.269230769231	0.269841269841	0.0641025641026
3	14	left	middle	0	ERROR	0.162323887805	0.587228882773	0.191358024691	0.000232418293902	0.219135802469	0.219135802469	0.37037037037	0.248015873016	0.442701512195	0.176587301587	0.000123794196909	0.238095238095	0.337301587302	0.333292068601	0.394742181707	0.0793552544288
4	11	right	right	1	ERROR	0.270539813008	0.652476536415	0.318930041152	0.00038736382317	0.365226337449	0.0318930041152	0.283950617284	0.31001984127	0.571169186991	0.220734126984	0.000137549107677	0.172619047619	0.296626984127	0.259213409557	0.157903636178	0.0881725049209
5	7	right	middle	0	ERROR	0.270539813008	0.565595670518	0.318930041152	0.00038736382317	0.365226337449	0.0318930041152	0.283950617284	0.348018611845	0.571169186991	0.365772985996	0.000171936384596	0.286042694667	0.000165707492083	0.324016761946	0.157903636178	0.110215631151
6	15	right	left	0	ERROR	0.450899688346	0.665136672169	0.455614344503	0.00064560637195	0.378894767784	0.0455614344503	0.119929453263	0.496037223689	0.451948644985	0.131545971993	0.000245623406565	0.372085389334	0.000331414984166	0.320023945637	0.0965060602968	0.0145937587873
7	15	right	middle	0	ERROR	0.500999653718	0.441894453615	0.338769091699	0.000717340413278	0.502154276909	0.000132531330492	0.158944100061	0.320124078964	0.391054049983	0.438486573309	0.000409372344276	0.240284631112	0.00110471661389	0.533373242728	0.107228955885	0.0243229313122
8	11	left	right	0	ERROR	0.401999307436	0.569824089359	0.338769091699	0.00143468082656	0.502154276909	0.000132531330492	0.158944100061	0.400155098706	0.382108099967	0.298108216637	0.000682287240459	0.30035578889	0.00138089576736	0.388955404547	0.214457911771	0.0405382188537
9	14	right	middle	0	ERROR	0.446665897151	0.560711824017	0.0646151528319	0.00159408980729	0.670257128182	0.00022088555082	0.264906833435	0.400310197411	0.313453444407	0.596216433273	0.00103445539139	0.000711577780816	0.00276179153471	0.438102104772	0.238286568634	0.000151615819562
10	11	left	left	1	noError	0.343589151655	0.543365588584	0.0538459606932	0.00122622292868	0.558547606818	0.00018407129235	0.387422361196	0.500258497843	0.318041111083	0.496847027728	0.000738896708133	0.000592981484014	0.0023014929456	0.455787217694	0.337143514334	0.000108297013973
11	13	middle	left	0	ERROR	0.490841645221	0.686731177168	0.0538459606932	0.00175174704097	0.558547606818	0.00018407129235	0.387422361196	0.200516995685	0.0257730158322	0.793694055456	0.00147779341627	0.00118596296803	0.00460298589119	0.311574435388	0.481633591905	0.000216594027945
12	9	right	left	0	ERROR	0.504750129096	0.73341397146	0.0673074508666	0.00226228334643	0.573184508523	0.000230089115438	0.359277951495	0.250646244606	0.00012914440804	0.74211756932	0.00184724177033	0.00148245371003	0.00575373236399	0.264468044235	0.492858443149	0.000270742534931
13	16	middle	left	0	ERROR	0.507916881827	0.722356619099	0.134614901733	0.00377047224405	0.746369017046	0.000460178230876	0.11855590299	0.358066063724	0.000215240680067	0.631596527599	0.00307873628389	0.00211779101433	0.00821961766284	0.274113407058	0.488097405249	0.000451237558219
14	32	right	middle	0	noError	0.505654915591	0.676731399514	0.151020420132	0.00269319446003	0.643630549356	0.000296214388979	0.205052816124	0.372044042482	0.000153743342905	0.621064351733	0.00208368588272	0.00141186067622	0.00547974510856	0.320879517439	0.491498146606	0.000305397164003
15	5	middle	middle	1	noError	0.459686286901	0.676731399514	0.111349864925	0.00244835860003	0.737242883061	0.000218403790514	0.151188848224	0.372044042482	0.000139766675368	0.621064351733	0.00208368588272	0.00141186067622	0.00547974510856	0.320879517439	0.537725587824	0.000305397164003
16	12	middle	middle	1	noError	0.471204490643	0.674408768857	0.176124887438	0.00174882757145	0.69770240255	0.000182003158762	0.125990706853	0.36311080191	9.98333395488e-05	0.631587962871	0.0016028352944	0.00108604667402	0.00421518854505	0.323753474953	0.526946848446	0.000234920895387
17	8	left	left	1	noError	0.439388069726	0.704007971688	0.230104072865	0.00134525197804	0.664752002125	0.000151669298968	0.104992255711	0.302592334925	7.6794876576e-05	0.69298996906	0.00145712299491	0.000905038895015	0.00351265712087	0.294321340866	0.55918988342	0.000213564450352
18	11	middle	right	0	ERROR	0.299235087157	0.808015943377	0.287630091081	0.00168156497255	0.705940002657	0.00018958662371	0.00624031963857	0.128240418656	9.599359572e-05	0.866237461324	0.00291424598982	0.00113129861877	0.00439082140109	0.188642681733	0.698987354275	0.000427128900704
19	5	left	left	1	noError	0.272031897415	0.808015943377	0.278078346452	0.00152869542959	0.717308962887	0.000136005785009	0.00447668487651	0.128240418656	8.72669052e-05	0.866237461324	0.00291424598982	0.00113129861877	0.00439082140109	0.188642681733	0.72635214025	0.000427128900704
20	5	right	right	1	noError	0.31002658118	0.808015943377	0.31506528871	0.00127391285799	0.681090802406	0.000113338154174	0.00373057073043	0.116582198778	7.2722421e-05	0.878397692113	0.00291424598982	0.00102845328979	0.00399165581917	0.188642681733	0.688626783541	0.000427128900704
21	6	right	right	1	noError	0.34168881765	0.825469039433	0.377332080645	0.00106159404833	0.619173456732	0.000103034685613	0.00339142793675	0.103951813526	6.06020175e-05	0.891571950381	0.0026493145362	0.000917031808635	0.00355920428438	0.17149334703	0.657188986285	0.00038829900064
22	7	middle	right	0	ERROR	0.177111022062	0.893527199191	0.377332080645	0.00132699256041	0.619173456732	0.000103034685613	0.00339142793675	0.00493976690694	7.5752521875e-05	0.989464937977	0.00378473505171	0.00114628976079	0.00444900535547	0.1021333529	0.821486232856	0.000554712858057
23	9	middle	middle	1	noError	0.150296124333	0.903206544719	0.412380057604	0.00112608372153	0.585123897666	7.35962040093e-05	0.00242244852625	0.00488875247168	6.4283466459e-05	0.989573736681	0.00344066822883	0.00113445168708	0.00440305916005	0.0928485026361	0.848513508479	0.000504284416416
24	15	right	middle	0	ERROR	0.000153892587817	0.879008180898	0.224760115207	0.00173295938005	0.770247795332	0.000147192408019	0.0048448970525	0.00814792078614	9.89274900722e-05	0.982622894469	0.00430083528604	0.00189075281179	0.00733843193341	0.116060628295	0.998014220542	0.00063035552052
25	7	middle	left	0	ERROR	0.000170991764241	0.879008180898	0.249520230415	0.00192551042228	0.740495590664	0.000294384816037	0.00968979410501	0.00905324531793	0.000109919433414	0.980692104965	0.00430083528604	0.00210083645755	0.00815381325935	0.116060628295	0.99779357838	0.00063035552052
26	6	left	left	1	noError	0.00017063234059	0.879008180898	0.268861715704	0.00192146301105	0.723458146665	0.00022644985849	0.00745368777308	0.00888262871789	0.000109688383431	0.981055979718	0.00430083528604	0.00206124429352	0.00800014727032	0.116060628295	0.997798216265	0.00063035552052
27	9	right	middle	0	ERROR	0.000213290425737	0.879008180898	0.114769526173	0.00240182876381	0.872430244441	0.000377416430817	0.0124228129551	0.012689469597	0.000137110479289	0.972937113883	0.00430083528604	0.00294463470503	0.0114287818147	0.116060628295	0.997247770331	0.00063035552052
28	22	right	middle	0	ERROR	0.00023698936193	0.879008180898	0.533778700772	0.00266869862645	0.00361405433407	0.0136400348754	0.448967210018	0.0140994106633	0.000152344976988	0.969930126537	0.00430083528604	0.00327181633892	0.0126986464608	0.116060628295	0.996941967035	0.00063035552052
29	17	middle	left	0	noError	0.000236290407117	0.879008180898	0.638456293579	0.00266082781008	0.0661596610589	0.00870943705456	0.286674608308	0.0136891486116	0.000151895664605	0.97080509417	0.00430083528604	0.00317661363037	0.0123291435876	0.116060628295	0.996950986118	0.00063035552052
30	23	left	middle	0	ERROR	0.000787634690389	0.848760226123	0.128187645263	0.00886942603359	0.22053220353	0.0290314568485	0.622248694358	0.045630495372	0.000506318882015	0.902683647235	0.00537604410755	0.0105887121012	0.041097145292	0.145075785369	0.989836620394	0.000787944400649
31	16	left	middle	0	noError	0.000709540288293	0.868617367492	0.0986058809717	0.0980749640369	0.169640156561	0.0223318898835	0.709422072583	0.121640917313	0.000456117093238	0.835187389222	0.00467019229944	0.00884444325939	0.0343272502059	0.126027949569	0.900759378582	0.000684490640086
32	8	middle	middle	1	noError	0.000645540956695	0.880561243174	0.152773754594	0.0892287684813	0.207415505047	0.0171783768334	0.622632363526	0.104438568096	0.000414976104376	0.858495040534	0.00424562936313	0.00759367004147	0.0294727213291	0.114570863244	0.909710714458	0.00062226421826
33	10	left	middle	0	noError	0.000592136581469	0.754277879365	0.117518272764	0.0818470422197	0.159550388498	0.0132141360257	0.709717202712	0.0949441528142	0.00038064592074	0.871359127758	0.00326586874087	0.00690333640134	0.0267933830264	0.241977587111	0.917180175278	0.000478664783277
34	7	left	left	1	noError	0.000546897330176	0.776616253968	0.0979318939703	0.0755939259178	0.216291990415	0.0110117800214	0.674764335593	0.0841300081809	0.000351564561809	0.886011330731	0.00296897158261	0.00611704597604	0.0237416151115	0.219979624646	0.92350761219	0.000435149802979
35	16	left	left	1	noError	0.000508083610001	0.817390080791	0.068717593992	0.0702289674044	0.22193816232	0.00772682930928	0.701617414379	0.0755282017872	0.000326613757018	0.8976660124	0.00242705062684	0.00549161343032	0.0213141723824	0.179827145877	0.928936335229	0.000355722704884
36	11	middle	middle	1	noError	0.000474417225079	0.845574302387	0.0491442822064	0.0655754902939	0.230238269167	0.00552594260183	0.715091506025	0.068522838741	0.000304971837759	0.907157655497	0.00205245688634	0.00498225739008	0.0193372483721	0.152072420667	0.933645120643	0.000300820060031
37	10	middle	middle	1	noError	0.000406786915516	0.85961300217	0.114726370928	0.141971959324	0.177106360898	0.00425072507833	0.703916543096	0.0574498248149	0.000261496730395	0.838320199336	0.00186586989667	0.00417714472287	0.100052831127	0.138247655152	0.85735975703	0.000273472781847
38	10	middle	middle	1	noError	0.000327383292265	0.876884505307	0.0956053091067	0.194739736353	0.147588634081	0.00354227089861	0.753263785913	0.0455380030535	0.000210453328876	0.792577686702	0.00163631603291	0.00331104280575	0.158573267439	0.121239350633	0.804722427026	0.000239828027827
39	14	left	left	1	noError	0.000252770970635	0.89037061797	0.0709956468618	0.227567047564	0.183857103716	0.00263045866549	0.742516790756	0.037718182255	0.000162489942126	0.828196405373	0.00145707342476	0.00274246799656	0.131342944376	0.10795875142	0.772017691523	0.000213557185061
40	7	right	right	1	noError	0.000229791791486	0.901192898714	0.0546120360476	0.206879134149	0.295274695166	0.00202342974269	0.648089839043	0.0342892565954	0.000147718129206	0.843814913975	0.00131323554685	0.00249315272414	0.119402676705	0.097301390273	0.79274335593	0.000192475466193
41	11	middle	middle	1	noError	0.000176762916528	0.910069661723	0.0455100300396	0.236060872423	0.246062245972	0.00168619145224	0.706741532536	0.0272985142304	0.000113629330158	0.796044799134	0.00119525535542	0.00198485974547	0.17467182689	0.0885598993208	0.763648735331	0.000175183600769
42	10	left	left	1	noError	0.000126259226091	0.917482258368	0.0350077154151	0.31147205173	0.266201727671	0.00129707034788	0.697493486566	0.0227487618587	8.11638072558e-05	0.746703999278	0.00109673525634	0.0016540497879	0.228893189075	0.0812602624559	0.688320525236	0.000160743920054
43	9	middle	middle	1	noError	9.71224816087e-05	0.923765346355	0.0291730961793	0.31651696287	0.221834773059	0.00108089195656	0.747911238805	0.0189573015489	6.24336978891e-05	0.788919999399	0.00101322734667	0.00137837482325	0.190744324229	0.0750729217847	0.683323480951	0.000148504513435
44	13	middle	middle	1	noError	7.47096012375e-05	0.929158815408	0.0233014042006	0.320397663746	0.177185914071	0.000863339983604	0.798649341745	0.0144604048423	4.80259214531e-05	0.762711864057	0.000941543275499	0.0010514079716	0.221776323129	0.069761643239	0.679479600731	0.000137998077593
45	16	right	right	1	noError	4.9806400825e-05	0.933839114801	0.0193976203389	0.346931775831	0.147501200398	0.000718700945278	0.832382478318	0.0100615949163	3.20172809687e-05	0.69573354733	0.000879337872726	0.000731572955071	0.293473284799	0.065152666436	0.652986400488	0.000128880890713
46	10	right	right	1	noError	4.15053340208e-05	0.937938924392	0.0153036309219	0.289109813192	0.195264519949	0.000567014603731	0.788864834526	0.00773968839713	2.6681067474e-05	0.765948882561	0.000824847703292	0.000562748426978	0.225748680614	0.0611153334116	0.710822000406	0.000120894493459
47	8	left	left	1	noError	3.77321218371e-05	0.941559933755	0.0127530257682	0.262827102902	0.16272043329	0.000472512169776	0.824054028772	0.00595360645933	2.42555158854e-05	0.666114525047	0.000776721220992	0.000432883405367	0.327498985088	0.0575495042288	0.73711090946	0.000113840795333
48	10	middle	middle	1	noError	2.90247091055e-05	0.944781391058	0.0108458302195	0.356020848386	0.138385840724	0.000401848695609	0.850366480361	0.00457969727641	1.86580891426e-05	0.589318865421	0.000733905146148	0.000332987234898	0.405768450068	0.0543771383739	0.643931468816	0.000107565421516
49	7	right	right	1	noError	2.41872575879e-05	0.947665969993	0.00943498387322	0.296684040322	0.120384345789	0.000349575448427	0.86983109489	0.00416336116037	1.55484076189e-05	0.626653514019	0.000695566488856	0.000302715668089	0.368880409152	0.0515365172342	0.703276224013	0.000101946284147
50	7	right	right	1	noError	2.01560479899e-05	0.950263887581	0.00834903414345	0.247236700268	0.106528323401	0.000309339940995	0.884813302515	0.00346946763364	1.2957006349e-05	0.688877928349	0.000661037819553	0.000252263056741	0.30740034096	0.0489781890383	0.752730186678	9.68855608538e-05
