Trial	naoDecision	errpDetector	x01	x12	x32	x00	x33	x30	x31	x21	x02	x20	x13	x23	x22	x10	x03	x11
0	right	noError	0.291666666667	0.233333333333	0.25	0.208333333333	0.25	0.25	0.25	0.25	0.291666666667	0.25	0.3	0.321428571429	0.178571428571	0.166666666667	0.208333333333	0.3
1	right	noError	0.409722222222	0.355555555556	0.192307692308	0.173611111111	0.269230769231	0.269230769231	0.269230769231	0.233333333333	0.243055555556	0.233333333333	0.266666666667	0.280952380952	0.252380952381	0.111111111111	0.173611111111	0.266666666667
2	middle	ERROR	0.344135802469	0.128175549232	0.274725274725	0.192901234568	0.241758241758	0.384615384615	0.0989010989011	0.266666666667	0.270061728395	0.266666666667	0.615242636315	0.161904761905	0.304761904762	0.256351098464	0.192901234568	0.000230715988618
3	right	ERROR	0.305169753086	0.16021943654	0.248092786702	0.24112654321	0.138640086687	0.612935120088	0.000332006523381	0.3612413802	0.212577160494	0.3612413802	0.519053295393	0.000135465517575	0.277381774082	0.320438873081	0.24112654321	0.000288394985773
4	left	ERROR	0.293099647266	0.0860277664861	0.0687039810032	0.3444664903	0.198057266695	0.732764457268	0.000474295033401	0.618003587692	0.303681657848	0.381439385184	0.598647564848	0.000320462921325	0.000236564202508	0.314912675829	0.0587522045855	0.000411992836818
5	left	noError	0.312157709088	0.0716898054051	0.0502539644796	0.391824468579	0.218015886047	0.73138322335	0.00034692612296	0.618003587692	0.159832451499	0.381439385184	0.498872970706	0.000320462921325	0.000236564202508	0.429093896524	0.136185370834	0.000343327364015
6	middle	ERROR	0.0262067809963	0.119483009009	0.0837566074659	0.62904778214	0.196693143412	0.718972038917	0.000578210204934	0.57555954188	0.344529879962	0.423821539093	0.498121617844	0.000356069912584	0.000262849113898	0.381823160874	0.000215556901449	0.000572212273358
7	left	noError	0.0166831613428	0.119483009009	0.0837566074659	0.636533461666	0.196693143412	0.718972038917	0.000578210204934	0.479632951567	0.346646154088	0.519851282578	0.498121617844	0.000296724927153	0.000219040928249	0.381823160874	0.000137222902956	0.000572212273358
8	left	noError	0.00946097194212	0.119483009009	0.0761423704236	0.567040361866	0.178811948556	0.744520035379	0.000525645640849	0.342594965405	0.423420847485	0.657036630413	0.498121617844	0.000211946376538	0.000156457805892	0.381823160874	7.78187064191e-05	0.000572212273358
9	left	noError	0.00545974511375	0.119483009009	0.0692203367487	0.577023076766	0.162556316869	0.767745486709	0.000477859673499	0.263534588773	0.41747227044	0.736182023394	0.498121617844	0.00016303567426	0.000120352158378	0.381823160874	4.49076801759e-05	0.000572212273358
10	left	ERROR	0.0181991503792	0.0243537612606	0.0769114852763	0.923410255888	0.180618129855	0.741939429676	0.000530955192777	0.327069177546	0.0582409014659	0.672364046789	0.497652022305	0.00032607134852	0.000240704316757	0.477278951093	0.000149692267253	0.000715265341698
11	right	noError	0.0142571849583	0.0243537612606	0.0699195320694	0.783320042023	0.164198299868	0.765399481524	0.000482686538888	0.272557647955	0.202305504339	0.726970038991	0.497652022305	0.000271726123766	0.000200586930631	0.477278951093	0.000117268679943	0.000715265341698
12	middle	ERROR	0.0286407043118	0.027059734734	0.083645639264	0.970922833088	0.000119631291555	0.915657285304	0.000577444140635	0.287596079925	0.000200886110376	0.711616731651	0.441835580339	0.000452876872944	0.000334311551051	0.530309945659	0.000235576489827	0.000794739268553
13	right	noError	0.0278341495155	0.027059734734	0.083645639264	0.971741679167	0.000119631291555	0.915657285304	0.000577444140635	0.287596079925	0.000195228929111	0.711616731651	0.441835580339	0.000452876872944	0.000334311551051	0.530309945659	0.000228942388036	0.000794739268553
14	right	noError	0.0270718516317	0.0245997588491	0.083645639264	0.972515593892	0.000119631291555	0.915657285304	0.000577444140635	0.287596079925	0.000189882166156	0.711616731651	0.401668709399	0.000452876872944	0.000334311551051	0.573009041508	0.000222672309699	0.000722490244139
15	middle	ERROR	0.981418687288	0.0245997588491	0.083645639264	0.00362523665038	0.000119631291555	0.915657285304	0.000577444140635	0.287596079925	0.00688367788002	0.711616731651	0.401668709399	0.000452876872944	0.000334311551051	0.573009041508	0.00807239818145	0.000722490244139
16	left	noError	0.981755862891	0.0778748492807	0.0771466002309	0.00355945328121	0.000110336265057	0.922210485205	0.000532578298944	0.26145098175	0.00675876699367	0.73783339241	0.438542943374	0.000411706248131	0.000303919591864	0.483130650942	0.00792591683392	0.000451556402587
17	left	noError	0.982080987904	0.0486717808004	0.0715851821623	0.0034960209969	0.000102382238616	0.927818250315	0.00049418528401	0.26145098175	0.00663832039819	0.73783339241	0.399089339609	0.000411706248131	0.000303919591864	0.551956656839	0.00778467070136	0.000282222751617
18	right	noError	0.98239469701	0.0304198630003	0.0667721301881	0.00343481596959	9.5498536978e-05	0.932671412692	0.000460958582828	0.26145098175	0.00652210296654	0.73783339241	0.374430837256	0.000411706248131	0.000303919591864	0.594972910524	0.0076483840534	0.000176389219761
19	right	noError	0.982697581096	0.0190124143752	0.0625659122911	0.00337572291712	8.94827388562e-05	0.936912683835	0.000431921135087	0.26145098175	0.00640989579845	0.73783339241	0.421519273285	0.000411706248131	0.000303919591864	0.559358069078	0.00751680018858	0.00011024326235
20	left	noError	0.982990190956	0.0118827589845	0.0588585689967	0.00331863437835	8.41804389341e-05	0.940650922917	0.000406327647112	0.26145098175	0.00630149484442	0.73783339241	0.388449545803	0.000411706248131	0.000303919591864	0.599598793174	0.00738967982074	6.8902038969e-05
21	middle	noError	0.983273040645	0.0074253265159	0.0555663160537	0.003263450061	7.94718076753e-05	0.943970612421	0.00038359971786	0.26145098175	0.00619670966725	0.73783339241	0.367711742822	0.000411706248131	0.000303919591864	0.624819874993	0.0072667996267	4.30556689422e-05
22	left	noError	0.983546610484	0.00464082907244	0.0526231362696	0.0032100762536	7.52624262665e-05	0.946938319704	0.000363281600429	0.26145098175	0.0060953623256	0.73783339241	0.417319839264	0.000411706248131	0.000303919591864	0.57801242187	0.00714795093699	2.69097930889e-05
23	right	noError	0.983811349786	0.00290051817028	0.132374855885	0.0031584252945	6.5277474137e-05	0.867244781061	0.000315085580585	0.301209151458	0.00599728636563	0.698194493675	0.38582489954	0.000343088540109	0.000253266326554	0.611257763669	0.00703293855339	1.68186206806e-05
24	right	noError	0.984067679321	0.00182578437356	0.116871271744	0.00310841509138	5.76322547634e-05	0.882792912866	0.000278183135801	0.301209151458	0.00590232590864	0.698194493675	0.368758230231	0.000343088540109	0.000253266326554	0.629405398606	0.00692157967901	1.05867893324e-05
25	left	ERROR	0.973446132202	0.00423280215719	0.0281187862394	0.00518069181897	9.6053757939e-05	0.971321521443	0.000463638559668	0.223565723843	0.00983720984773	0.775771659639	0.000231834723666	0.00038120948901	0.000281407029504	0.995510819265	0.0115359661317	2.45438537938e-05
26	left	ERROR	0.911487107339	0.0211640107859	0.0281187862394	0.0172689727299	9.6053757939e-05	0.971321521443	0.000463638559668	0.223565723843	0.0327906994924	0.775771659639	0.00115917361833	0.00038120948901	0.000281407029504	0.977554096327	0.0384532204389	0.000122719268969
27	middle	noError	0.918677100154	0.0207014188739	0.0281187862394	0.0158661964098	9.6053757939e-05	0.971321521443	0.000463638559668	0.20324156713	0.0301270774295	0.796156054217	0.00113383700582	0.000346554080918	0.000255824572276	0.978044707185	0.035329626007	0.000120036935178
28	right	noError	0.846495610718	0.0202586599291	0.0273375214683	0.0134320088206	9.33849579215e-05	0.972118336952	0.000450756621233	0.20324156713	0.0255049893067	0.796156054217	0.00110958666436	0.000346554080918	0.000255824572276	0.978514283804	0.114567391154	0.000117469602616
29	left	noError	0.797747326043	0.0198344852565	0.0265985689872	0.0904991316375	9.08606966625e-05	0.972871997964	0.00043857235193	0.20324156713	0.0203485718774	0.796156054217	0.00108635420172	0.000346554080918	0.000255824572276	0.978964150511	0.0914049704421	0.000115010030739
30	right	noError	0.767882307504	0.0194277488311	0.0258985820586	0.069499631992	8.84695417091e-05	0.973585917831	0.000427030568846	0.20324156713	0.0156268710147	0.796156054217	0.00106407684896	0.000346554080918	0.000255824572276	0.979395522746	0.14699118949	0.000112651574334
31	right	noError	0.698245563054	0.0190373969582	0.0252345578303	0.118364202398	8.62012353198e-05	0.974263159175	0.000416081759244	0.20324156713	0.0109124845989	0.796156054217	0.00104269689421	0.000346554080918	0.000255824572276	0.979809518024	0.172477749949	0.000110388123566
32	middle	noError	0.587604614833	0.0186624591588	0.0246037942729	0.0695583073907	8.40465473632e-05	0.974906477809	0.000405681370522	0.20324156713	0.00641286759636	0.796156054217	0.00102216118338	0.000346554080918	0.000255824572276	0.980207165607	0.33642421018	0.000108214051122
33	left	noError	0.580943891078	0.0183020401138	0.0240038534295	0.0409166514063	8.19971497806e-05	0.975518360216	0.000395789204263	0.20324156713	0.00377227505668	0.796156054217	0.00100242067896	0.000346554080918	0.000255824572276	0.980589415042	0.374367182459	0.000106124165506
34	middle	ERROR	0.503764697853	0.0366040802276	0.0300048167869	0.000278409342726	0.000102496437226	0.969397950271	0.000494736505328	0.20324156713	0.0105023661911	0.796156054217	0.00200484135792	0.000346554080918	0.000255824572276	0.961178830084	0.485454526614	0.000212248331011
35	middle	noError	0.589516649252	0.0352395631164	0.114997418022	0.00016414335718	9.06645301972e-05	0.884474291965	0.000437625482808	0.184765061027	0.0061919389201	0.814687322016	0.00193010541807	0.000315049164471	0.000232567792979	0.962625995271	0.404127268471	0.000204336194504
36	right	ERROR	0.47379162313	0.000150407505775	0.0214248828879	0.00041035839295	0.000129520757425	0.977820417094	0.000625179261154	0.230956326284	0.0154798473003	0.768359152519	0.00290302341814	0.000393811455589	0.000290709741223	0.996639232103	0.510318171177	0.000307336973548
37	left	noError	0.485439790628	0.000149918655835	0.0209620495764	0.000227976884972	0.000126722771485	0.978299553892	0.000611673759666	0.230956326284	0.00859991516681	0.768359152519	0.00289358809896	0.000393811455589	0.000290709741223	0.996650155169	0.50573231732	0.000306338076183
38	right	noError	0.579670465075	0.000149433021701	0.0205188336166	0.000134104049984	0.000124043379159	0.978758382311	0.000598740693582	0.230956326284	0.00505877362753	0.768359152519	0.00288421484824	0.000393811455589	0.000290709741223	0.99666100638	0.415136657247	0.000305345749876
39	middle	noError	0.43684809431	0.00014895057175	0.0200940136619	7.51382812338e-05	0.000121475196986	0.979198166717	0.000586344423937	0.230956326284	0.002834422641	0.768359152519	0.00287490305559	0.000393811455589	0.000290709741223	0.996671786443	0.560242344768	0.000304359930005
40	right	ERROR	0.789493647699	0.000186188214687	0.0502350341549	0.000250460937446	0.000303687992464	0.947995416793	0.00146586105984	0.230956326284	0.00944807547002	0.768359152519	0.00359362881948	0.000393811455589	0.000290709741223	0.995839733053	0.200807815894	0.000380449912506
41	middle	ERROR	0.631645492329	0.000465470536718	0.0627937926936	0.000834869791487	0.00037960999058	0.934994270991	0.0018323263248	0.230956326284	0.0314935849001	0.768359152519	0.00898407204871	0.000393811455589	0.000290709741223	0.989599332633	0.336026052979	0.000951124781266
42	right	ERROR	0.438818307764	0.0011636763418	0.078492240867	0.00278289930496	0.000474512488225	0.918742838739	0.002290407906	0.230956326284	0.104978616334	0.768359152519	0.0224601801218	0.000393811455589	0.000290709741223	0.973998331583	0.453420176598	0.00237781195316
43	left	noError	0.336761442352	0.0011342961783	0.151116419323	0.0017393120656	0.000401735267573	0.846542723351	0.00193912205854	0.331504866372	0.128111635208	0.667968578861	0.0218931119943	0.000302931888915	0.000223622877864	0.974654814182	0.533387610374	0.00231777764514
44	left	noError	0.39797590147	0.00110636576888	0.270089553325	0.001087070041	0.000309027128902	0.728109787193	0.00149163235272	0.255003743363	0.142569772005	0.744591214509	0.0213540256488	0.000233024529934	0.000172017598357	0.975278902873	0.458367256484	0.00226070570942
45	middle	ERROR	0.871955957173	0.00122929529876	0.34017910665	0.0031810532108	0.000618054257804	0.656219574387	0.00298326470545	0.318754679204	0.124570363282	0.680739018136	0.0237266951654	0.000291280662418	0.000215021997946	0.972532114303	0.000292626334167	0.00251189523269
46	middle	ERROR	0.359779785864	0.00409765099586	0.34017910665	0.015905266054	0.000618054257804	0.656219574387	0.00298326470545	0.318754679204	0.622851816411	0.680739018136	0.0790889838845	0.000291280662418	0.000215021997946	0.908440381011	0.00146313167083	0.00837298410897
47	left	ERROR	0.14944946466	0.00659835476267	0.300223883313	0.039763165135	0.000772567822255	0.695274467983	0.00372908088181	0.312506684577	0.807129541028	0.686770025908	0.000161027739291	0.000416115232026	0.00030717428278	0.979757790476	0.00365782917709	0.0134828270219
48	middle	ERROR	0.373623661651	0.00942622108953	0.300223883313	0.0994079128375	0.000772567822255	0.695274467983	0.00372908088181	0.0312667114427	0.517823852569	0.96692506477	0.000230039627559	0.00104028808006	0.000767935706951	0.971082557823	0.00914457294271	0.0192611814598
49	right	noError	0.374235367584	0.00916219020314	0.300223883313	0.110782173799	0.000772567822255	0.695274467983	0.00372908088181	0.115860207813	0.509902140316	0.882543795902	0.000223596158199	0.000918191610173	0.000677804674289	0.971892542844	0.00508031830151	0.0187216707943
