Block	Trial	nTrans	naoDecision	humanDecision	guessCorr	falseFeedback	x01	x12	x32	x00	x33	x30	x31	x21	x02	x20	x13	x23	x22	x10	x03	x11
1	1	16	right	left	0	1	0.05	0.05	0.05	0.85	0.05	0.85	0.05	0.05	0.05	0.85	0.05	0.05	0.05	0.85	0.05	0.05
1	2	12	middle	middle	1	0	0.05	0.05	0.05	0.85	0.05	0.85	0.05	0.05	0.05	0.85	0.05	0.05	0.05	0.85	0.05	0.05
1	3	17	right	right	1	0	0.05	0.05	0.05	0.85	0.05	0.85	0.05	0.05	0.05	0.85	0.05	0.05	0.05	0.85	0.05	0.05
1	4	9	left	right	0	2	0.05	0.05	0.05	0.85	0.05	0.85	0.05	0.05	0.05	0.85	0.05	0.05	0.05	0.85	0.05	0.05
1	5	8	right	right	1	0	0.05	0.05	0.05	0.85	0.05	0.85	0.05	0.05	0.05	0.85	0.05	0.05	0.05	0.85	0.05	0.05
1	6	9	middle	middle	1	0	0.05	0.05	0.05	0.85	0.05	0.85	0.05	0.05	0.05	0.85	0.05	0.05	0.05	0.85	0.05	0.05
1	7	14	left	left	1	0	0.05	0.05	0.05	0.85	0.05	0.85	0.05	0.05	0.05	0.85	0.05	0.05	0.05	0.85	0.05	0.05
1	8	12	middle	middle	1	0	0.05	0.05	0.05	0.85	0.05	0.85	0.05	0.05	0.05	0.85	0.05	0.05	0.05	0.85	0.05	0.05
1	9	10	middle	right	0	1	0.05	0.05	0.05	0.85	0.05	0.85	0.05	0.05	0.05	0.85	0.05	0.05	0.05	0.85	0.05	0.05
1	10	15	right	left	0	1	0.05	0.05	0.05	0.85	0.05	0.85	0.05	0.05	0.05	0.85	0.05	0.05	0.05	0.85	0.05	0.05
1	11	8	middle	middle	1	0	0.05	0.05	0.05	0.85	0.05	0.85	0.05	0.05	0.05	0.85	0.05	0.05	0.05	0.85	0.05	0.05
1	12	14	middle	right	0	2	0.05	0.05	0.05	0.85	0.05	0.85	0.05	0.05	0.05	0.85	0.05	0.05	0.05	0.85	0.05	0.05
1	13	10	middle	left	0	1	0.05	0.05	0.05	0.85	0.05	0.85	0.05	0.05	0.05	0.85	0.05	0.05	0.05	0.85	0.05	0.05
1	14	8	middle	middle	1	0	0.05	0.05	0.05	0.85	0.05	0.85	0.05	0.05	0.05	0.85	0.05	0.05	0.05	0.85	0.05	0.05
1	15	9	left	left	1	0	0.05	0.05	0.05	0.85	0.05	0.85	0.05	0.05	0.05	0.85	0.05	0.05	0.05	0.85	0.05	0.05
1	16	13	right	left	0	2	0.05	0.05	0.05	0.85	0.05	0.85	0.05	0.05	0.05	0.85	0.05	0.05	0.05	0.85	0.05	0.05
1	17	13	right	right	1	0	0.05	0.05	0.05	0.85	0.05	0.85	0.05	0.05	0.05	0.85	0.05	0.05	0.05	0.85	0.05	0.05
1	18	7	right	middle	0	1	0.05	0.05	0.05	0.85	0.05	0.85	0.05	0.05	0.05	0.85	0.05	0.05	0.05	0.85	0.05	0.05
1	19	7	right	right	1	0	0.05	0.05	0.05	0.85	0.05	0.85	0.05	0.05	0.05	0.85	0.05	0.05	0.05	0.85	0.05	0.05
1	20	6	left	middle	0	1	0.05	0.05	0.05	0.85	0.05	0.85	0.05	0.05	0.05	0.85	0.05	0.05	0.05	0.85	0.05	0.05
1	21	11	right	right	1	0	0.05	0.05	0.05	0.85	0.05	0.85	0.05	0.05	0.05	0.85	0.05	0.05	0.05	0.85	0.05	0.05
1	22	5	right	right	1	0	0.05	0.05	0.05	0.85	0.05	0.85	0.05	0.05	0.05	0.85	0.05	0.05	0.05	0.85	0.05	0.05
1	23	13	right	right	1	0	0.05	0.05	0.05	0.85	0.05	0.85	0.05	0.05	0.05	0.85	0.05	0.05	0.05	0.85	0.05	0.05
1	24	9	left	left	1	0	0.05	0.05	0.05	0.85	0.05	0.85	0.05	0.05	0.05	0.85	0.05	0.05	0.05	0.85	0.05	0.05
1	25	12	right	right	1	0	0.05	0.05	0.05	0.85	0.05	0.85	0.05	0.05	0.05	0.85	0.05	0.05	0.05	0.85	0.05	0.05
1	26	9	right	right	1	0	0.05	0.05	0.05	0.85	0.05	0.85	0.05	0.05	0.05	0.85	0.05	0.05	0.05	0.85	0.05	0.05
1	27	8	middle	middle	1	0	0.05	0.05	0.05	0.85	0.05	0.85	0.05	0.05	0.05	0.85	0.05	0.05	0.05	0.85	0.05	0.05
1	28	11	middle	left	0	1	0.05	0.05	0.05	0.85	0.05	0.85	0.05	0.05	0.05	0.85	0.05	0.05	0.05	0.85	0.05	0.05
1	29	9	middle	middle	1	0	0.05	0.05	0.05	0.85	0.05	0.85	0.05	0.05	0.05	0.85	0.05	0.05	0.05	0.85	0.05	0.05
1	30	14	left	right	0	1	0.05	0.05	0.05	0.85	0.05	0.85	0.05	0.05	0.05	0.85	0.05	0.05	0.05	0.85	0.05	0.05
1	31	6	right	right	1	0	0.05	0.05	0.05	0.85	0.05	0.85	0.05	0.05	0.05	0.85	0.05	0.05	0.05	0.85	0.05	0.05
1	32	7	left	middle	0	1	0.05	0.05	0.05	0.85	0.05	0.85	0.05	0.05	0.05	0.85	0.05	0.05	0.05	0.85	0.05	0.05
1	33	9	left	middle	0	1	0.05	0.05	0.05	0.85	0.05	0.85	0.05	0.05	0.05	0.85	0.05	0.05	0.05	0.85	0.05	0.05
1	34	10	right	right	1	0	0.05	0.05	0.05	0.85	0.05	0.85	0.05	0.05	0.05	0.85	0.05	0.05	0.05	0.85	0.05	0.05
1	35	7	middle	middle	1	0	0.05	0.05	0.05	0.85	0.05	0.85	0.05	0.05	0.05	0.85	0.05	0.05	0.05	0.85	0.05	0.05
1	36	9	middle	middle	1	0	0.05	0.05	0.05	0.85	0.05	0.85	0.05	0.05	0.05	0.85	0.05	0.05	0.05	0.85	0.05	0.05
1	37	11	middle	middle	1	0	0.05	0.05	0.05	0.85	0.05	0.85	0.05	0.05	0.05	0.85	0.05	0.05	0.05	0.85	0.05	0.05
1	38	6	middle	middle	1	0	0.05	0.05	0.05	0.85	0.05	0.85	0.05	0.05	0.05	0.85	0.05	0.05	0.05	0.85	0.05	0.05
1	39	14	left	left	1	0	0.05	0.05	0.05	0.85	0.05	0.85	0.05	0.05	0.05	0.85	0.05	0.05	0.05	0.85	0.05	0.05
1	40	10	middle	right	0	2	0.05	0.05	0.05	0.85	0.05	0.85	0.05	0.05	0.05	0.85	0.05	0.05	0.05	0.85	0.05	0.05
1	41	8	left	left	1	0	0.05	0.05	0.05	0.85	0.05	0.85	0.05	0.05	0.05	0.85	0.05	0.05	0.05	0.85	0.05	0.05
1	42	7	left	left	1	0	0.05	0.05	0.05	0.85	0.05	0.85	0.05	0.05	0.05	0.85	0.05	0.05	0.05	0.85	0.05	0.05
1	43	6	right	middle	0	1	0.05	0.05	0.05	0.85	0.05	0.85	0.05	0.05	0.05	0.85	0.05	0.05	0.05	0.85	0.05	0.05
1	44	11	left	left	1	0	0.05	0.05	0.05	0.85	0.05	0.85	0.05	0.05	0.05	0.85	0.05	0.05	0.05	0.85	0.05	0.05
1	45	16	left	left	1	0	0.05	0.05	0.05	0.85	0.05	0.85	0.05	0.05	0.05	0.85	0.05	0.05	0.05	0.85	0.05	0.05
1	46	9	right	left	0	1	0.05	0.05	0.05	0.85	0.05	0.85	0.05	0.05	0.05	0.85	0.05	0.05	0.05	0.85	0.05	0.05
1	47	10	middle	middle	1	0	0.05	0.05	0.05	0.85	0.05	0.85	0.05	0.05	0.05	0.85	0.05	0.05	0.05	0.85	0.05	0.05
1	48	14	right	middle	0	1	0.05	0.05	0.05	0.85	0.05	0.85	0.05	0.05	0.05	0.85	0.05	0.05	0.05	0.85	0.05	0.05
1	49	6	right	right	1	0	0.05	0.05	0.05	0.85	0.05	0.85	0.05	0.05	0.05	0.85	0.05	0.05	0.05	0.85	0.05	0.05
1	50	12	middle	middle	1	0	0.05	0.05	0.05	0.85	0.05	0.85	0.05	0.05	0.05	0.85	0.05	0.05	0.05	0.85	0.05	0.05
2	1	18	middle	middle	1	0	0.05	0.05	0.05	0.85	0.05	0.85	0.05	0.05	0.05	0.85	0.05	0.05	0.05	0.85	0.05	0.05
2	2	13	left	right	0	1	0.05	0.05	0.05	0.85	0.05	0.85	0.05	0.05	0.05	0.85	0.05	0.05	0.05	0.85	0.05	0.05
2	3	8	left	left	1	0	0.05	0.05	0.05	0.85	0.05	0.85	0.05	0.05	0.05	0.85	0.05	0.05	0.05	0.85	0.05	0.05
2	4	12	left	middle	0	1	0.05	0.05	0.05	0.85	0.05	0.85	0.05	0.05	0.05	0.85	0.05	0.05	0.05	0.85	0.05	0.05
2	5	8	left	middle	0	1	0.05	0.05	0.05	0.85	0.05	0.85	0.05	0.05	0.05	0.85	0.05	0.05	0.05	0.85	0.05	0.05
2	6	8	right	left	0	1	0.05	0.05	0.05	0.85	0.05	0.85	0.05	0.05	0.05	0.85	0.05	0.05	0.05	0.85	0.05	0.05
2	7	10	left	left	1	0	0.05	0.05	0.05	0.85	0.05	0.85	0.05	0.05	0.05	0.85	0.05	0.05	0.05	0.85	0.05	0.05
2	8	12	middle	right	0	1	0.05	0.05	0.05	0.85	0.05	0.85	0.05	0.05	0.05	0.85	0.05	0.05	0.05	0.85	0.05	0.05
2	9	7	right	right	1	0	0.05	0.05	0.05	0.85	0.05	0.85	0.05	0.05	0.05	0.85	0.05	0.05	0.05	0.85	0.05	0.05
2	10	17	left	left	1	0	0.05	0.05	0.05	0.85	0.05	0.85	0.05	0.05	0.05	0.85	0.05	0.05	0.05	0.85	0.05	0.05
2	11	10	right	right	1	0	0.05	0.05	0.05	0.85	0.05	0.85	0.05	0.05	0.05	0.85	0.05	0.05	0.05	0.85	0.05	0.05
2	12	14	middle	middle	1	0	0.05	0.05	0.05	0.85	0.05	0.85	0.05	0.05	0.05	0.85	0.05	0.05	0.05	0.85	0.05	0.05
2	13	11	middle	right	0	1	0.05	0.05	0.05	0.85	0.05	0.85	0.05	0.05	0.05	0.85	0.05	0.05	0.05	0.85	0.05	0.05
2	14	9	right	left	0	2	0.05	0.05	0.05	0.85	0.05	0.85	0.05	0.05	0.05	0.85	0.05	0.05	0.05	0.85	0.05	0.05
2	15	20	left	left	1	0	0.05	0.05	0.05	0.85	0.05	0.85	0.05	0.05	0.05	0.85	0.05	0.05	0.05	0.85	0.05	0.05
2	16	12	right	right	1	0	0.05	0.05	0.05	0.85	0.05	0.85	0.05	0.05	0.05	0.85	0.05	0.05	0.05	0.85	0.05	0.05
2	17	10	right	right	1	0	0.05	0.05	0.05	0.85	0.05	0.85	0.05	0.05	0.05	0.85	0.05	0.05	0.05	0.85	0.05	0.05
2	18	20	left	right	0	1	0.05	0.05	0.05	0.85	0.05	0.85	0.05	0.05	0.05	0.85	0.05	0.05	0.05	0.85	0.05	0.05
2	19	9	middle	middle	1	0	0.05	0.05	0.05	0.85	0.05	0.85	0.05	0.05	0.05	0.85	0.05	0.05	0.05	0.85	0.05	0.05
2	20	23	right	left	0	2	0.05	0.05	0.05	0.85	0.05	0.85	0.05	0.05	0.05	0.85	0.05	0.05	0.05	0.85	0.05	0.05
2	21	10	middle	middle	1	0	0.05	0.05	0.05	0.85	0.05	0.85	0.05	0.05	0.05	0.85	0.05	0.05	0.05	0.85	0.05	0.05
2	22	8	middle	middle	1	0	0.05	0.05	0.05	0.85	0.05	0.85	0.05	0.05	0.05	0.85	0.05	0.05	0.05	0.85	0.05	0.05
2	23	9	left	left	1	0	0.05	0.05	0.05	0.85	0.05	0.85	0.05	0.05	0.05	0.85	0.05	0.05	0.05	0.85	0.05	0.05
2	24	9	left	right	0	1	0.05	0.05	0.05	0.85	0.05	0.85	0.05	0.05	0.05	0.85	0.05	0.05	0.05	0.85	0.05	0.05
2	25	10	right	left	0	1	0.05	0.05	0.05	0.85	0.05	0.85	0.05	0.05	0.05	0.85	0.05	0.05	0.05	0.85	0.05	0.05
2	26	22	middle	left	0	1	0.05	0.05	0.05	0.85	0.05	0.85	0.05	0.05	0.05	0.85	0.05	0.05	0.05	0.85	0.05	0.05
2	27	17	right	right	1	0	0.05	0.05	0.05	0.85	0.05	0.85	0.05	0.05	0.05	0.85	0.05	0.05	0.05	0.85	0.05	0.05
2	28	7	middle	middle	1	0	0.05	0.05	0.05	0.85	0.05	0.85	0.05	0.05	0.05	0.85	0.05	0.05	0.05	0.85	0.05	0.05
2	29	11	left	left	1	0	0.05	0.05	0.05	0.85	0.05	0.85	0.05	0.05	0.05	0.85	0.05	0.05	0.05	0.85	0.05	0.05
2	30	17	right	left	0	1	0.05	0.05	0.05	0.85	0.05	0.85	0.05	0.05	0.05	0.85	0.05	0.05	0.05	0.85	0.05	0.05
2	31	11	right	left	0	1	0.05	0.05	0.05	0.85	0.05	0.85	0.05	0.05	0.05	0.85	0.05	0.05	0.05	0.85	0.05	0.05
2	32	7	middle	middle	1	0	0.05	0.05	0.05	0.85	0.05	0.85	0.05	0.05	0.05	0.85	0.05	0.05	0.05	0.85	0.05	0.05
2	33	7	left	middle	0	2	0.05	0.05	0.05	0.85	0.05	0.85	0.05	0.05	0.05	0.85	0.05	0.05	0.05	0.85	0.05	0.05
2	34	10	right	middle	0	1	0.05	0.05	0.05	0.85	0.05	0.85	0.05	0.05	0.05	0.85	0.05	0.05	0.05	0.85	0.05	0.05
2	35	14	right	middle	0	1	0.05	0.05	0.05	0.85	0.05	0.85	0.05	0.05	0.05	0.85	0.05	0.05	0.05	0.85	0.05	0.05
2	36	7	middle	middle	1	0	0.05	0.05	0.05	0.85	0.05	0.85	0.05	0.05	0.05	0.85	0.05	0.05	0.05	0.85	0.05	0.05
2	37	8	middle	middle	1	0	0.05	0.05	0.05	0.85	0.05	0.85	0.05	0.05	0.05	0.85	0.05	0.05	0.05	0.85	0.05	0.05
2	38	8	left	left	1	0	0.05	0.05	0.05	0.85	0.05	0.85	0.05	0.05	0.05	0.85	0.05	0.05	0.05	0.85	0.05	0.05
2	39	13	middle	middle	1	0	0.05	0.05	0.05	0.85	0.05	0.85	0.05	0.05	0.05	0.85	0.05	0.05	0.05	0.85	0.05	0.05
2	40	14	middle	right	0	2	0.05	0.05	0.05	0.85	0.05	0.85	0.05	0.05	0.05	0.85	0.05	0.05	0.05	0.85	0.05	0.05
2	41	7	left	left	1	0	0.05	0.05	0.05	0.85	0.05	0.85	0.05	0.05	0.05	0.85	0.05	0.05	0.05	0.85	0.05	0.05
2	42	10	left	middle	0	1	0.05	0.05	0.05	0.85	0.05	0.85	0.05	0.05	0.05	0.85	0.05	0.05	0.05	0.85	0.05	0.05
2	43	9	right	middle	0	1	0.05	0.05	0.05	0.85	0.05	0.85	0.05	0.05	0.05	0.85	0.05	0.05	0.05	0.85	0.05	0.05
2	44	10	left	left	1	0	0.05	0.05	0.05	0.85	0.05	0.85	0.05	0.05	0.05	0.85	0.05	0.05	0.05	0.85	0.05	0.05
2	45	13	middle	left	0	2	0.05	0.05	0.05	0.85	0.05	0.85	0.05	0.05	0.05	0.85	0.05	0.05	0.05	0.85	0.05	0.05
2	46	6	left	right	0	1	0.05	0.05	0.05	0.85	0.05	0.85	0.05	0.05	0.05	0.85	0.05	0.05	0.05	0.85	0.05	0.05
2	47	12	middle	left	0	1	0.05	0.05	0.05	0.85	0.05	0.85	0.05	0.05	0.05	0.85	0.05	0.05	0.05	0.85	0.05	0.05
2	48	17	right	right	1	0	0.05	0.05	0.05	0.85	0.05	0.85	0.05	0.05	0.05	0.85	0.05	0.05	0.05	0.85	0.05	0.05
2	49	9	left	middle	0	1	0.05	0.05	0.05	0.85	0.05	0.85	0.05	0.05	0.05	0.85	0.05	0.05	0.05	0.85	0.05	0.05
2	50	10	right	right	1	0	0.05	0.05	0.05	0.85	0.05	0.85	0.05	0.05	0.05	0.85	0.05	0.05	0.05	0.85	0.05	0.05
3	1	10	middle	right	0	1	0.05	0.05	0.05	0.85	0.05	0.85	0.05	0.05	0.05	0.85	0.05	0.05	0.05	0.85	0.05	0.05
3	2	14	left	middle	0	2	0.05	0.05	0.05	0.85	0.05	0.85	0.05	0.05	0.05	0.85	0.05	0.05	0.05	0.85	0.05	0.05
3	3	6	middle	middle	1	0	0.05	0.05	0.05	0.85	0.05	0.85	0.05	0.05	0.05	0.85	0.05	0.05	0.05	0.85	0.05	0.05
3	4	6	middle	middle	1	0	0.05	0.05	0.05	0.85	0.05	0.85	0.05	0.05	0.05	0.85	0.05	0.05	0.05	0.85	0.05	0.05
3	5	9	left	middle	0	1	0.05	0.05	0.05	0.85	0.05	0.85	0.05	0.05	0.05	0.85	0.05	0.05	0.05	0.85	0.05	0.05
3	6	14	right	middle	0	2	0.05	0.05	0.05	0.85	0.05	0.85	0.05	0.05	0.05	0.85	0.05	0.05	0.05	0.85	0.05	0.05
3	7	15	right	right	1	0	0.05	0.05	0.05	0.85	0.05	0.85	0.05	0.05	0.05	0.85	0.05	0.05	0.05	0.85	0.05	0.05
3	8	17	left	left	1	0	0.05	0.05	0.05	0.85	0.05	0.85	0.05	0.05	0.05	0.85	0.05	0.05	0.05	0.85	0.05	0.05
3	9	11	right	middle	0	1	0.05	0.05	0.05	0.85	0.05	0.85	0.05	0.05	0.05	0.85	0.05	0.05	0.05	0.85	0.05	0.05
3	10	8	middle	middle	1	0	0.05	0.05	0.05	0.85	0.05	0.85	0.05	0.05	0.05	0.85	0.05	0.05	0.05	0.85	0.05	0.05
3	11	9	middle	left	0	1	0.05	0.05	0.05	0.85	0.05	0.85	0.05	0.05	0.05	0.85	0.05	0.05	0.05	0.85	0.05	0.05
3	12	22	left	left	1	0	0.05	0.05	0.05	0.85	0.05	0.85	0.05	0.05	0.05	0.85	0.05	0.05	0.05	0.85	0.05	0.05
3	13	15	right	right	1	0	0.05	0.05	0.05	0.85	0.05	0.85	0.05	0.05	0.05	0.85	0.05	0.05	0.05	0.85	0.05	0.05
3	14	15	middle	middle	1	0	0.05	0.05	0.05	0.85	0.05	0.85	0.05	0.05	0.05	0.85	0.05	0.05	0.05	0.85	0.05	0.05
3	15	12	middle	middle	1	0	0.05	0.05	0.05	0.85	0.05	0.85	0.05	0.05	0.05	0.85	0.05	0.05	0.05	0.85	0.05	0.05
3	16	13	right	right	1	0	0.05	0.05	0.05	0.85	0.05	0.85	0.05	0.05	0.05	0.85	0.05	0.05	0.05	0.85	0.05	0.05
3	17	16	middle	middle	1	0	0.05	0.05	0.05	0.85	0.05	0.85	0.05	0.05	0.05	0.85	0.05	0.05	0.05	0.85	0.05	0.05
3	18	24	right	right	1	0	0.05	0.05	0.05	0.85	0.05	0.85	0.05	0.05	0.05	0.85	0.05	0.05	0.05	0.85	0.05	0.05
3	19	14	middle	right	0	1	0.05	0.05	0.05	0.85	0.05	0.85	0.05	0.05	0.05	0.85	0.05	0.05	0.05	0.85	0.05	0.05
3	20	10	middle	middle	1	0	0.05	0.05	0.05	0.85	0.05	0.85	0.05	0.05	0.05	0.85	0.05	0.05	0.05	0.85	0.05	0.05
3	21	10	left	left	1	0	0.05	0.05	0.05	0.85	0.05	0.85	0.05	0.05	0.05	0.85	0.05	0.05	0.05	0.85	0.05	0.05
3	22	19	middle	middle	1	0	0.05	0.05	0.05	0.85	0.05	0.85	0.05	0.05	0.05	0.85	0.05	0.05	0.05	0.85	0.05	0.05
3	23	13	left	left	1	0	0.05	0.05	0.05	0.85	0.05	0.85	0.05	0.05	0.05	0.85	0.05	0.05	0.05	0.85	0.05	0.05
3	24	15	left	left	1	0	0.05	0.05	0.05	0.85	0.05	0.85	0.05	0.05	0.05	0.85	0.05	0.05	0.05	0.85	0.05	0.05
3	25	11	middle	middle	1	0	0.05	0.05	0.05	0.85	0.05	0.85	0.05	0.05	0.05	0.85	0.05	0.05	0.05	0.85	0.05	0.05
3	26	14	left	left	1	0	0.05	0.05	0.05	0.85	0.05	0.85	0.05	0.05	0.05	0.85	0.05	0.05	0.05	0.85	0.05	0.05
3	27	20	left	left	1	0	0.05	0.05	0.05	0.85	0.05	0.85	0.05	0.05	0.05	0.85	0.05	0.05	0.05	0.85	0.05	0.05
3	28	16	left	left	1	0	0.05	0.05	0.05	0.85	0.05	0.85	0.05	0.05	0.05	0.85	0.05	0.05	0.05	0.85	0.05	0.05
3	29	10	right	middle	0	1	0.05	0.05	0.05	0.85	0.05	0.85	0.05	0.05	0.05	0.85	0.05	0.05	0.05	0.85	0.05	0.05
3	30	9	right	left	0	1	0.05	0.05	0.05	0.85	0.05	0.85	0.05	0.05	0.05	0.85	0.05	0.05	0.05	0.85	0.05	0.05
3	31	12	right	middle	0	1	0.05	0.05	0.05	0.85	0.05	0.85	0.05	0.05	0.05	0.85	0.05	0.05	0.05	0.85	0.05	0.05
3	32	8	middle	middle	1	0	0.05	0.05	0.05	0.85	0.05	0.85	0.05	0.05	0.05	0.85	0.05	0.05	0.05	0.85	0.05	0.05
3	33	25	left	left	1	0	0.05	0.05	0.05	0.85	0.05	0.85	0.05	0.05	0.05	0.85	0.05	0.05	0.05	0.85	0.05	0.05
3	34	8	middle	middle	1	0	0.05	0.05	0.05	0.85	0.05	0.85	0.05	0.05	0.05	0.85	0.05	0.05	0.05	0.85	0.05	0.05
3	35	13	middle	left	0	1	0.05	0.05	0.05	0.85	0.05	0.85	0.05	0.05	0.05	0.85	0.05	0.05	0.05	0.85	0.05	0.05
3	36	10	middle	middle	1	0	0.05	0.05	0.05	0.85	0.05	0.85	0.05	0.05	0.05	0.85	0.05	0.05	0.05	0.85	0.05	0.05
3	37	16	left	left	1	0	0.05	0.05	0.05	0.85	0.05	0.85	0.05	0.05	0.05	0.85	0.05	0.05	0.05	0.85	0.05	0.05
3	38	17	left	middle	0	1	0.05	0.05	0.05	0.85	0.05	0.85	0.05	0.05	0.05	0.85	0.05	0.05	0.05	0.85	0.05	0.05
3	39	9	left	left	1	0	0.05	0.05	0.05	0.85	0.05	0.85	0.05	0.05	0.05	0.85	0.05	0.05	0.05	0.85	0.05	0.05
3	40	10	right	middle	0	1	0.05	0.05	0.05	0.85	0.05	0.85	0.05	0.05	0.05	0.85	0.05	0.05	0.05	0.85	0.05	0.05
3	41	10	left	left	1	0	0.05	0.05	0.05	0.85	0.05	0.85	0.05	0.05	0.05	0.85	0.05	0.05	0.05	0.85	0.05	0.05
3	42	13	middle	middle	1	0	0.05	0.05	0.05	0.85	0.05	0.85	0.05	0.05	0.05	0.85	0.05	0.05	0.05	0.85	0.05	0.05
3	43	11	left	right	0	1	0.05	0.05	0.05	0.85	0.05	0.85	0.05	0.05	0.05	0.85	0.05	0.05	0.05	0.85	0.05	0.05
3	44	12	left	left	1	0	0.05	0.05	0.05	0.85	0.05	0.85	0.05	0.05	0.05	0.85	0.05	0.05	0.05	0.85	0.05	0.05
3	45	9	right	left	0	1	0.05	0.05	0.05	0.85	0.05	0.85	0.05	0.05	0.05	0.85	0.05	0.05	0.05	0.85	0.05	0.05
3	46	10	middle	right	0	1	0.05	0.05	0.05	0.85	0.05	0.85	0.05	0.05	0.05	0.85	0.05	0.05	0.05	0.85	0.05	0.05
3	47	9	middle	middle	1	0	0.05	0.05	0.05	0.85	0.05	0.85	0.05	0.05	0.05	0.85	0.05	0.05	0.05	0.85	0.05	0.05
3	48	11	left	left	1	0	0.05	0.05	0.05	0.85	0.05	0.85	0.05	0.05	0.05	0.85	0.05	0.05	0.05	0.85	0.05	0.05
3	49	10	left	left	1	0	0.05	0.05	0.05	0.85	0.05	0.85	0.05	0.05	0.05	0.85	0.05	0.05	0.05	0.85	0.05	0.05
3	50	11	right	right	1	0	0.05	0.05	0.05	0.85	0.05	0.85	0.05	0.05	0.05	0.85	0.05	0.05	0.05	0.85	0.05	0.05
