Trial	naoDecision	errpDetector	x01	x12	x32	x00	x33	x30	x31	x21	x02	x20	x13	x23	x22	x10	x03	x11
0	right	noError	0.3	0.3	0.192307692308	0.3	0.269230769231	0.269230769231	0.269230769231	0.291666666667	0.166666666667	0.208333333333	0.166666666667	0.291666666667	0.208333333333	0.3	0.233333333333	0.233333333333
1	middle	noError	0.375	0.285714285714	0.147928994083	0.3125	0.284023668639	0.284023668639	0.284023668639	0.243055555556	0.104166666667	0.173611111111	0.119047619048	0.326388888889	0.256944444444	0.357142857143	0.208333333333	0.238095238095
2	left	noError	0.338235294118	0.296703296703	0.11379153391	0.360294117647	0.29540282203	0.29540282203	0.29540282203	0.202546296296	0.120098039216	0.228009259259	0.0915750915751	0.355324074074	0.21412037037	0.428571428571	0.18137254902	0.18315018315
3	right	ERROR	0.397058823529	0.318831923328	0.0197021912998	0.267156862745	0.279146888614	0.422004031471	0.279146888614	0.146494708995	0.0334967320261	0.18287037037	0.148431994101	0.364748677249	0.305886243386	0.532573994833	0.302287581699	0.000162087737558
4	middle	noError	0.283613445378	0.349026602774	0.0123138695624	0.262254901961	0.299466805384	0.45125251967	0.236966805384	0.189611314611	0.0953548085901	0.14066951567	0.207026661751	0.357498982499	0.31222018722	0.443811662361	0.358776844071	0.000135073114632
5	middle	noError	0.322408963585	0.249304716267	0.00820924637493	0.174836601307	0.266311203589	0.434168346446	0.291311203589	0.172373922374	0.13023653906	0.127881377881	0.219304758393	0.415908165908	0.283836533837	0.531294044544	0.372517896047	9.64807961655e-05
6	middle	noError	0.34827264239	0.291087263556	0.00586374741066	0.116557734205	0.261650859707	0.524405961747	0.208079431135	0.123124230267	0.15349102604	0.162772412772	0.266087298661	0.368505832792	0.345597524169	0.44274503712	0.381678597365	8.04006634712e-05
7	left	noError	0.29884842826	0.223913279658	0.00390916494044	0.144371822803	0.241100573138	0.549603974498	0.205386287423	0.102603525223	0.16899401736	0.13564367731	0.281605614355	0.390421527326	0.371331270141	0.494419259323	0.387785731577	6.18466642086e-05
8	left	ERROR	0.186118084697	0.17701897094	0.00781832988088	0.271832416735	0.0822011462755	0.699207948997	0.210772574847	0.128254406528	0.000188286336943	0.169554596638	0.402293734792	0.238026909158	0.464164087676	0.42059894189	0.541861212231	8.83523774409e-05
9	left	noError	0.103398935943	0.147515809117	0.00558176215484	0.373240231519	0.0586860946463	0.713861408212	0.221870734987	0.128254406528	0.000104603520524	0.169554596638	0.418578112327	0.238026909158	0.464164087676	0.433832451575	0.523256229017	7.36269812008e-05
10	left	ERROR	0.0113297864764	0.210736870167	0.0111635243097	0.910800771731	0.117372189293	0.827722816423	0.0437414699746	0.128254406528	0.000348678401747	0.169554596638	0.597968731896	0.238026909158	0.464164087676	0.191189216535	0.0775207633913	0.000105181401715
11	middle	noError	0.093625312194	0.175614058473	0.00952375158474	0.840888612345	0.100131781216	0.85302803536	0.0373164318393	0.128254406528	0.000293229020302	0.169554596638	0.664973943246	0.238026909158	0.464164087676	0.159324347113	0.0651928464407	8.76511680961e-05
12	right	noError	0.0807803212214	0.175614058473	0.00952375158474	0.86271801179	0.100131781216	0.85302803536	0.0373164318393	0.128254406528	0.00025299925732	0.169554596638	0.664973943246	0.238026909158	0.464164087676	0.159324347113	0.056248667731	8.76511680961e-05
13	right	noError	0.0710355264671	0.175614058473	0.00865795598613	0.879278787711	0.0910288920148	0.866389123054	0.0339240289448	0.128254406528	0.000222479128181	0.169554596638	0.664973943246	0.238026909158	0.464164087676	0.159324347113	0.0494632066936	8.76511680961e-05
14	middle	noError	0.193596804619	0.196867184623	0.00701895390462	0.699484848365	0.1548659972	0.810613038513	0.0275020103826	0.19021200544	0.000158913662986	0.141295497198	0.689267102319	0.198355757632	0.47013673973	0.113803105081	0.106759433353	6.26079772115e-05
15	middle	noError	0.209649834391	0.269879258748	0.00638086718602	0.714002557622	0.140787270181	0.827830035012	0.0250018276206	0.135865718172	0.000113476109424	0.17235392657	0.626606456654	0.213111255451	0.478669099807	0.103457368255	0.0762341318772	5.69163429196e-05
16	middle	ERROR	0.0321661146377	0.385541798212	0.00967805852584	0.71334185874	0.000151673091505	0.952249223498	0.0379210448848	0.135865718172	0.000378253698081	0.17235392657	0.609437795219	0.213111255451	0.478669099807	0.00493909750734	0.254113772924	8.13090613137e-05
17	middle	noError	0.0202741480449	0.441401634738	0.00923786699052	0.630232182482	0.000144774475337	0.954421093772	0.0361962647624	0.196554765143	0.000238411494823	0.226961605475	0.55403435929	0.177592712876	0.398890916506	0.00449008864304	0.349255257979	7.3917328467e-05
18	left	noError	0.0121426237196	0.441401634738	0.00883601470627	0.598861635535	0.000138476706201	0.956403801208	0.034621707379	0.163795637619	0.000142789776698	0.189134671229	0.55403435929	0.23132726073	0.415742430422	0.00449008864304	0.388852950968	7.3917328467e-05
19	left	noError	0.00713835970622	0.441401634738	0.0951782916474	0.587817430158	0.000121099402296	0.874423545139	0.0302770638115	0.148905125108	8.39427138626e-05	0.171940610208	0.55403435929	0.301206600664	0.37794766402	0.00449008864304	0.404960267422	7.3917328467e-05
20	left	noError	0.0041694015417	0.441401634738	0.0845671104325	0.584025570737	0.000107598343593	0.888423738836	0.0269015523877	0.148905125108	4.90295943322e-05	0.171940610208	0.55403435929	0.301206600664	0.37794766402	0.00449008864304	0.411755998127	7.3917328467e-05
21	middle	noError	0.00217623946435	0.441401634738	0.0760853950618	0.52190268043	9.68066951607e-05	0.899614355194	0.0242034430492	0.148905125108	2.5591235826e-05	0.171940610208	0.55403435929	0.301206600664	0.37794766402	0.00449008864304	0.47589548887	7.3917328467e-05
22	right	noError	0.00128014086138	0.451168028949	0.0691505841424	0.483472164959	8.79832392776e-05	0.908764014799	0.0219974178192	0.290754270924	1.50536681329e-05	0.14328384184	0.545028632742	0.251005500553	0.314956386683	0.00374174053586	0.515232640512	6.15977737225e-05
23	middle	noError	0.000711189367435	0.501061844499	0.0633748543539	0.546373424977	8.06345317824e-05	0.916384404475	0.0201601066389	0.325628559103	8.36314896273e-06	0.119403201534	0.49548057522	0.292504583794	0.262463655569	0.00340158230533	0.452907022506	5.59979761113e-05
24	left	ERROR	0.00237063122478	0.626327305623	0.109278315011	0.821244749924	0.000139039463754	0.890410213863	0.000172431662565	0.325628559103	2.78771632091e-05	0.119403201534	0.369350719025	0.292504583794	0.262463655569	0.00425197788166	0.176356741688	6.99974701392e-05
25	left	noError	0.0017195243152	0.569388459658	0.0984942055132	0.725271963346	0.000125318381017	0.901225060829	0.000155415277112	0.354690465919	2.02205469479e-05	0.0995026679447	0.426682471841	0.243753819828	0.302053046308	0.00386543443788	0.272988291792	6.36340637629e-05
26	right	noError	0.0012509015307	0.608534963325	0.165594690459	0.7273967745	0.000104547427265	0.834171106214	0.000129655899221	0.324778904228	1.47098316117e-05	0.0710733342462	0.387893156219	0.245538442735	0.358609318791	0.00351403130716	0.271337614137	5.78491488754e-05
27	left	ERROR	0.00198946622576	0.608534963325	0.000298948916946	0.997828096284	0.000312543401503	0.999000902775	0.000387604906477	0.463969863183	2.33948975677e-05	0.101533334637	0.387893156219	0.0650549181923	0.369441883987	0.00351403130716	0.000159042592637	5.78491488754e-05
28	left	noError	0.0925433865811	0.644122693932	0.000298680374251	0.907291072959	0.000312262647024	0.999001800254	0.00038725672503	0.356899894756	2.12281045264e-05	0.155025642029	0.352630142017	0.0500422447633	0.438032218452	0.0031945739156	0.000144312355755	5.25901353412e-05
29	right	ERROR	0.000325143390312	0.634460991331	0.000331867082501	0.999136612745	0.000346958496693	0.998890889171	0.000430285250034	0.261499824593	6.90217787562e-05	0.0917094033814	0.360900202882	0.0834037412722	0.563387030753	0.00456367702228	0.000469222086141	7.51287647732e-05
30	right	noError	0.000324895369328	0.667691810301	0.000331867082501	0.999137271341	0.000346958496693	0.998890889171	0.000430285250034	0.237727113267	6.89691286025e-05	0.174281275801	0.328091093529	0.0758215829747	0.512170027957	0.00414879729299	0.000468864161216	6.82988770665e-05
31	left	noError	0.000324647751184	0.667691810301	0.000331867082501	0.999137928867	0.000346958496693	0.998890889171	0.000430285250034	0.237727113267	6.8916563964e-05	0.174281275801	0.328091093529	0.0758215829747	0.512170027957	0.00414879729299	0.000468506817639	6.82988770665e-05
32	left	noError	0.000324400534901	0.606992554819	0.000331532529435	0.999138585326	0.00034660873007	0.998892007258	0.000429851482248	0.237727113267	6.8864084633e-05	0.174281275801	0.38917372139	0.0758215829747	0.512170027957	0.00377163390271	0.000468150053997	6.20898882423e-05
33	left	noError	0.000324153719503	0.672493795683	0.000331532529435	0.999139240721	0.00034660873007	0.998892007258	0.000429851482248	0.241233652333	6.88116904023e-05	0.195915197001	0.324311434492	0.0541582735534	0.508692877112	0.00314302825226	0.000467793868881	5.17415735353e-05
34	left	noError	0.000323907304016	0.672493795683	0.000331532529435	0.999139895054	0.00034660873007	0.998892007258	0.000429851482248	0.241233652333	6.87593810651e-05	0.195915197001	0.324311434492	0.0541582735534	0.508692877112	0.00314302825226	0.000467438260887	5.17415735353e-05
35	right	noError	0.00032366128747	0.672493795683	0.000331198683566	0.999140548327	0.000346259702803	0.998893122982	0.000429418631384	0.241233652333	6.87071564157e-05	0.195915197001	0.324311434492	0.0541582735534	0.508692877112	0.00314302825226	0.000467083228615	5.17415735353e-05
36	right	ERROR	0.337339854363	0.672493795683	0.000367998537295	0.104226198011	0.000384733003115	0.998770136647	0.000477131812649	0.285165803733	0.0716108568935	0.231594199548	0.324311434492	0.000118211452247	0.483121785267	0.00314302825226	0.486823090732	5.17415735353e-05
37	middle	noError	0.281116545303	0.753273562191	0.000367583218488	0.0868551650091	0.000384298797986	0.998771524656	0.000476593327315	0.436203224296	0.143009047411	0.184218999749	0.244319661485	6.56730290264e-05	0.379512102926	0.00236779686733	0.489019242277	3.8979457356e-05
38	right	ERROR	0.253933202762	0.790390803129	0.000459479023109	0.000140204310069	0.000480373497483	0.99846440582	0.000595741659143	0.561602523371	0.200504848259	0.438003568411	0.206170944978	0.000156145788985	0.000237762428961	0.00338256695333	0.545421744669	5.568493908e-05
39	middle	noError	0.221208251726	0.825325669275	0.000458820343295	8.7627693793e-05	0.000479684864683	0.99846660715	0.000594887641907	0.508925017978	0.187815530162	0.490771975701	0.171809120815	0.000120112145373	0.000182894176124	0.00281880579445	0.590888590418	4.64041159e-05
40	right	ERROR	0.0530206293159	0.906657086593	0.00091764068659	0.000219069234482	0.000959369729366	0.9969332143	0.00118977528381	0.511156272472	0.469538825404	0.488464969626	0.0897614010189	0.000150140181717	0.000228617720155	0.00352350724306	0.477221476045	5.8005144875e-05
41	right	ERROR	0.13255157329	0.883321358241	0.00131091526656	0.000547673086206	0.00137052818481	0.995618877572	0.00169967897688	0.68526045412	0.673847063511	0.31410828271	0.112201751274	0.000250233636195	0.000381029533592	0.00440438405382	0.193053690113	7.25064310937e-05
42	left	ERROR	0.147279525877	0.708303395604	0.00131091526656	0.00060852565134	0.00137052818481	0.995618877572	0.00169967897688	0.000465463653772	0.637607848346	0.996596235731	0.280504378184	0.001164746626	0.001773553989	0.0110109601346	0.214504100125	0.000181266077734
43	left	noError	0.108111557201	0.708303395604	0.00130532700185	0.000446692473858	0.00136468579783	0.995637553738	0.00169243346202	0.000463930935324	0.733983528266	0.996607443937	0.280504378184	0.00116091124889	0.00176771387905	0.0110109601346	0.15745822206	0.000181266077734
44	left	noError	0.0737501483101	0.643912177821	0.00118208040695	0.000304718913029	0.00123583465367	0.905491265582	0.0920908193576	0.000462408429646	0.682098891226	0.99661857746	0.345913071077	0.00115710142757	0.00176191268277	0.0100099637587	0.243846241551	0.000164787343395
45	middle	noError	0.0520172736879	0.643912177821	0.00108010871055	0.000214923596225	0.00112922586854	0.913644023987	0.0841466414342	0.000460896035008	0.705247015122	0.996629637045	0.345913071077	0.00115331690748	0.00175615001253	0.0100099637587	0.242520787594	0.000164787343395
46	left	noError	0.0348022411986	0.676283798019	0.000910519088958	0.000143794980105	0.000951924282261	0.842904078225	0.155233478404	0.00045939365103	0.668984714256	0.996640623426	0.314466428251	0.00114955743742	0.00175042548587	0.00909996705335	0.296069249565	0.000149806675813
47	middle	noError	0.0243216642839	0.676283798019	0.000827744626325	0.000100491609488	0.000865385711146	0.857185525659	0.141121344004	0.000457901178655	0.698783505887	0.996651537326	0.314466428251	0.00114582276953	0.00174473872534	0.00909996705335	0.276794338219	0.000149806675813
48	middle	noError	0.0173587737965	0.614803452745	0.000666077883066	7.17225226526e-05	0.000696367290326	0.804609603127	0.194027951699	0.000456418520129	0.713645156703	0.996662379462	0.376787662047	0.00114211265918	0.00173908935847	0.00827269732123	0.268924346978	0.000136187887103
49	left	noError	0.0109432440001	0.649821320677	0.000514230542181	4.52150062492e-05	0.000537614802061	0.771950446335	0.22699770832	0.000454945578978	0.630352685273	0.996673150538	0.342534238224	0.00113842686498	0.00173347701768	0.00752063392839	0.35865885572	0.000123807170094
