Trial	nTrans	naoDecision	humanDecision	guessCorr	errpDetector	x01	x12	x32	x00	x33	x30	x31	x21	x02	x20	x13	x23	x22	x10	x03	x11
1	15	left	middle	0	ERROR	0.416666666667	0.277777777778	0.000222172850478	0.0833333333333	0.333259275717	0.111086425239	0.555432126194	0.25	0.25	0.25	0.166666666667	0.0833333333333	0.416666666667	0.277777777778	0.25	0.277777777778
2	11	right	left	0	ERROR	0.462962962963	0.438527250083	0.000370288084129	0.0925925925926	0.388765459528	0.185144042065	0.425720210324	0.1875	0.166666666667	0.3125	0.00015786981003	0.104166666667	0.395833333333	0.280657440053	0.277777777778	0.280657440053
3	15	left	middle	0	ERROR	0.453703703704	0.0642120834722	0.000462860105162	0.115740740741	0.360956824409	0.231430052581	0.407150262905	0.000319897632758	0.208333333333	0.359884836852	0.00026311635005	0.333226700789	0.306568564726	0.467762400089	0.222222222222	0.467762400089
4	15	right	left	0	ERROR	0.307407407407	0.214040278241	0.00066122872166	0.231481481481	0.515652606299	0.187757217973	0.295928947006	0.000319897632758	0.416666666667	0.359884836852	0.000877054500167	0.333226700789	0.306568564726	0.225874666963	0.0444444444444	0.559208000296
5	10	middle	middle	1	noError	0.33950617284	0.224314484458	0.000601117019691	0.276234567901	0.468775096636	0.261597470884	0.26902631546	0.000246075102121	0.347222222222	0.276834489886	0.000626467500119	0.333251308299	0.389668126712	0.161339047831	0.037037037037	0.613720000212
6	16	right	right	1	noError	0.293004115226	0.161822046554	0.000601117019691	0.384156378601	0.468775096636	0.261597470884	0.26902631546	0.000189288540093	0.298148148148	0.289872684528	0.000451938060147	0.25634716023	0.453590866702	0.116391123703	0.0246913580247	0.721334891683
7	17	middle	right	0	ERROR	0.37787058251	0.905221651344	0.000858738599558	0.366460164639	0.383964423765	0.373710672692	0.241466164943	0.000236610675117	0.255540288593	0.36234085566	0.00252811113086	0.195433950288	0.441988583377	0.0916908442467	0.000128964257795	0.000559393278371
8	28	right	right	1	noError	0.457570930888	0.91341899767	0.000715615499632	0.333211861552	0.319970353138	0.39475889391	0.284555137453	0.000109648001903	0.209141346231	0.399618283224	0.00230945568072	0.13690735774	0.463364711034	0.0837605351008	7.58613281146e-05	0.000511011548788
9	10	right	middle	0	ERROR	0.510815615554	0.9037988863	0.000715615499632	0.333159802218	0.319970353138	0.39475889391	0.284555137453	0.000274120004758	0.155916208902	0.24904570806	0.00256606186747	0.342268394351	0.408411777585	0.0930672612231	0.000108373325878	0.000567790609764
10	8	right	middle	0	ERROR	0.510815615554	0.879748607875	0.00102230785662	0.333159802218	0.314243361625	0.563941277014	0.120793053504	0.000391600006797	0.155916208902	0.355779582942	0.00320757733433	0.203240563359	0.440588253692	0.116334076529	0.000108373325878	0.000709738262205
11	22	middle	middle	1	noError	0.506759759722	0.892647196646	0.000786390658936	0.333224876386	0.318648739712	0.510724059242	0.169840810388	0.000206105266735	0.159947630564	0.397778727864	0.00286352126764	0.159600296505	0.442414870364	0.103855672855	6.77333286737e-05	0.000633609231033
12	11	middle	middle	1	noError	0.505633133101	0.903045805774	0.000655325549113	0.277687396988	0.265540616426	0.508936716035	0.22486734199	0.000137403511157	0.21662302547	0.331852485243	0.00258614948544	0.239733531003	0.428276580243	0.0937958093587	5.64444405614e-05	0.000572235382122
13	26	left	left	1	ERROR	0.352110443671	0.806091611548	0.000936179355876	0.592291323295	0.379343737752	0.441338165764	0.178381917128	0.00342900690544	0.0554100848993	0.00249557444098	0.00517229897088	0.991579844213	0.00249557444098	0.187591618717	0.000188148135205	0.00114447076424
14	11	right	right	1	noError	0.23355559643	0.806091611548	0.00078014946323	0.66323576897	0.399453114793	0.451115138137	0.148651597607	0.00340071244808	0.103083835547	0.00247498220348	0.00517229897088	0.991649323145	0.00247498220348	0.187591618717	0.000124799053038	0.00114447076424
15	28	left	left	1	noError	0.326001867893	0.837571598317	0.000487593414519	0.610937772722	0.312158196746	0.531946961335	0.155407248504	0.00337288387318	0.0629841073037	0.00245472902751	0.00433260397641	0.991717658072	0.00245472902751	0.157137125632	7.6252080709e-05	0.000958672074442
16	10	right	middle	0	ERROR	0.210003113155	0.921964497896	0.000609491768149	0.684896287871	0.265197745932	0.539933701669	0.19425906063	0.00421610484147	0.104973512173	0.00306841128438	0.00541575497051	0.98964707259	0.00306841128438	0.0714214070406	0.000127086801182	0.00119834009305
17	21	right	middle	0	ERROR	0.100031131554	0.88852071128	0.0012189835363	0.848962878706	0.330395491865	0.479867403338	0.188518121261	0.00702684140245	0.0497351217284	0.0051140188073	0.00773679281501	0.982745120983	0.0051140188073	0.102030581487	0.00127086801182	0.00171191441865
18	20	right	right	1	noError	0.206784378972	0.825422730362	0.000812655690865	0.689140821697	0.28693032791	0.519911602226	0.192345414174	0.00690832983984	0.103198904715	0.0050277680546	0.00638676332595	0.983036134051	0.0050277680546	0.166777311919	0.000875894615394	0.00141319439303
19	12	middle	middle	1	noError	0.290560270694	0.851357472681	0.000625119762204	0.563672015498	0.220715636854	0.630701232481	0.147958010903	0.00679376076894	0.145142074797	0.00494438658208	0.00543796248004	0.983317466067	0.00494438658208	0.142001310907	0.000625639010996	0.00120325393225
20	13	middle	middle	1	noError	0.327040180463	0.870581607748	0.000480861355541	0.509114676999	0.246704336041	0.639000948062	0.113813854541	0.00668294067837	0.163428049864	0.00486373355536	0.0047346635851	0.983589592211	0.00486373355536	0.123636093161	0.000417092673997	0.00104763550641
21	28	left	middle	0	ERROR	0.995166020244	0.991304341544	0.000988844448955	0.000783347454812	0.507323390446	0.491482124864	0.000205640240697	0.0133658813567	0.000783347454812	0.00972746711072	0.00699913703781	0.967179184422	0.00972746711072	0.000147827547026	0.00326728484596	0.00154869387091
22	17	left	left	1	noError	0.995188796385	0.991378449448	0.000618027780597	0.000779656576363	0.442077119029	0.55717632804	0.000128525150436	0.0129423956166	0.000779656576363	0.00941926120204	0.00693948757278	0.968219081979	0.00941926120204	0.000146567701127	0.00325189046235	0.00153549527794
23	26	left	left	1	noError	0.995211356659	0.991451297647	0.000308929467146	0.000776000679159	0.499813412757	0.499813412757	6.42450185663e-05	0.0125449597744	0.000776000679159	0.00913001397769	0.00688085204424	0.96919501227	0.00913001397769	0.000145329270403	0.00323664198294	0.00152252103795
24	14	right	right	1	noError	0.99523370412	0.99152291799	0.000193080916966	0.000772379268246	0.499883382973	0.499883382973	4.01531366039e-05	0.01217124194	0.000772379268246	0.00885802832661	0.00682320481765	0.970112701407	0.00885802832661	0.00014411171343	0.00322153734332	0.0015097654788
25	19	right	middle	0	ERROR	0.993191005886	0.987889882843	0.00192663574858	0.00110339895464	0.000997838511883	0.996674862279	0.000400663460763	0.0202854032334	0.00110339895464	0.0147633805443	0.00974743545378	0.950187835678	0.0147633805443	0.000205873876329	0.00460219620475	0.00215680782685
26	10	right	left	0	ERROR	0.991488757357	0.982699832633	0.00240829468573	0.0013792486933	0.00124729813985	0.995843577848	0.000500829325954	0.0289791474762	0.0013792486933	0.0210905436348	0.0139249077911	0.928839765254	0.0210905436348	0.000294105537613	0.00575274525594	0.00308115403836
27	13	middle	middle	1	noError	0.991559750345	0.982992366771	0.00239856509316	0.00136774426441	0.00124225901288	0.995860369936	0.000498805958415	0.110138781635	0.00136774426441	0.0180097854995	0.0136894470114	0.853841647366	0.0180097854995	0.00028913241174	0.00570476112589	0.00302905380594
28	16	left	left	1	noError	0.991629561889	0.983275144494	0.00238891476126	0.00135643128883	0.0012372609364	0.995877025228	0.00049679907394	0.214471830317	0.00135643128883	0.081607900044	0.0134618391721	0.691465872161	0.0124543974776	0.000284325146446	0.0056575755335	0.00297869118783
29	20	middle	right	0	ERROR	0.985736143243	0.994267307245	0.00477782952253	0.000200503838593	0.0024745218728	0.991754050457	0.00099359814788	0.190786383862	0.00271969680197	0.13601316674	0.000170462828158	0.652443120268	0.0207573291293	0.000484668685795	0.0113436561159	0.00507756124086
30	12	left	left	1	noError	0.897444297745	0.994299416878	0.0047392240426	0.000179959022523	0.00245452741631	0.991820678795	0.000985569746454	0.158988653219	0.00244102048857	0.113344305617	0.000169508041441	0.71036926689	0.0172977742744	0.000481953987064	0.0999347227436	0.00504912109306
31	9	middle	middle	1	noError	0.767703652623	0.994331165656	0.00470124120485	0.000138169015815	0.00243485543715	0.991886232528	0.000977670829787	0.14453513929	0.00187416776198	0.103040277833	0.000168563984832	0.736699333537	0.0157252493404	0.00047926979673	0.2302840106	0.00502100056206
32	9	middle	middle	1	ERROR	0.953862360889	0.993701295174	0.00671605886407	0.000197384308307	0.00347836491021	0.988408903612	0.00139667261398	0.180668924112	0.00267738251711	0.128800347292	0.000187293316481	0.670874166921	0.0196565616755	0.000532521996366	0.0432628722853	0.0055788895134
33	12	left	left	1	noError	0.955892945545	0.993740098456	0.00663976073348	0.000188697137586	0.00343884876756	0.988540584856	0.00138080564324	0.200477802937	0.00255954701533	0.163428819494	0.000186139492709	0.622052976372	0.0140404011968	0.000529241385237	0.0413588103025	0.00554452066639
34	12	right	right	1	ERROR	0.936989922207	0.991057283508	0.0094853724764	0.000269567339408	0.00491264109652	0.983629406937	0.00197257949035	0.286396861339	0.00365649573619	0.233469742134	0.000265913561012	0.460075680532	0.0200577159954	0.000756059121768	0.0590840147179	0.00792074380913
35	15	right	right	1	noError	0.940719277096	0.99113566828	0.0093335107216	0.000253612553912	0.00483398922496	0.983891501757	0.00194099829692	0.324264574226	0.00344008003366	0.28897982809	0.000263582773276	0.373383787021	0.0133718106636	0.000749432106123	0.0555870303163	0.00785131684022
36	14	left	right	0	ERROR	0.915313252994	0.985226113801	0.0133335867451	0.000362303648446	0.00690569889281	0.976987859652	0.00277285470989	0.373774290376	0.00491440004808	0.481633046816	0.000439304622127	0.122306311702	0.022286351106	0.00124905351021	0.0794100433091	0.013085528067
37	14	middle	left	0	ERROR	0.879018932849	0.970452227601	0.0133335867451	0.000517576640637	0.00690569889281	0.976987859652	0.00277285470989	0.184435725941	0.00702057149726	0.45408261704	0.000878609244254	0.305765779254	0.055715877765	0.00249810702041	0.113442919013	0.0261710561341
38	12	right	right	1	noError	0.892066098093	0.971297453653	0.0130349286309	0.000461758750153	0.00675101860699	0.977503307039	0.00271074572342	0.131739804244	0.00626344016597	0.395773297886	0.000853476269327	0.361261270896	0.111225626975	0.00242664765264	0.101208702991	0.0254224224247
39	16	middle	right	0	noError	0.902572125911	0.885962913372	0.0127493845791	0.000416812258009	0.00660313032453	0.977996121157	0.00265136393934	0.269837377652	0.0056537718833	0.247358311178	0.000756223944461	0.35078829431	0.132016016859	0.0907552866899	0.0913572899478	0.0225255759939
40	12	middle	right	0	ERROR	0.86081732273	0.954094350393	0.0127493845791	0.00059544608287	0.00660313032453	0.977996121157	0.00265136393934	0.11639562942	0.00807681697614	0.0789305186308	0.00148469970277	0.584647157183	0.220026694766	0.00019633069194	0.130510414211	0.0442246192123
41	14	left	left	1	noError	0.694817619441	0.956104989848	0.0124761093905	0.000413767806586	0.006461596302	0.978467760718	0.00259453358994	0.0969963578503	0.00561247599163	0.0657754321923	0.00141967076132	0.653872630986	0.183355578971	0.000187731527377	0.299156136761	0.0422876078638
42	6	right	middle	0	noError	0.662348016201	0.869186354407	0.0122143289694	0.000344806505488	0.00632601562149	0.978919561715	0.00254009369409	0.0881785071366	0.00467706332635	0.0597958474475	0.00129060978302	0.685338755442	0.166686889974	0.000170665024888	0.332630113967	0.129352370785
43	23	left	left	1	noError	0.6955574555	0.812455442889	0.0119633329997	0.000239856721269	0.00619602039792	0.979352750068	0.00248789653439	0.124246218377	0.00325349161565	0.105506362335	0.00104866780964	0.660191196356	0.110056222931	0.00013867159554	0.300949196163	0.186357217706
44	24	right	left	0	ERROR	0.391114911	0.995896831807	0.0199388883329	0.000479713442539	0.0103267006632	0.96558791678	0.00414649422398	0.248492436754	0.0065069832313	0.0110127246708	0.0033424444125	0.520382392713	0.220112445862	0.000441991348857	0.601898392326	0.000318732431926
45	9	left	left	1	noError	0.454703777692	0.995913191987	0.0192774392336	0.000369010340415	0.00998412455074	0.966729497046	0.00400893916957	0.207077030628	0.00500537171639	0.0925106038924	0.00332911739563	0.516985327261	0.183427038219	0.000440229037974	0.539921840251	0.000317461579827
46	14	left	left	1	ERROR	0.59117296282	0.994161702838	0.0321290653893	0.000615017234024	0.0166402075846	0.944549161743	0.00668156528261	0.152967186612	0.00834228619398	0.132158005561	0.00475588199376	0.595693324658	0.119181483169	0.000628898625678	0.399869733752	0.000453516542611
47	11	middle	middle	1	noError	0.608594586785	0.994195013575	0.030443966333	0.000473090180019	0.0157674651702	0.947457436668	0.00633113182878	0.194590143547	0.00641714322614	0.101660004277	0.00472874703805	0.612071788199	0.0916780639765	0.000625310408734	0.384515179809	0.000450928978135
48	19	middle	middle	1	noError	0.605729724523	0.994227943081	0.0289269622815	0.000315393453346	0.0149817821129	0.950075600168	0.00601565543751	0.263060095698	0.00427809548409	0.0677733361849	0.00470192263326	0.541381192132	0.127785375984	0.000621763257789	0.389676786539	0.00044837102751
49	22	right	right	1	noError	0.619792095787	0.994260497864	0.0251577217232	0.000242610348728	0.0999994278515	0.869611046823	0.0052318036027	0.348978997736	0.00329084268007	0.0356701769394	0.00467540347861	0.442832206386	0.172518618939	0.00061825647189	0.376674451184	0.000445842185258
50	11	middle	middle	1	noError	0.630609304452	0.994292684283	0.0204486284772	0.000186623345175	0.162562971353	0.812735900308	0.00425249986126	0.290815831447	0.00253141744621	0.0297251474495	0.0046491843933	0.535693505321	0.143765515783	0.000614789365948	0.366672654757	0.000443341957343
