Trial	nTrans	naoDecision	humanDecision	guessCorr	errpDetector	x01	x12	x32	x00	x33	x30	x31	x21	x02	x20	x13	x23	x22	x10	x03	x11
1	12	right	middle	0	ERROR	0.277777777778	0.0625	0.375	0.277777777778	0.125	0.375	0.125	0.357142857143	0.277777777778	0.357142857143	0.3125	0.0714285714286	0.214285714286	0.3125	0.166666666667	0.3125
2	28	left	right	0	ERROR	0.533173381319	0.16124871001	0.466542255399	0.233263354327	0.333244468142	0.199946680885	0.000266595574513	0.366581131069	0.233263354327	0.599860032659	0.000257997936017	0.00023327890159	0.0333255573699	0.290247678019	0.000299910026992	0.548245614035
3	29	right	left	0	ERROR	0.166691662917	0.992577825795	0.466542255399	0.166691662917	0.333244468142	0.199946680885	0.000266595574513	0.444301885116	0.166691662917	0.499766721098	0.00418103549197	0.000388798169316	0.0555425956166	0.00162056935669	0.499925011248	0.00162056935669
4	11	right	left	0	ERROR	0.208364578647	0.987629709658	0.407269172665	0.0833645786465	0.370271631269	0.222162978761	0.000296217305015	0.240503141859	0.208364578647	0.666277868497	0.00696839248662	0.00064799694886	0.0925709926943	0.00270094892782	0.49990626406	0.00270094892782
5	26	left	middle	0	ERROR	0.0213526226902	0.975259419315	0.512115287775	0.212808375506	0.283786052114	0.203604964602	0.000493695508358	0.302664001871	0.000255274337088	0.000747260553072	0.0139367849732	0.00484222558394	0.691746511992	0.00540189785563	0.765583727466	0.00540189785563
6	11	right	left	0	noError	0.0213526226902	0.975854381379	0.512115287775	0.212808375506	0.283786052114	0.203604964602	0.000493695508358	0.374755274521	0.000255274337088	0.000464669920281	0.0136016328418	0.00301104690569	0.621769008653	0.00527199288947	0.765583727466	0.00527199288947
7	14	right	left	0	ERROR	0.0213526226902	0.965506259113	0.668677529024	0.212808375506	0.000162254968175	0.330359170518	0.000801045489968	0.249184248405	0.000255274337088	0.00154889973427	0.0194309040597	0.010036823019	0.739230028842	0.00753141841353	0.765583727466	0.00753141841353
8	18	right	middle	0	ERROR	0.0266907783627	0.913765647783	0.71084691128	0.266010469383	0.000202818710219	0.287948963147	0.00100130686246	0.000153629712839	0.00031909292136	0.00237957021392	0.0485772601492	0.0154195423822	0.982047257691	0.0188285460338	0.706979659333	0.0188285460338
9	7	middle	left	0	ERROR	0.0266907783627	0.913765647783	0.71084691128	0.266010469383	0.000202818710219	0.287948963147	0.00100130686246	0.000512099042797	0.00031909292136	0.00793190071308	0.0485772601492	0.0513984746074	0.940157525637	0.0188285460338	0.706979659333	0.0188285460338
10	10	right	right	1	ERROR	0.0333634729534	0.913765647783	0.729781301829	0.332513086729	0.000289741014598	0.268498518782	0.00143043837494	0.000864786609433	0.0003988661517	0.000168870967755	0.0485772601492	0.0867971014806	0.912169240942	0.0188285460338	0.633724574166	0.0188285460338
11	12	middle	left	0	ERROR	0.0333634729534	0.913765647783	0.699757002032	0.332513086729	0.000321934460665	0.298331687535	0.00158937597216	0.00983485891285	0.0003988661517	0.00192049937433	0.0485772601492	0.987107383249	0.00113725846418	0.0188285460338	0.633724574166	0.0188285460338
12	10	left	middle	0	ERROR	0.0333634729534	0.904184053092	0.499595003386	0.332513086729	0.000536557434441	0.497219479226	0.0026489599536	0.0196697178257	0.0003988661517	0.00384099874866	0.0539747334991	0.974214766497	0.00227451692836	0.0209206067042	0.633724574166	0.0209206067042
13	13	right	right	1	ERROR	0.124682752776	0.904184053092	0.993466604387	0.000373710353685	0.00106696802178	0.000198854391588	0.00526757319914	0.0196697178257	0.00149060410625	0.00384099874866	0.0539747334991	0.974214766497	0.00227451692836	0.0209206067042	0.873452932764	0.0209206067042
14	13	middle	left	0	noError	0.113347957069	0.904184053092	0.993508367627	0.000339736685168	0.00106014767239	0.000197583260308	0.00523390144057	0.0191771482939	0.00135509464204	0.00374481236855	0.0539747334991	0.974860480915	0.00221755842247	0.0209206067042	0.884957211604	0.0209206067042
15	10	middle	left	0	ERROR	0.113347957069	0.893537836769	0.989180612711	0.000339736685168	0.00176691278732	0.000329305433847	0.00872316906762	0.0383542965877	0.00135509464204	0.00748962473709	0.0599719261101	0.94972096183	0.00443511684494	0.0232451185603	0.884957211604	0.0232451185603
16	8	right	middle	0	ERROR	0.0148310634097	0.881708707522	0.984543732445	0.000377485205742	0.00252416112475	0.000470436334067	0.0124616700966	0.0547918522682	0.00150566071338	0.0106994639101	0.0666354734557	0.928172802615	0.00633588120705	0.0258279095114	0.983285790671	0.0258279095114
17	8	left	middle	0	ERROR	0.0148310634097	0.881708707522	0.974239554074	0.000377485205742	0.00420693520791	0.000784060556778	0.020769450161	0.0913197537803	0.00150566071338	0.0178324398502	0.0666354734557	0.880288004358	0.0105598020118	0.0258279095114	0.983285790671	0.0258279095114
18	10	right	left	0	ERROR	0.0148310634097	0.868565230579	0.957065923457	0.000377485205742	0.00701155867985	0.00130676759463	0.0346157502683	0.000196548511352	0.00150566071338	0.0350493950634	0.0740394149507	0.943998922769	0.0207551336559	0.0286976772349	0.983285790671	0.0286976772349
19	11	middle	left	0	ERROR	0.0148310634097	0.868565230579	0.914131846914	0.000377485205742	0.0140231173597	0.00261353518926	0.0692315005367	0.000491371278381	0.00150566071338	0.0876234876586	0.0740394149507	0.859997306923	0.0518878341397	0.0286976772349	0.983285790671	0.0286976772349
20	15	middle	middle	1	ERROR	0.0148310634097	0.868565230579	0.748511536263	0.000377485205742	0.000349556381757	0.00913577904351	0.242003128312	0.00122842819595	0.00150566071338	0.219058719146	0.0740394149507	0.649993267309	0.129719585349	0.0286976772349	0.983285790671	0.0286976772349
21	14	left	left	1	ERROR	0.0185388292621	0.868565230579	0.497023072526	0.000471856507178	0.000699112763514	0.018271558087	0.484006256624	0.00331666618255	0.00188207589173	0.0514571462002	0.0740394149507	0.944956194939	0.000269992677918	0.0286976772349	0.979107238339	0.0286976772349
22	11	middle	middle	1	noError	0.018161207601	0.883823274089	0.497873623233	0.000462245153864	0.000499366259653	0.0130511129193	0.488575897589	0.00287171217164	0.00184373945664	0.131138108656	0.0654443025636	0.865756407904	0.000233771268121	0.0253662116737	0.979532807788	0.0253662116737
23	13	right	middle	0	ERROR	0.0201791195567	0.854779092611	0.395747246465	0.000513605726516	0.000998732519305	0.0261022258386	0.577151795177	0.00504728386089	0.00204859939627	0.000175758695831	0.0818053782046	0.994366084111	0.000410873332078	0.0317077645921	0.977258675321	0.0317077645921
24	13	right	middle	0	ERROR	0.0201791195567	0.757965154352	0.492912077442	0.000513605726516	0.00166455419884	0.043503709731	0.461919658628	0.0100945677218	0.00204859939627	0.000351517391662	0.136342297008	0.988732168222	0.000821746664155	0.0528462743201	0.977258675321	0.0528462743201
25	16	middle	middle	1	noError	0.0201791195567	0.805114699458	0.558070048401	0.000513605726516	0.00104034637428	0.0271898185819	0.413699786643	0.00998307838179	0.00204859939627	0.000347635061772	0.109782165695	0.988856615664	0.000812670892339	0.0425515674235	0.977258675321	0.0425515674235
26	13	right	right	1	ERROR	0.0252238994459	0.894571888286	0.334249619932	0.000642007158145	0.00219988153175	0.000211456644262	0.663339041892	0.0142615405454	0.00256074924533	0.000496621516817	0.0108690729947	0.98408087952	0.00116095841763	0.0472795193594	0.971573344151	0.0472795193594
27	11	right	middle	0	ERROR	0.0252238994459	0.868214860358	0.223749366554	0.000642007158145	0.00366646921958	0.000352427740437	0.772231736486	0.0285230810908	0.00256074924533	0.000993243033634	0.0135863412434	0.96816175904	0.00232191683525	0.0590993991993	0.971573344151	0.0590993991993
28	12	middle	right	0	ERROR	0.0252238994459	0.811735514797	0.0474987331077	0.000642007158145	0.00733293843915	0.000704855480873	0.944463472972	0.0475384684847	0.00256074924533	0.00165540505606	0.0194090589191	0.946936265067	0.00386986139209	0.0844277131418	0.971573344151	0.0844277131418
29	20	left	right	0	ERROR	0.0315298743073	0.999271907422	0.0949974662154	0.000802508947681	0.0146658768783	0.00140971096175	0.888926945945	0.000133548494181	0.00320093655667	0.00221076852495	0.000242697525841	0.997522134487	0.000133548494181	0.000242697525841	0.964466680188	0.000242697525841
30	8	right	middle	0	ERROR	0.0350331936748	0.999089884278	0.120948992944	0.000891676608535	0.000127318125169	0.0017948175668	0.877128871364	0.000166935617726	0.00355659617407	0.00276346065619	0.000303371907301	0.996902668108	0.000166935617726	0.000303371907301	0.960518533543	0.000303371907301
31	10	middle	left	0	ERROR	0.0350331936748	0.998699834683	0.201581654907	0.000891676608535	0.000212196875282	0.00299136261134	0.795214785607	0.000238479453894	0.00355659617407	0.00394780093742	0.000433388439002	0.995575240155	0.000238479453894	0.000433388439002	0.960518533543	0.000433388439002
32	28	middle	left	0	ERROR	0.0350331936748	0.993499173415	0.968503096402	0.000891676608535	0.00202313430458	0.0285203460626	0.000953423231086	0.0527054389741	0.00355659617407	0.872488501594	0.00216694219501	0.0221006204574	0.0527054389741	0.00216694219501	0.960518533543	0.00216694219501
33	16	left	right	0	ERROR	0.0700663873496	0.993499173415	0.937006192804	0.00178335321707	0.00404626860917	0.0570406921251	0.00190684646217	0.131763597435	0.00711319234815	0.681221253986	0.00216694219501	0.0552515511436	0.131763597435	0.00216694219501	0.921037067085	0.00216694219501
34	12	left	left	1	ERROR	0.100094839071	0.99277685935	0.910008846862	0.00254764745296	0.00578038372738	0.0814867030359	0.00272406637453	0.0558887259235	0.0101617033545	0.846719041424	0.00240771355001	0.0972162805238	0.000175952128966	0.00240771355001	0.887195810122	0.00240771355001
35	10	left	right	0	ERROR	0.142992627244	0.99277685935	0.85001474477	0.00363949636137	0.00963397287897	0.135811171726	0.00454011062422	0.0798410370336	0.0145167190779	0.781027202034	0.00240771355001	0.138880400748	0.000251360184237	0.00240771355001	0.838851157317	0.00240771355001
36	10	middle	middle	1	noError	0.123158149758	0.99277685935	0.79999343605	0.00313466258056	0.00770788585485	0.188666256154	0.00363242194051	0.0614161823335	0.0125031080039	0.754636309257	0.00240771355001	0.183754154422	0.000193353987874	0.00240771355001	0.861204079657	0.00240771355001
37	9	right	middle	0	ERROR	0.153947687198	0.991974288167	0.749991795063	0.0039183282257	0.00963485731856	0.235832820193	0.00454052742564	0.000156571995773	0.0156288850049	0.868405138686	0.00267523727779	0.131135551121	0.000302738197722	0.00267523727779	0.826505099571	0.00267523727779
38	11	middle	middle	1	noError	0.131198530982	0.991974288167	0.740717032716	0.00333930906319	0.00713741666531	0.248781968259	0.00336358235992	0.000138376232298	0.0133193735537	0.883698224523	0.00267523727779	0.115895843282	0.000267555963418	0.00267523727779	0.852142786401	0.00267523727779
39	10	left	left	1	noError	0.114308609371	0.991974288167	0.735662544387	0.0029094211072	0.00525125522988	0.256611491355	0.00247470902806	0.000106443255614	0.0116046960071	0.75669094194	0.00267523727779	0.242996802524	0.000205812279553	0.00267523727779	0.871177273515	0.00267523727779
40	10	right	right	1	noError	0.101272532827	0.99203739746	0.790911545581	0.00257762250988	0.00415369375948	0.20297728897	0.00195747168942	7.92454867506e-05	0.0102812637105	0.744411299195	0.00265420084673	0.25535623101	0.000153224308843	0.00265420084673	0.885868580952	0.00265420084673
41	17	middle	left	0	ERROR	0.00181790403918	0.991152663844	0.477278863953	0.00368231787126	0.0103842343987	0.507443222425	0.00489367922354	0.000178182342904	0.0146875195865	0.999252446422	0.00294911205192	0.000224848568935	0.000344522665693	0.00294911205192	0.979812258503	0.00294911205192
42	6	left	left	1	noError	0.0017821055633	0.991152663844	0.564399053294	0.00360980504075	0.00865352866558	0.422869352021	0.00407806601962	0.000178067034958	0.0143982904499	0.99925293019	0.00294911205192	0.000224703061663	0.000344299713182	0.00294911205192	0.980209798946	0.00294911205192
43	12	right	right	1	noError	0.00174769313411	0.991152663844	0.576266035529	0.00354009976463	0.00576901911039	0.415246234681	0.00271871067974	0.000177951887664	0.0141202596975	0.999253413284	0.00294911205192	0.000224557757118	0.000344077071297	0.00294911205192	0.980591947404	0.00294911205192
44	15	middle	middle	1	noError	0.00171458778301	0.991152663844	0.485166272206	0.00347304208538	0.00360563694399	0.509528896675	0.00169919417484	0.000177836900687	0.0138527893129	0.999253895705	0.00294911205192	0.000224412654876	0.00034385473939	0.00294911205192	0.980959580819	0.00294911205192
45	13	middle	middle	1	noError	0.00168271642849	0.991152663844	0.456777514804	0.00340848397021	0.00240375796266	0.539685931117	0.00113279611656	0.000177722073692	0.0135952888433	0.999254377455	0.00294911205192	0.000224267754517	0.000343632716816	0.00294911205192	0.981313510758	0.00294911205192
46	12	middle	middle	1	noError	0.00165201133754	0.991152663844	0.437851676536	0.0033462882202	0.00160250530844	0.559790620745	0.00075519741104	0.000177607406346	0.0133472110487	0.999254858535	0.00294911205192	0.000224123055619	0.00034341100293	0.00294911205192	0.981654489394	0.00294911205192
47	11	left	left	1	noError	0.00162240964515	0.991152663844	0.358567784357	0.003286327497	0.00106833687229	0.63986041383	0.000503464940693	0.000177492898317	0.0131080480196	0.999255338947	0.00294911205192	0.000223978557765	0.000343189597091	0.00294911205192	0.981983214838	0.00294911205192
48	19	left	left	1	noError	0.00159385292472	0.991229383376	0.358047186308	0.00322848345258	0.000684813950726	0.640945273994	0.000322725746934	0.000177378549275	0.0128773277056	0.999255818692	0.00292353887462	0.000223834260534	0.000342968498657	0.00292353887462	0.982300335917	0.00292353887462
49	7	left	left	1	noError	0.00156628680313	0.991229383376	0.327176561649	0.00317264594962	0.000489152821947	0.672103767139	0.000230518390667	0.000177378549275	0.0126546108063	0.999255818692	0.00292353887462	0.000223834260534	0.000342968498657	0.00292353887462	0.982606456441	0.00292353887462
50	8	right	right	1	noError	0.00153966061521	0.991229383376	0.328597355114	0.00311871236154	0.000376271401498	0.670849051645	0.000177321838975	0.000177264358888	0.0124394879791	0.999256297771	0.00292353887462	0.000223690163512	0.000342747706991	0.00292353887462	0.982902139044	0.00292353887462
