Trial	nTrans	naoDecision	humanDecision	guessCorr	errpDetector	x01	x12	x32	x00	x33	x30	x31	x21	x02	x20	x13	x23	x22	x10	x03	x11
1	9	left	middle	0	ERROR	0.277777777778	0.25	0.0908925649882	0.277777777778	0.000181785129976	0.454462824941	0.454462824941	0.214285714286	0.277777777778	0.214285714286	0.25	0.214285714286	0.357142857143	0.25	0.166666666667	0.25
2	16	left	middle	0	ERROR	0.355555555556	0.555432126194	0.129846521412	0.155555555556	0.000259693042823	0.506375464201	0.363518321344	0.142857142857	0.155555555556	0.142857142857	0.000222172850478	0.267857142857	0.446428571429	0.111086425239	0.333333333333	0.333259275717
3	15	right	middle	0	ERROR	0.283950617284	0.510864252388	0.0373081517646	0.172839506173	0.000324616303529	0.632969330252	0.32939790168	0.000279921621946	0.172839506173	0.119966409405	0.000444345700955	0.189946814892	0.689806854081	0.222172850478	0.37037037037	0.266518551433
4	9	middle	left	0	noError	0.258136924804	0.510864252388	0.124825592513	0.157126823793	0.000295105730481	0.575426663865	0.299452637891	0.000198512859066	0.248035914703	0.155994240552	0.000444345700955	0.134705154366	0.709102092223	0.222172850478	0.3367003367	0.266518551433
5	11	left	left	1	noError	0.238757949869	0.464422047626	0.104021327094	0.238084549196	0.000245921442068	0.562855553221	0.332877198243	0.000152702199282	0.232023943135	0.196918646579	0.000403950637232	0.103619349513	0.69930930171	0.292884409525	0.2911335578	0.242289592212
6	12	right	right	1	noError	0.260583038361	0.553685039688	0.0866844392453	0.18314196092	0.000204934535056	0.552379627684	0.360730998535	0.000109026998014	0.178479956258	0.211995300941	0.000336625531027	0.0739826057955	0.713913066266	0.244070341271	0.377795044462	0.20190799351
7	14	middle	middle	1	noError	0.27737156797	0.594259126989	0.143603414804	0.140878431477	0.000157641950043	0.578753559757	0.277485383489	7.33700919836e-05	0.137292274044	0.209958307074	0.000306023210024	0.117082190863	0.672886131971	0.221882128428	0.444457726509	0.183552721373
8	12	middle	middle	1	noError	0.290285821515	0.661882605824	0.110464165234	0.108368024213	0.000121263038495	0.599041199813	0.290373371914	5.24072085597e-05	0.105609441573	0.221398790767	0.000255019341687	0.155058707759	0.623490094265	0.18490177369	0.495736712699	0.152960601144
9	11	left	left	1	noError	0.300219862704	0.718235504854	0.0849724347953	0.0833600186253	9.32792603807e-05	0.614647076779	0.300287209165	4.03132373536e-05	0.0812380319789	0.247229839052	0.000212516118072	0.196199005969	0.556530841742	0.154084811408	0.535182086692	0.12746716762
10	12	right	right	1	noError	0.384784509772	0.765196254045	0.065363411381	0.0641230912502	7.17532772159e-05	0.703574674446	0.230990160896	2.87951695383e-05	0.06249079383	0.17659274218	0.00017709676506	0.282999289978	0.540379172673	0.128404009507	0.488601605147	0.106222639683
11	8	middle	middle	1	noError	0.372911161363	0.720996878371	0.0544695094842	0.126248531731	5.97943976799e-05	0.752978895371	0.192491800747	2.6177426853e-05	0.0480698414077	0.160538856527	0.00014758063755	0.348181172707	0.491253793339	0.107003341256	0.452770465498	0.171852199736
12	9	left	left	1	noError	0.337793686688	0.746360798519	0.0453912579035	0.161606094094	4.98286647333e-05	0.794149079476	0.160409833956	2.18145223775e-05	0.0343356010055	0.133782380439	0.000134164215955	0.373484310589	0.492711494449	0.0972757647781	0.466264618213	0.156229272487
13	14	middle	middle	1	noError	0.312709776206	0.769418907744	0.037645634045	0.115432924353	4.1325835946e-05	0.829275750887	0.133037289232	1.36340764859e-05	0.0245254292896	0.146113987774	0.00012196746905	0.295927694118	0.557944684031	0.0884325134346	0.547331870152	0.142026611352
14	5	middle	middle	1	noError	0.31746905862	0.790380825222	0.0342233036773	0.165717634117	3.75689417691e-05	0.84479613717	0.120942990211	1.36340764859e-05	0.0188657148382	0.146113987774	0.000110879517318	0.295927694118	0.557944684031	0.0803931940314	0.497947592425	0.129115101229
15	12	middle	middle	1	noError	0.298192184728	0.761831404017	0.0296279016793	0.118369738655	3.25242975788e-05	0.865636443765	0.104703130258	1.13617304049e-05	0.0134755105987	0.205094989812	8.52919363985e-05	0.329939745099	0.464953903359	0.0618409184857	0.569962566018	0.176242385561
16	12	left	middle	0	ERROR	0.122740230911	0.659759148596	0.0423255738275	0.147962173319	4.64632822554e-05	0.950909205379	0.00671875751096	1.69537514674e-05	0.0168443882484	0.306038724786	0.000121845623426	0.000149218040414	0.693795103423	0.0883441692653	0.712453207522	0.251774836516
17	11	right	right	1	ERROR	0.245480461821	0.659759148596	0.0705426230459	0.295924346638	7.74388037589e-05	0.918182008965	0.0111979291849	2.11921893343e-05	0.0336887764967	0.257548405982	0.000121845623426	0.000186522550518	0.742243879278	0.0883441692653	0.424906415044	0.251774836516
18	13	right	right	1	noError	0.144400271659	0.659759148596	0.144317531204	0.350543733317	6.55306971261e-05	0.846140963907	0.00947597419172	1.76601577786e-05	0.019816927351	0.297957004985	0.000121845623426	0.000155435458765	0.701869899398	0.0883441692653	0.485239067673	0.251774836516
19	12	middle	middle	1	noError	0.096266847773	0.659759148596	0.125084637857	0.300362488878	5.67975591749e-05	0.866645433509	0.00821313107441	1.26321727772e-05	0.0132112849007	0.284655534107	0.000121845623426	0.000111181768331	0.715220651951	0.0883441692653	0.590159378449	0.251774836516
20	13	middle	middle	1	noError	0.0637638322761	0.690690135087	0.110376469291	0.265186273167	5.01189766663e-05	0.882326027678	0.00724738405409	1.14837934338e-05	0.00875069843925	0.349686849189	0.000110768748569	0.000101074334846	0.650200592683	0.0803128811503	0.662299196118	0.228886215014
21	21	middle	middle	1	noError	0.0942470974405	0.658908445906	0.172783316721	0.325268192731	4.11629829526e-05	0.821223205103	0.00595231519303	8.83368725681e-06	0.00503608102603	0.422836037837	9.23072904746e-05	7.77494883434e-05	0.577077378987	0.0669274009586	0.575448628802	0.274071845845
22	10	middle	middle	1	noError	0.0628313982936	0.658908445906	0.227319430601	0.350178795154	3.43024857939e-05	0.767686004252	0.00496026266086	6.7951440437e-06	0.00335738735069	0.402181567567	9.23072904746e-05	5.98072987257e-05	0.59775182999	0.0669274009586	0.583632419202	0.274071845845
23	13	middle	middle	1	noError	0.108554265529	0.658908445906	0.305228164715	0.300119196769	2.45017755671e-05	0.691204288752	0.00354304475776	4.85367431693e-06	0.00223825823379	0.430129691119	9.23072904746e-05	4.27194990898e-05	0.569822735707	0.0669274009586	0.589088279468	0.274071845845
24	10	right	right	1	noError	0.0835032811762	0.689916769005	0.337690137262	0.307783997515	2.04181463059e-05	0.659336907293	0.00295253729813	3.46691022638e-06	0.00172173710292	0.378664065085	8.39157186132e-05	3.05139279213e-05	0.621301954077	0.0608430917805	0.606990984206	0.249156223496
25	14	middle	middle	1	noError	0.0493253213239	0.689916769005	0.384064383759	0.359017520637	1.45843902185e-05	0.613812076638	0.00210895521295	2.66685402029e-06	0.00101702872798	0.445126203912	8.39157186132e-05	2.34722522471e-05	0.554847656982	0.0608430917805	0.590640129311	0.249156223496
26	18	left	left	1	noError	0.074662660662	0.718106153641	0.389376255839	0.429508760319	9.72292681232e-06	0.609208051092	0.00140597014197	2.22237835024e-06	0.000508514363989	0.537605169926	7.62870169211e-05	1.95602102059e-05	0.462373047485	0.0553119016187	0.495320064655	0.226505657723
27	12	right	right	1	noError	0.116441773775	0.765088461368	0.324480213199	0.353005840212	8.10243901027e-06	0.674340042577	0.00117164178497	1.70952180788e-06	0.000339009575993	0.567388592251	6.35725141009e-05	1.5046315543e-05	0.432594651912	0.0460932513489	0.530213376437	0.188754714769
28	15	left	left	1	noError	0.135276108609	0.786444055789	0.353733511	0.408128650133	6.75203250856e-06	0.645283368814	0.000976368154143	1.06845112992e-06	0.000211880984996	0.479617870157	5.77931946372e-05	9.4039472144e-06	0.520371657445	0.0419029557717	0.456383360273	0.171595195245
29	23	left	left	1	noError	0.117638054305	0.805858232535	0.408583444375	0.404064325066	4.22002031785e-06	0.590802105509	0.00061023009634	6.67781956202e-07	0.000105940492498	0.487261168848	5.2539267852e-05	5.877467009e-06	0.512732285903	0.0380935961561	0.478191680137	0.155995632041
30	17	middle	middle	1	noError	0.167177923318	0.837407892458	0.507152870312	0.475823328982	3.51668359821e-06	0.492335087924	0.000508525080283	4.76987111573e-07	5.57581539462e-05	0.56232940632	4.4001197683e-05	4.19819072071e-06	0.437665918502	0.0319030683801	0.356942989546	0.130645037964
31	25	left	middle	0	ERROR	0.996207263961	0.796759865573	0.51192145052	0.00148293846364	5.86113933034e-06	0.48722514654	0.000847541800472	9.53974223146e-07	0.000826859111485	0.32465881264	5.50014971038e-05	8.39638144143e-06	0.675331837004	0.0398788354751	0.00148293846364	0.163306297455
32	21	right	middle	0	ERROR	0.993678773269	0.908346121432	0.51192145052	0.00247156410607	5.86113933034e-06	0.48722514654	0.000847541800472	3.85161476573e-05	0.00137809851914	0.995585043764	0.000125920993786	0.000338998957769	0.00403744113025	0.0912990165443	0.00247156410607	0.000228941029638
33	12	middle	right	0	ERROR	0.989464622115	0.86906588776	0.457690500578	0.00411927351012	6.51237703372e-06	0.541361273933	0.000941713111635	6.41935794288e-05	0.00229683086524	0.992641739607	0.000179887133979	0.000564998262948	0.00672906855042	0.130427166492	0.00411927351012	0.000327058613768
34	17	right	right	1	noError	0.98957342734	0.751333311045	0.457690500578	0.00407673127869	6.51237703372e-06	0.541361273933	0.000941713111635	6.37310032124e-05	0.00227311010234	0.99269476292	0.000135168712858	0.000560926909378	0.00668057916725	0.248285765636	0.00407673127869	0.000245754606649
35	11	right	right	1	noError	0.989679997595	0.800838280282	0.457690500578	0.00403506290838	6.51237703372e-06	0.541361273933	0.000941713111635	6.32750911792e-05	0.00224987658828	0.992747022344	0.000108259105464	0.000556914210459	0.00663278835465	0.198856631233	0.00403506290838	0.000196829379498
36	10	middle	right	0	ERROR	0.985257139421	0.715483257545	0.508545000642	0.00576437558339	7.23597448191e-06	0.490401415481	0.00104634790182	9.03929873988e-05	0.00321410941183	0.989638603348	0.000154655864948	0.000795591729227	0.00947541193521	0.284080901762	0.00576437558339	0.000281184827854
37	13	right	right	1	noError	0.985469901626	0.77848564796	0.508545000642	0.00568118675778	7.23597448191e-06	0.490401415481	0.00104634790182	8.94748504678e-05	0.00316772485837	0.989743845814	0.000120409412176	0.00078751076886	0.00937916856629	0.221175022383	0.00568118675778	0.000218920244933
38	16	right	right	1	noError	0.985676589844	0.756689223525	0.553222727857	0.00560037282695	6.57815861992e-06	0.445819468619	0.000951225365288	8.85752664052e-05	0.00312266450241	0.989846961637	9.11216167665e-05	0.000779593101123	0.00928486999503	0.243053983701	0.00560037282695	0.000165671157268
39	10	right	middle	0	ERROR	0.979537985491	0.761148705875	0.553222727857	0.00800053260993	6.57815861992e-06	0.445819468619	0.000951225365288	0.000112005022469	0.00446094928916	0.998775733631	0.000151869361277	0.000985809542008	0.000126451804228	0.238423306169	0.00800053260993	0.000276118595446
40	13	middle	right	0	ERROR	0.965896642485	0.601914509791	0.50358080873	0.0133342210166	7.30906513324e-06	0.495354965133	0.00105691707254	0.000186675037449	0.00743491548194	0.997959556052	0.000253115602129	0.00164301590335	0.000210753007047	0.397372176948	0.0133342210166	0.000460197659077
41	11	middle	right	0	ERROR	0.943161070808	0.669857516318	0.50358080873	0.0222237016943	7.30906513324e-06	0.495354965133	0.00105691707254	0.000266678624927	0.0123915258032	0.997085080075	0.000421859336882	0.00234716557621	0.000301075724353	0.328953628246	0.0222237016943	0.000766996098462
42	12	left	left	1	noError	0.946212893628	0.751780497441	0.50358080873	0.0210304561329	7.30906513324e-06	0.495354965133	0.00105691707254	0.000265930053121	0.0117261941062	0.997093262308	0.000317177339865	0.00234057703926	0.000300230599257	0.247325654844	0.0210304561329	0.000576670375475
43	13	left	left	1	noError	0.948953435943	0.634520331627	0.548709826118	0.0199589194987	6.64460466658e-06	0.450322695575	0.000960833702311	0.000265185746292	0.0111287250601	0.997101397924	0.00021145155991	0.0023340260404	0.000299390289247	0.364883769896	0.0199589194987	0.000384446916983
44	15	middle	right	0	noError	0.951428011848	0.73232378009	0.589736205562	0.0189913742347	6.04054969689e-06	0.409384268705	0.000873485183919	0.000264445668096	0.0105892396823	0.997109487319	0.000154866492308	0.00232751225976	0.000298554753295	0.267239785642	0.0189913742347	0.000281567776267
45	10	left	left	1	ERROR	0.919046686414	0.720539633483	0.589736205562	0.0316522903912	6.04054969689e-06	0.409384268705	0.000873485183919	0.00033055708512	0.0176487328038	0.996386859149	0.000258110820514	0.0029093903247	0.000373193441619	0.27873297607	0.0316522903912	0.000469279627111
46	12	left	left	1	noError	0.925102405138	0.781562432422	0.589736205562	0.0292845384228	6.04054969689e-06	0.409384268705	0.000873485183919	0.000329399857026	0.0163285180162	0.996399508183	0.000201749895705	0.00289920500915	0.000371886950381	0.217869009674	0.0292845384228	0.000366808007652
47	8	middle	middle	1	noError	0.930314698116	0.75504802494	0.589736205562	0.0272465611784	6.04054969689e-06	0.409384268705	0.000873485183919	0.000328250817725	0.0151921795269	0.996412067711	0.000155192227465	0.00288909176706	0.000370589704154	0.244514622826	0.0272465611784	0.000282160005886
48	7	middle	middle	1	noError	0.934848298905	0.734652326877	0.589736205562	0.0254739487635	6.04054969689e-06	0.409384268705	0.000873485183919	0.00032710988061	0.0142038035678	0.996424538678	0.000119378636512	0.00287904983617	0.000369301605161	0.265011248328	0.0254739487635	0.000217046158374
49	11	right	middle	0	ERROR	0.906926141293	0.724420544795	0.544151339513	0.0363913553765	6.71172188544e-06	0.454871409672	0.000970539093244	0.000410312700065	0.0202911479539	0.999001015358	0.000198964394186	0.000125435740217	0.000463236202066	0.275018747213	0.0363913553765	0.00036174359729
50	8	middle	middle	1	noError	0.838157510915	0.711092726765	0.544151339513	0.11432887182	6.71172188544e-06	0.454871409672	0.000970539093244	0.000409944166555	0.0170088789506	0.999001912623	0.00015304953399	0.000125323076695	0.000462820133873	0.288475959395	0.030504738315	0.000278264305608
