Trial	nTrans	naoDecision	humanDecision	guessCorr	errpDetector	x01	x12	x32	x00	x33	x30	x31	x21	x02	x20	x13	x23	x22	x10	x03	x11
1	6	right	right	1	noError	0.192307692308	0.227272727273	0.227272727273	0.269230769231	0.227272727273	0.227272727273	0.318181818182	0.227272727273	0.269230769231	0.318181818182	0.227272727273	0.227272727273	0.227272727273	0.227272727273	0.269230769231	0.318181818182
2	8	middle	middle	1	noError	0.147928994083	0.297520661157	0.174825174825	0.360946745562	0.251748251748	0.251748251748	0.321678321678	0.206611570248	0.207100591716	0.289256198347	0.206611570248	0.297520661157	0.206611570248	0.206611570248	0.284023668639	0.289256198347
3	4	right	middle	0	ERROR	0.164365548981	0.297520661157	0.218531468531	0.401051939513	0.314685314685	0.0646853146853	0.402097902098	0.229568411387	0.230111768573	0.321395775941	0.206611570248	0.219467401286	0.229568411387	0.206611570248	0.204470742932	0.289256198347
4	3	middle	right	0	ERROR	0.164365548981	0.330578512397	0.131701631702	0.401051939513	0.34965034965	0.0718725718726	0.446775446775	0.143964901541	0.230111768573	0.357106417712	0.118457300275	0.243852668095	0.255076012652	0.229568411387	0.204470742932	0.321395775941
5	3	right	right	1	noError	0.149423226346	0.330578512397	0.210637847001	0.364592672285	0.317863954228	0.0653387017023	0.406159497069	0.221786274128	0.209192516885	0.32464219792	0.118457300275	0.221684243723	0.231887284229	0.229568411387	0.276791584484	0.321395775941
6	3	left	right	0	ERROR	0.149423226346	0.256198347107	0.122930941113	0.364592672285	0.353182171364	0.072598557447	0.451288330076	0.246429193475	0.209192516885	0.360713553245	0.131619222528	0.135204715248	0.257652538032	0.255076012652	0.276791584484	0.357106417712
7	3	middle	right	0	ERROR	0.149423226346	0.223140495868	0.122930941113	0.364592672285	0.353182171364	0.072598557447	0.451288330076	0.246429193475	0.209192516885	0.360713553245	0.188027460755	0.135204715248	0.257652538032	0.364394303788	0.276791584484	0.224437739589
8	3	right	left	0	ERROR	0.149423226346	0.274779019218	0.13658993457	0.364592672285	0.392424634849	0.08066506383	0.390320366751	0.246429193475	0.209192516885	0.360713553245	0.000123141708613	0.135204715248	0.257652538032	0.448721371772	0.276791584484	0.276376467302
9	4	middle	right	0	ERROR	0.166025807051	0.305310021353	0.170737418212	0.405102969206	0.365530793561	0.100831329788	0.362900458439	0.246429193475	0.232436129872	0.360713553245	0.000136824120681	0.135204715248	0.257652538032	0.387468190857	0.196435093871	0.307084963668
10	6	left	left	1	noError	0.12771215927	0.277554564867	0.155215834738	0.388540745543	0.332300721419	0.0916648452614	0.420818598581	0.224026539523	0.255720099902	0.41883050295	0.000124385564255	0.122913377498	0.234229580029	0.443152900779	0.228026995285	0.27916814879
11	3	left	left	1	noError	0.175163199439	0.277554564867	0.155215834738	0.452723650417	0.332300721419	0.0916648452614	0.420818598581	0.224026539523	0.196707769155	0.41883050295	0.000124385564255	0.122913377498	0.234229580029	0.443152900779	0.175405380989	0.27916814879
12	2	right	left	0	ERROR	0.175163199439	0.197282849852	0.155215834738	0.452723650417	0.332300721419	0.0916648452614	0.420818598581	0.248918377248	0.196707769155	0.354256114389	0.000138206182506	0.136570419442	0.260255088921	0.492392111977	0.175405380989	0.310186831988
13	3	left	right	0	ERROR	0.0939539992984	0.219203166502	0.155215834738	0.440904563022	0.332300721419	0.0916648452614	0.420818598581	0.248918377248	0.245884711444	0.354256114389	0.000153562425006	0.136570419442	0.260255088921	0.43599123553	0.219256726236	0.344652035543
14	3	right	left	0	noError	0.0782949994153	0.199275605911	0.155215834738	0.450753802518	0.332300721419	0.0916648452614	0.420818598581	0.248918377248	0.204903926203	0.354256114389	0.000139602204551	0.136570419442	0.260255088921	0.487264759573	0.266047271863	0.313320032311
15	5	left	right	0	ERROR	0.0869944437948	0.11030622879	0.194019793423	0.389726447242	0.290375901774	0.114581056577	0.401023248226	0.27657597472	0.227671029115	0.282506793765	0.000155113560612	0.151744910491	0.289172321024	0.541405288414	0.295608079848	0.348133369235
16	4	right	middle	0	ERROR	0.000109516363492	0.122562476433	0.104466437137	0.426814232587	0.32263989086	0.127312285085	0.445581386918	0.196195527467	0.249337031811	0.313896437517	0.00017234840068	0.168605456101	0.321302578915	0.49045032046	0.323739219238	0.386814854705
17	3	left	right	0	ERROR	0.000109516363492	0.0282030955418	0.104466437137	0.426814232587	0.32263989086	0.127312285085	0.445581386918	0.106883919407	0.249337031811	0.348773819463	0.000215435500851	0.187339395668	0.357002865461	0.613062900575	0.323739219238	0.358518568382
18	3	right	middle	0	ERROR	0.000121684848325	0.0282030955418	0.116073819041	0.474238036208	0.358488767622	0.141458094539	0.383979318798	0.118759910453	0.277041146457	0.276415354959	0.000215435500851	0.208154884076	0.396669850513	0.613062900575	0.248599132487	0.358518568382
19	3	left	right	0	ERROR	0.000152106060406	0.0313367728242	0.116073819041	0.467797545259	0.358488767622	0.141458094539	0.383979318798	0.118759910453	0.346301433071	0.276415354959	0.000239372778723	0.208154884076	0.396669850513	0.570069889528	0.185748915609	0.398353964869
20	3	right	left	0	noError	0.000152106060406	0.0241052098648	0.116073819041	0.467797545259	0.358488767622	0.141458094539	0.383979318798	0.118759910453	0.346301433071	0.276415354959	0.00018413290671	0.208154884076	0.396669850513	0.51543837656	0.185748915609	0.460272280668
21	3	left	left	1	noError	0.000138278236732	0.0241052098648	0.0967281825339	0.42527049569	0.465407306352	0.117881745449	0.319982765665	0.118759910453	0.31481948461	0.276415354959	0.00018413290671	0.208154884076	0.396669850513	0.51543837656	0.259771741463	0.460272280668
22	4	middle	middle	1	noError	0.000125707487939	0.0219138271498	0.0806068187782	0.386609541537	0.38783942196	0.181568121208	0.349985638054	0.118759910453	0.286199531464	0.276415354959	0.000167393551554	0.208154884076	0.396669850513	0.468580342327	0.327065219511	0.509338436971
23	3	left	left	1	noError	0.00011427953449	0.110830751954	0.073278926162	0.351463219579	0.352581292691	0.165061928371	0.409077852776	0.118759910453	0.26018139224	0.276415354959	0.000152175955959	0.208154884076	0.396669850513	0.425982129389	0.388241108647	0.463034942701
24	3	left	right	0	ERROR	0.000126977260544	0.138538439943	0.073278926162	0.390514688421	0.352581292691	0.165061928371	0.409077852776	0.118759910453	0.289090435822	0.276415354959	0.000190219944948	0.208154884076	0.396669850513	0.407477661736	0.320267898496	0.453793678376
25	3	right	right	1	noError	0.000105814383787	0.138538439943	0.073278926162	0.325428907017	0.352581292691	0.165061928371	0.409077852776	0.107963554957	0.407575363185	0.342195777236	0.000190219944948	0.189231712796	0.360608955011	0.407477661736	0.266889915414	0.453793678376
26	3	middle	right	0	ERROR	0.000105814383787	0.0428204888255	0.0814210290689	0.325428907017	0.391756991879	0.183402142634	0.343419836418	0.119959505508	0.407575363185	0.380217530262	0.000211355494387	0.210257458662	0.289565505568	0.452752957484	0.266889915414	0.504215198196
27	5	middle	middle	1	noError	0.000105814383787	0.0356837406879	0.0678508575574	0.325428907017	0.409797493232	0.152835118862	0.369516530349	0.109054095916	0.407575363185	0.345652300238	0.000176129578656	0.282052235147	0.263241368698	0.377294131237	0.266889915414	0.586845998497
28	3	left	right	0	ERROR	0.000117571537541	0.0446046758599	0.0678508575574	0.361587674464	0.409797493232	0.152835118862	0.369516530349	0.109054095916	0.45286151465	0.345652300238	0.00022016197332	0.282052235147	0.263241368698	0.346617664046	0.185433239349	0.608557498121
29	8	left	middle	0	ERROR	0.000117571537541	0.0446046758599	0.000187881937284	0.361587674464	0.01840772009	0.287149582168	0.694254815805	0.155791565594	0.45286151465	0.49378900034	0.00022016197332	0.260074621639	0.0903448124263	0.346617664046	0.185433239349	0.608557498121
30	4	middle	middle	1	noError	9.04396442621e-05	0.0446046758599	0.000187881937284	0.508913595741	0.01840772009	0.287149582168	0.694254815805	0.141628695995	0.348355011269	0.539808182127	0.00022016197332	0.236431474217	0.0821316476603	0.346617664046	0.142640953345	0.608557498121
31	3	middle	right	0	ERROR	9.04396442621e-05	0.0557558448249	0.000208757708094	0.508913595741	0.0204530223222	0.319055091298	0.660283128672	0.141628695995	0.348355011269	0.539808182127	0.00027520246665	0.236431474217	0.0821316476603	0.308272080058	0.142640953345	0.635696872651
32	4	right	left	0	ERROR	0.000100488493625	0.0696948060311	0.000231953008993	0.454348439713	0.022725580358	0.354505656998	0.622536809635	0.141628695995	0.387061123633	0.539808182127	0.000344003083312	0.236431474217	0.0821316476603	0.260340100072	0.158489948161	0.669621090814
33	3	right	middle	0	ERROR	0.000100488493625	0.0774386733679	0.000257725565548	0.454348439713	0.0252506448422	0.393895174442	0.58059645515	0.157365217772	0.387061123633	0.59978686903	0.000382225648125	0.151590526908	0.0912573862892	0.289266777858	0.158489948161	0.632912323126
34	4	middle	right	0	noError	0.000100488493625	0.059568210283	0.00023429596868	0.454348439713	0.0229551316747	0.35808652222	0.618724050137	0.157365217772	0.387061123633	0.59978686903	0.000294019729327	0.151590526908	0.0912573862892	0.222512906044	0.158489948161	0.717624863943
35	3	middle	right	0	ERROR	0.000111653881805	0.0744602628537	0.00023429596868	0.39372048857	0.0229551316747	0.35808652222	0.618724050137	0.157365217772	0.430067915147	0.59978686903	0.000367524661658	0.151590526908	0.0912573862892	0.153141132556	0.176099942401	0.772031079929
36	3	left	left	1	ERROR	0.000139567352256	0.0744602628537	0.00023429596868	0.367150610712	0.0229551316747	0.35808652222	0.618724050137	0.174850241969	0.412584893934	0.555318743367	0.000367524661658	0.168433918787	0.101397095877	0.153141132556	0.220124928002	0.772031079929
37	3	right	right	1	noError	0.000126879411142	0.0744602628537	0.00023429596868	0.333773282465	0.0229551316747	0.35808652222	0.618724050137	0.229041868307	0.465986267213	0.462765619473	0.000367524661658	0.140361598989	0.167830913231	0.153141132556	0.200113570911	0.772031079929
38	6	left	right	0	ERROR	0.000126879411142	0.106371804077	0.000260328854089	0.333773282465	0.0255057018608	0.397873913578	0.576360055707	0.286302335384	0.465986267213	0.578457024341	0.00052503523094	0.0504519987365	0.0847886415384	0.0759159036507	0.200113570911	0.817187257042
39	3	middle	right	0	noError	0.000126879411142	0.0899388331698	0.000236662594626	0.333773282465	0.0231870016916	0.361703557798	0.614872777916	0.286302335384	0.465986267213	0.578457024341	0.000443924557393	0.0504519987365	0.0847886415384	0.0641879476675	0.200113570911	0.845429294605
40	3	left	middle	0	ERROR	0.000158599263928	0.0899388331698	0.000236662594626	0.292216603082	0.0231870016916	0.361703557798	0.614872777916	0.318113705982	0.582482834016	0.531618915934	0.000443924557393	0.0560577763739	0.0942096017094	0.0641879476675	0.125141963638	0.845429294605
41	3	middle	left	0	noError	0.000132166053273	0.0899388331698	0.000236662594626	0.410180502568	0.0231870016916	0.361703557798	0.614872777916	0.289194278166	0.48540236168	0.574199014486	0.000443924557393	0.0509616148853	0.0856450924631	0.0641879476675	0.104284969698	0.845429294605
42	4	middle	middle	1	noError	0.000110138377728	0.0899388331698	0.000215147813296	0.341817085474	0.0210790924469	0.419730507089	0.558975252651	0.262903889242	0.571168634733	0.612908194987	0.000443924557393	0.0463287408048	0.0778591749664	0.0641879476675	0.0869041414154	0.845429294605
43	3	left	left	1	noError	0.000100125797934	0.0817625756089	0.000215147813296	0.310742804976	0.0210790924469	0.419730507089	0.558975252651	0.329912626583	0.610153304303	0.55718926817	0.000403567779448	0.0421170370953	0.0707810681513	0.0583526796978	0.0790037649231	0.859481176914
44	4	left	right	0	ERROR	0.000100125797934	0.136270959348	0.000215147813296	0.310742804976	0.0210790924469	0.419730507089	0.558975252651	0.329912626583	0.610153304303	0.55718926817	0.000672612965746	0.0421170370953	0.0707810681513	0.0972544661629	0.0790037649231	0.765801961523
45	3	left	right	0	noError	0.000100125797934	0.110421502263	0.000215147813296	0.310742804976	0.0210790924469	0.419730507089	0.558975252651	0.329912626583	0.610153304303	0.55718926817	0.000545023932277	0.0421170370953	0.0707810681513	0.0788061103176	0.0790037649231	0.810227363487
46	3	left	middle	0	ERROR	0.000125157247418	0.110421502263	0.000215147813296	0.26342850622	0.0210790924469	0.419730507089	0.558975252651	0.366569585093	0.637691630379	0.507988075744	0.000545023932277	0.0467967078837	0.0786456312792	0.0788061103176	0.0987547061539	0.810227363487
47	9	left	right	0	ERROR	0.000125157247418	0.552107511314	0.000215147813296	0.26342850622	0.0210790924469	0.419730507089	0.558975252651	0.296188427881	0.637691630379	0.564431195272	0.00272511966139	0.051996342093	0.0873840347547	0.394030551588	0.0987547061539	0.0511368174366
48	3	right	middle	0	ERROR	0.000139063608242	0.552107511314	0.000215147813296	0.292698340244	0.0210790924469	0.419730507089	0.558975252651	0.370235534851	0.597435144865	0.45553899409	0.00272511966139	0.0649954276162	0.109230043443	0.394030551588	0.109727451282	0.0511368174366
49	4	right	right	1	noError	0.000126421462038	0.552107511314	0.000215147813296	0.266089400222	0.0210790924469	0.419730507089	0.558975252651	0.28479656527	0.634031949878	0.504260764684	0.00272511966139	0.0499964827817	0.160946187264	0.394030551588	0.0997522284382	0.0511368174366
50	3	left	right	0	ERROR	0.000126421462038	0.502341679238	0.000215147813296	0.266089400222	0.0210790924469	0.419730507089	0.558975252651	0.230995706587	0.634031949878	0.630325955855	0.00302791073487	0.0624956034771	0.0761827340801	0.437811723987	0.0997522284382	0.0568186860407
