Trial	nTrans	naoDecision	humanDecision	guessCorr	errpDetector	x01	x12	x32	x00	x33	x30	x31	x21	x02	x20	x13	x23	x22	x10	x03	x11
1	13	middle	middle	1	ERROR	0.333259275717	0.25	0.0833333333333	0.000222172850478	0.416666666667	0.0833333333333	0.416666666667	0.357142857143	0.555432126194	0.214285714286	0.25	0.0714285714286	0.357142857143	0.25	0.111086425239	0.25
2	6	middle	left	0	ERROR	0.333259275717	0.166666666667	0.0833333333333	0.000222172850478	0.416666666667	0.0833333333333	0.416666666667	0.314285714286	0.555432126194	0.428571428571	0.277777777778	0.142857142857	0.114285714286	0.277777777778	0.111086425239	0.277777777778
3	6	left	right	0	ERROR	0.333259275717	0.0952380952381	0.000109079009563	0.000222172850478	0.454495873177	0.0908991746355	0.454495873177	0.142857142857	0.555432126194	0.535714285714	0.253968253968	0.178571428571	0.142857142857	0.253968253968	0.111086425239	0.396825396825
4	13	left	middle	0	ERROR	0.333227536738	0.190476190476	0.000121198899514	0.000317389786397	0.504995414642	0.100999082928	0.393884303531	0.0714285714286	0.507760180277	0.559523809524	0.307936507937	0.297619047619	0.0714285714286	0.107936507937	0.158694893198	0.393650793651
5	10	right	middle	0	ERROR	0.333227536738	0.22619047619	0.00017314128502	0.000317389786397	0.721422020917	0.144284404183	0.134120433615	0.0793650793651	0.507760180277	0.621693121693	0.0198412698413	0.219576719577	0.0793650793651	0.269841269841	0.158694893198	0.484126984127
6	4	right	middle	0	ERROR	0.370252818598	0.251322751323	0.000192379205578	0.000352655318219	0.801580023241	0.160316004648	0.0379115929056	0.0881834215168	0.453066866975	0.690770135215	0.0220458553792	0.132863021752	0.0881834215168	0.188712522046	0.176327659109	0.537918871252
7	4	left	right	0	ERROR	0.370252818598	0.216175359033	0.000192379205578	0.000352655318219	0.801580023241	0.160316004648	0.0379115929056	0.000109659153435	0.453066866975	0.75749268246	0.0314940791131	0.145696464882	0.0967011935055	0.126732174351	0.176327659109	0.625598387503
8	14	right	middle	0	noError	0.391877348831	0.277450239355	0.000148175495272	0.000293879431849	0.770149129567	0.200502194611	0.0292005003268	9.13826278627e-05	0.460889055812	0.714577235383	0.0209960527421	0.204747054068	0.0805843279212	0.0844881162341	0.146939715924	0.617065591669
9	7	left	middle	0	ERROR	0.416967641188	0.197166932617	0.000148175495272	0.000419827759784	0.770149129567	0.200502194611	0.0292005003268	0.000130546611232	0.515555794018	0.592253193404	0.0233289474912	0.292495791526	0.115120468459	0.0938756847046	0.0670567370348	0.685628435188
10	17	left	middle	0	ERROR	0.433935282375	0.138809903738	0.000296350990544	0.000839655519568	0.940298259133	0.00100438922292	0.0584010006535	0.000217577685387	0.431111588035	0.487088655674	0.0333270678446	0.320826319209	0.191867447431	0.134108121007	0.13411347407	0.693754907411
11	7	left	middle	0	noError	0.433935282375	0.138809903738	0.000279681487029	0.000839655519568	0.943656433767	0.000947893141524	0.0551159916043	0.000217577685387	0.431111588035	0.487088655674	0.0333270678446	0.320826319209	0.191867447431	0.134108121007	0.13411347407	0.693754907411
12	16	right	left	0	ERROR	0.433935282375	0.138809903738	0.0049550640701	0.000839655519568	0.00177168110866	0.0167936437187	0.976479611103	0.000217577685387	0.431111588035	0.487088655674	0.0333270678446	0.320826319209	0.191867447431	0.134108121007	0.13411347407	0.693754907411
13	9	right	middle	0	ERROR	0.477050403393	0.208425820369	0.00550562674456	0.0011995078851	0.00196853456518	0.0186596041318	0.973866234558	0.000241752983764	0.330159411479	0.541209617415	0.0500412525975	0.245362576899	0.213186052702	0.000150151981059	0.191590677242	0.741382775053
14	6	right	middle	0	ERROR	0.53005600377	0.120473133743	0.0068820334307	0.001332786539	0.00246066820647	0.0233245051648	0.967332793198	0.000302191229705	0.366843790532	0.551512021769	0.055601391775	0.306703221124	0.141482565877	0.00016683553451	0.101767419158	0.823758638948
15	7	right	left	0	ERROR	0.477840004189	0.221255172967	0.00764670381188	0.00148087393222	0.00273407578497	0.0259161168498	0.963703103553	0.000302191229705	0.407604211703	0.551512021769	0.000183655198543	0.306703221124	0.141482565877	0.000306402132145	0.113074910176	0.778254769703
16	5	left	right	0	ERROR	0.477840004189	0.442510345934	0.00764670381188	0.00148087393222	0.00273407578497	0.0259161168498	0.963703103553	0.000302191229705	0.407604211703	0.551512021769	0.000367310397086	0.306703221124	0.141482565877	0.000612804264289	0.113074910176	0.556509539405
17	10	right	right	1	ERROR	0.396914291699	0.404183909889	0.00764670381188	0.00211553418888	0.00273407578497	0.0259161168498	0.963703103553	0.000431701756721	0.439434588147	0.359302888241	0.000612183995144	0.438147458749	0.202117951253	0.00102134044048	0.161535585965	0.594182565675
18	4	middle	right	0	ERROR	0.396914291699	0.380229887362	0.00849633756876	0.00211553418888	0.0030378619833	0.0287956853886	0.959670115059	0.000479668618579	0.439434588147	0.399225431379	0.00076522999393	0.37571939861	0.224575501392	0.0012766755506	0.161535585965	0.617728207094
19	10	middle	middle	1	noError	0.330761909749	0.436572624874	0.0081677499289	0.0017629451574	0.00292037560858	0.0276820401005	0.961229834362	0.000299792886612	0.532862156789	0.312015894612	0.000695663630845	0.297324624131	0.39035968837	0.00116061413691	0.134612988305	0.561571097358
20	3	middle	right	0	ERROR	0.330761909749	0.420715781093	0.0081677499289	0.0017629451574	0.00292037560858	0.0276820401005	0.961229834362	0.000333103207346	0.532862156789	0.346684327347	0.000869579538556	0.330360693479	0.322621875967	0.00145076767114	0.134612988305	0.576963871698
21	7	left	right	0	ERROR	0.330761909749	0.841431562186	0.00907527769877	0.0017629451574	0.00324486178731	0.0307578223339	0.95692203818	0.000370114674829	0.532862156789	0.385204808163	0.00173915907711	0.255956326088	0.358468751074	0.00290153534228	0.134612988305	0.153927743395
22	7	left	left	1	noError	0.331355315192	0.855846874714	0.00907527769877	0.00135611165954	0.00324486178731	0.0307578223339	0.95692203818	0.000284703596023	0.563740120607	0.527080621664	0.00158105370647	0.196889481606	0.275745193134	0.00263775940207	0.103548452542	0.139934312177
23	3	middle	left	0	ERROR	0.368172572435	0.855846874714	0.00907527769877	0.00150679073282	0.00324486178731	0.0307578223339	0.95692203818	0.000355879495028	0.515266800674	0.40885077708	0.00158105370647	0.246111852008	0.344681491418	0.00263775940207	0.115053836158	0.139934312177
24	9	left	middle	0	ERROR	0.210215715544	0.794066963877	0.00907527769877	0.00188348841603	0.00324486178731	0.0307578223339	0.95692203818	0.000593132491714	0.644083500843	0.348084628466	0.00225864815209	0.243519753346	0.407802485696	0.00376822771724	0.143817295197	0.199906160253
25	8	left	middle	0	ERROR	0.210215715544	0.771185515419	0.0100836418875	0.00188348841603	0.0036054019859	0.0341753581487	0.952135597978	0.00120482528244	0.644083500843	0.503932319904	0.00250960905788	0.494659725614	0.000203129199507	0.00418691968583	0.143817295197	0.222117955837
26	5	middle	middle	1	noError	0.191105195949	0.791986832199	0.00962395922983	0.00171226219639	0.00344104264178	0.0326174071984	0.95431759093	0.0010040210687	0.676439546221	0.503276933254	0.00228146277989	0.495549771345	0.000169274332923	0.00380629062348	0.130742995634	0.201925414397
27	4	left	middle	0	ERROR	0.238881494936	0.791986832199	0.00962395922983	0.00214032774549	0.00344104264178	0.0326174071984	0.95431759093	0.00125502633587	0.595549432776	0.504096166567	0.00228146277989	0.494437214181	0.000211592916153	0.00380629062348	0.163428744542	0.201925414397
28	6	middle	middle	1	noError	0.238881494936	0.763066793999	0.00920440048182	0.00214032774549	0.00329102958498	0.0311954437215	0.956309126212	0.00114093303261	0.595549432776	0.458269242334	0.00175497136915	0.540397467437	0.000192357196503	0.00292791586421	0.163428744542	0.232250318767
29	3	middle	left	0	ERROR	0.265423883263	0.763066793999	0.00920440048182	0.00237814193943	0.00329102958498	0.0311954437215	0.956309126212	0.00142616629076	0.550610480862	0.322836552917	0.00175497136915	0.675496834297	0.000240446495629	0.00292791586421	0.181587493936	0.232250318767
30	5	middle	middle	1	noError	0.265423883263	0.802555661666	0.00881993194173	0.00237814193943	0.0031535630175	0.0298924075565	0.958134097484	0.00129651480978	0.550610480862	0.293487775379	0.00146247614096	0.704997122088	0.000218587723299	0.00243992988685	0.181587493936	0.193541932306
31	6	left	middle	0	noError	0.24129443933	0.820505146969	0.00846632810733	0.00216194721766	0.00302713211277	0.0286939776819	0.959812562098	0.000997319084448	0.591464073511	0.302682904138	0.00132952376451	0.696151632375	0.000168144402538	0.00221811807895	0.165079539942	0.175947211187
32	3	left	left	1	noError	0.219358581209	0.820505146969	0.00814001573215	0.00196540656151	0.002910459258	0.0275880436935	0.961361481316	0.000906653713135	0.628603703192	0.275166276489	0.00132952376451	0.72377421125	0.000152858547761	0.00221811807895	0.150072309038	0.175947211187
33	3	right	middle	0	noError	0.219358581209	0.836822860881	0.0078379526476	0.00196540656151	0.00280245672707	0.0265642951101	0.962795295515	0.000824230648304	0.628603703192	0.250151160444	0.00120865796773	0.748885646591	0.000138962316147	0.00201647098086	0.150072309038	0.15995201017
34	5	middle	right	0	noError	0.290325982917	0.851657146256	0.00755753263263	0.00178673323774	0.00270219266671	0.0256138989585	0.964126375742	0.000686858873587	0.571457911993	0.291792633704	0.00109877997067	0.707404705493	0.000115801930122	0.00183315543715	0.136429371853	0.145410918337
35	3	left	middle	0	ERROR	0.290325982917	0.835174606951	0.0083972584807	0.00178673323774	0.00300243629634	0.0284598877317	0.960140417491	0.000763176526208	0.571457911993	0.324214037449	0.00122086663407	0.674894117214	0.000128668811247	0.00203683937461	0.136429371853	0.161567687041
36	4	middle	middle	1	noError	0.263932711743	0.850158733592	0.00807615397055	0.0016243029434	0.00288762551156	0.027371604177	0.961664616341	0.000693796842007	0.61041628363	0.385649124953	0.00110987875825	0.613540106558	0.000116971646588	0.00185167215874	0.124026701684	0.146879715491
37	3	left	left	1	ERROR	0.182147457492	0.833509703991	0.00807615397055	0.00180478104822	0.00288762551156	0.027371604177	0.961664616341	0.000770885380008	0.678240315144	0.428499027726	0.00123319862028	0.570600118398	0.000129968496209	0.00205741350971	0.137807446316	0.163199683879
38	3	right	left	0	ERROR	0.182147457492	0.815010782212	0.00897350441173	0.00180478104822	0.00320847279062	0.03041289353	0.957405129268	0.00085653931112	0.678240315144	0.476110030806	0.0013702206892	0.522889020442	0.000144409440232	0.00228601501079	0.137807446316	0.181332982088
39	3	middle	left	0	ERROR	0.20238606388	0.815010782212	0.00997056045747	0.0020053122758	0.00356496976736	0.0337921039222	0.952672365853	0.000951710345689	0.75360035016	0.417900034229	0.0013702206892	0.580987800491	0.000160454933592	0.00228601501079	0.0420082736841	0.181332982088
40	5	right	middle	0	ERROR	0.20238606388	0.768763477765	0.0124632005718	0.0020053122758	0.0044562122092	0.0422401299028	0.940840457316	0.00105745593965	0.75360035016	0.464333371366	0.0017127758615	0.534430889435	0.000178283259546	0.00285751876348	0.0420082736841	0.22666622761
41	13	right	middle	0	ERROR	0.25298257985	0.669662111092	0.0178045722455	0.00250664034475	0.00636601744171	0.0603430427182	0.915486367595	0.00211491187931	0.6920004377	0.528666742732	0.00244682265928	0.46886177887	0.000356566519092	0.00408216966212	0.0525103421052	0.323808896586
42	14	right	right	1	noError	0.250715739462	0.72471842591	0.0164186171341	0.0017804113389	0.00587046976493	0.055645780277	0.922065132824	0.00134602031209	0.710206911611	0.636379096086	0.00203901888273	0.36204794943	0.000226934172532	0.00340180805176	0.0372969375879	0.269840747155
43	4	middle	middle	1	noError	0.208929782885	0.72471842591	0.0164186171341	0.00148367611575	0.00587046976493	0.055645780277	0.922065132824	0.00112168359341	0.758505759676	0.696982580071	0.00203901888273	0.301706624525	0.000189111810443	0.00340180805176	0.0310807813233	0.269840747155
44	5	left	middle	0	noError	0.280845257168	0.749744023555	0.0152329615919	0.00134879646886	0.00544653911625	0.0516273707333	0.927693128558	0.000934736327838	0.689550690615	0.66415215006	0.00185365352976	0.334755520437	0.000157593175369	0.00309255277433	0.0282552557484	0.245309770141
45	4	middle	left	0	ERROR	0.280845257168	0.812180029444	0.0169255128799	0.00134879646886	0.00605171012916	0.0573637452593	0.919659031732	0.00103859591982	0.689550690615	0.737946833399	0.0023170669122	0.260839467153	0.000175103528188	0.00386569096791	0.0282552557484	0.181637212676
46	4	right	middle	0	ERROR	0.312050285742	0.791311143826	0.0169255128799	0.00149866274318	0.00605171012916	0.0573637452593	0.919659031732	0.00129824489977	0.655056322905	0.797433541749	0.00257451879133	0.201049333941	0.000218879410235	0.00429521218657	0.0313947286094	0.201819125196
47	4	left	middle	0	ERROR	0.265062857178	0.76812349314	0.0169255128799	0.00187332842898	0.00605171012916	0.0573637452593	0.919659031732	0.00144249433308	0.693820403632	0.774926157499	0.00286057643481	0.223388148823	0.000243199344706	0.00477245798508	0.0392434107617	0.22424347244
48	9	left	middle	0	ERROR	0.183403174642	0.7802058219	0.0211568910999	0.0020814760322	0.00756463766145	0.0717046815741	0.899573789665	0.00180311791635	0.770911559591	0.968657696874	0.00476762739135	0.0292351860287	0.000303999180882	0.0079540966418	0.0436037897352	0.207072454067
49	8	left	middle	0	ERROR	0.229253968302	0.755784246556	0.0235076567777	0.00260184504025	0.00840515295717	0.0796718684157	0.88841532185	0.0026877515094	0.713639449488	0.996710041947	0.00529736376817	0.000149061327882	0.000453145215774	0.00883788515755	0.054504737169	0.230080504518
50	3	right	left	0	ERROR	0.143615520336	0.72864916284	0.0235076567777	0.00289093893361	0.00840515295717	0.0796718684157	0.88841532185	0.002986390566	0.792932721654	0.996344491052	0.00588595974241	0.000165623697647	0.000503494684193	0.00981987239728	0.0605608190767	0.25564500502
