Trial	naoDecision	errpDetector	x01	x12	x32	x00	x33	x30	x31	x21	x02	x20	x13	x23	x22	x10	x03	x11
0	middle	noError	0.192307692308	0.3	0.192307692308	0.192307692308	0.269230769231	0.192307692308	0.346153846154	0.25	0.346153846154	0.321428571429	0.233333333333	0.25	0.178571428571	0.233333333333	0.269230769231	0.233333333333
1	middle	noError	0.328205128205	0.357142857143	0.24358974359	0.194871794872	0.307692307692	0.160256410256	0.288461538462	0.178571428571	0.297435897436	0.44387755102	0.238095238095	0.25	0.127551020408	0.166666666667	0.179487179487	0.238095238095
2	right	ERROR	0.0470085470085	0.471287185273	0.304487179487	0.15811965812	0.259615384615	0.0753205128205	0.360576923077	0.000121724311823	0.495726495726	0.540306894316	0.414161465846	0.304310779557	0.155260601815	0.000299910026992	0.299145299145	0.114251438854
3	left	ERROR	0.0587606837607	0.387553121819	0.389663057499	0.19764957265	0.304157057421	0.000190556228746	0.305989328851	0.000223413197042	0.494658119658	0.808140703082	0.448802094066	0.191452343397	0.000183540324604	0.000428442895703	0.248931623932	0.16321634122
4	middle	noError	0.0452005259698	0.406294268182	0.368539410937	0.152038132807	0.315098160888	0.000119097642966	0.316243330532	0.000172952652692	0.457429322814	0.774060618248	0.457335078388	0.225624343554	0.000142085545691	0.000357035746419	0.345332018409	0.136013617683
5	right	ERROR	0.0690328898794	0.382867835228	0.137078821874	0.232201538685	0.430196321776	0.000238195285932	0.432486661064	0.000288254421154	0.69861284558	0.623434363747	0.446668847985	0.376040572589	0.000236809242818	0.000446294683024	0.000152725855282	0.170017022104
6	middle	ERROR	0.0862911123493	0.261239764611	0.342697054685	0.290251923357	0.32549080444	0.00059548821483	0.33121665266	0.000480424035256	0.623266056975	0.705723939578	0.495241211407	0.293400954316	0.000394682071364	0.000637563832891	0.000190907319103	0.242881460149
7	right	noError	0.0784464657721	0.237490695101	0.271348527342	0.26386538487	0.46274540222	0.000297744107415	0.26560832633	0.000369556950197	0.65751459725	0.542864568906	0.541128374007	0.456462272551	0.000303601593357	0.000579603484446	0.000173552108275	0.220801327408
8	left	ERROR	0.13074410962	0.296863368876	0.101926467632	0.43977564145	0.518207717457	0.000425348724879	0.379440466186	0.000923892375493	0.429190995416	0.357161422265	0.551410467508	0.641155681376	0.000759003983392	0.000724504355558	0.000289253513792	0.15100165926
9	middle	noError	0.13074410962	0.24738614073	0.250963233816	0.43977564145	0.459103858729	0.000212674362439	0.289720233093	0.000710686442687	0.429190995416	0.274739555588	0.62617538959	0.723965908751	0.000583849217994	0.000603753629632	0.000289253513792	0.12583471605
10	left	ERROR	0.145271232911	0.000180925443288	0.411159162578	0.488639601611	0.588328575418	0.000348429574455	0.000163832429287	0.00118447740448	0.365767772685	0.291232592647	0.95198515609	0.706609847918	0.00097308202999	0.00109234393078	0.000321392793103	0.046741574536
11	left	noError	0.0907945205695	0.000180925443288	0.381974476611	0.617899751007	0.617705359637	0.000217768484034	0.000102395268304	0.000911136464983	0.291104857928	0.30094814819	0.95198515609	0.697392190707	0.000748524638454	0.00109234393078	0.000200870495689	0.046741574536
12	left	ERROR	0.498322703021	0.000180925443288	0.227468095764	0.000548846670367	0.772131699546	0.000272210605043	0.00012799408538	0.00151856077497	0.500025979281	0.16824691365	0.95198515609	0.828986984511	0.00124754106409	0.00109234393078	0.00110247102734	0.046741574536
13	left	ERROR	0.553691892246	0.000180925443288	0.166609827606	0.000609829633741	0.166609827606	0.453529619788	0.213250724999	0.00216937253567	0.444473310312	0.0974955909286	0.95198515609	0.898552835016	0.00178220152013	0.00109234393078	0.00122496780815	0.046741574536
14	left	ERROR	0.504102102496	0.000276916063583	0.00029985891123	0.000677588481934	0.199735503833	0.760231157544	0.0397334797114	0.00271171566959	0.49385923368	0.121869488661	0.997898137805	0.873191043769	0.00222775190016	0.00167189078492	0.00136107534239	0.000153055346197
15	right	ERROR	0.434431574994	0.000395594376547	0.000650832916649	0.00096798354562	0.000217046381573	0.99891507432	0.000217046381573	0.00338964458699	0.562656048114	0.152336860826	0.996997339722	0.841488804712	0.0027846898752	0.00238841540702	0.00194439334628	0.000218650494567
16	left	ERROR	0.336078937484	0.000565134823639	0.000929761309499	0.00241995886405	0.00031006625939	0.998450106172	0.00031006625939	0.00453304583954	0.656640120286	0.000133732187054	0.995710485317	0.991609195301	0.00372402667277	0.00341202201003	0.00486098336569	0.000312357849381
17	left	noError	0.357385958323	0.000562777060879	0.000928415206022	0.00161330590937	0.000309617347109	0.9984523501	0.000309617347109	0.00449577226968	0.637760080191	0.000132632556432	0.995728381326	0.991678189804	0.00369340537017	0.00339778693179	0.00324065557713	0.000311054681227
18	left	noError	0.326704255945	0.00056043912257	0.000927073128699	0.00115236136383	0.000309169777511	0.998454587316	0.000309169777511	0.094291387616	0.669828628708	0.000119680514507	0.995746126863	0.902256200699	0.00333273117005	0.00338367154439	0.00231475398366	0.000309762470321
19	left	noError	0.304788754246	0.000558120759738	0.000925735059503	0.000823115259881	0.000308723544584	0.998456817851	0.000308723544584	0.226789037003	0.692734734791	9.22290959746e-05	0.995763723817	0.770550439604	0.0025682942976	0.00336967434465	0.00165339570262	0.000308481079054
20	middle	noError	0.403192502831	0.000555821727564	0.000924400980509	0.000548743506588	0.000308278642351	0.998459041735	0.000308278642351	0.188990864169	0.595156489861	7.68575799789e-05	0.995781174046	0.808792033003	0.002140245248	0.00335579385445	0.00110226380174	0.000307210372108
21	middle	ERROR	0.606385005662	0.000694777159456	0.00184880196102	0.00109748701318	0.000616557284702	0.99691808347	0.000616557284702	0.269986948813	0.390312979721	0.000109796542827	0.994726467557	0.726845761433	0.00305749321142	0.00419474231806	0.00220452760349	0.000384012965135
22	left	noError	0.6694944502	0.000691201207584	0.00184330537824	0.000734834947982	0.000614724228363	0.996927246165	0.000614724228363	0.245442680739	0.328294648249	9.98150389336e-05	0.994753609927	0.751677964939	0.00277953928311	0.00417315237884	0.00147606660251	0.000382036486976
23	right	noError	0.699032522727	0.000687662229512	0.00183784192661	0.000513724899966	0.000612902220936	0.996936353632	0.000612902220936	0.223129709763	0.29942183062	9.07409444851e-05	0.994780471655	0.774252695399	0.00252685389374	0.00415178567028	0.00103192175304	0.000380080444748
24	left	ERROR	0.798065045455	0.00085957778689	0.00367568385321	0.00102744979993	0.00122580444187	0.993872707263	0.00122580444187	0.318756728232	0.198843661239	0.000129629920693	0.993475589569	0.67750385057	0.00360979127677	0.00518973208785	0.00206384350608	0.000475100555935
25	middle	noError	0.831977798797	0.00085409075732	0.0036536621618	0.000854900913014	0.00121846042421	0.99390941699	0.00121846042421	0.318756728232	0.165450056588	0.000129629920693	0.993517237496	0.67750385057	0.00360979127677	0.00515660394767	0.00171724370162	0.000472067798645
26	left	ERROR	0.863955597594	0.00142348459553	0.0073073243236	0.00170980182603	0.00243692084841	0.98781883398	0.00243692084841	0.35417414248	0.130900113176	0.000144033245214	0.989195395827	0.641670945078	0.00401087919641	0.00859433991278	0.00343448740324	0.000786779664408
27	middle	noError	0.880236742117	0.00140840814384	0.00722009713147	0.0015051809071	0.00240783143707	0.987964239994	0.00240783143707	0.321976493164	0.115234612626	0.000130939313831	0.989309829867	0.674246313707	0.00364625381492	0.00850331528846	0.00302346434911	0.000778446700609
28	middle	ERROR	0.992085964812	0.0023473469064	0.0144401942629	0.00257355100779	0.00481566287414	0.975928479989	0.00481566287414	0.357751659071	0.000170979514532	0.000145488126479	0.982183049778	0.638051459675	0.00405139312769	0.0141721921474	0.00516950466617	0.00129741116768
29	right	noError	0.992147325883	0.00230648306082	0.0141021444256	0.00255359711012	0.00470292657563	0.976492002423	0.00470292657563	0.357751659071	0.000169653833508	0.000145488126479	0.982493216589	0.638051459675	0.00405139312769	0.0139254751966	0.005129423173	0.00127482515389
30	middle	ERROR	0.984294651767	0.00384413843471	0.0282042888513	0.00510719422024	0.00940585315125	0.952984004846	0.00940585315125	0.397501843412	0.000339307667015	0.000161653473866	0.970822027648	0.597834955194	0.00450154791965	0.0232091253276	0.010258846346	0.00212470858981
31	left	noError	0.984535973289	0.00373551716972	0.0269403552738	0.00502871930433	0.00898434372461	0.955090957277	0.00898434372461	0.397501843412	0.00033409401359	0.000161653473866	0.971646490221	0.597834955194	0.00450154791965	0.0225533204977	0.0101012133934	0.00206467211125
32	middle	noError	0.984769967909	0.00304132423802	0.0257849560754	0.00495262701064	0.00859902944675	0.957016985031	0.00859902944675	0.397501843412	0.000329038654907	0.000161653473866	0.814082754121	0.597834955194	0.00450154791965	0.181194939584	0.00994836642592	0.00168098205689
33	right	noError	0.98499696432	0.00236528499503	0.0247246869546	0.00487881045194	0.00824544011488	0.958784432816	0.00824544011488	0.361365312193	0.000324134489677	0.000146957703514	0.777637726672	0.634395413813	0.00409231629059	0.218689662536	0.00980009073854	0.00130732579787
34	middle	noError	0.896849293616	0.00178881682003	0.023748263626	0.00437599530704	0.00791981253069	0.960412111313	0.00791981253069	0.419423011085	0.000290728860989	0.000133597912286	0.756203984768	0.576723103466	0.0037202875369	0.241018494563	0.098483982216	0.000988703848128
35	right	noError	0.767353100767	0.00137601293849	0.0208411724791	0.00335826939474	0.0947090474608	0.877499453857	0.00695032620295	0.381293646441	0.000223114004363	0.000121452647533	0.735541526745	0.615202821333	0.003382079579	0.262321918895	0.229065515834	0.000760541421637
36	left	noError	0.811247020801	0.000879602061811	0.0185683912492	0.00272465850738	0.0843807923885	0.890858440364	0.00619237599878	0.381293646441	0.000181018673206	0.000121452647533	0.639175749737	0.615202821333	0.003382079579	0.359458479951	0.185847302019	0.000486168250205
37	middle	noError	0.841204302263	0.000602168452843	0.0167427370849	0.00229222368097	0.0760844277253	0.901589296913	0.00558353827679	0.381293646441	0.000152288915582	0.000121452647533	0.684523447749	0.615202821333	0.003382079579	0.314541556949	0.156351185141	0.000332826849501
38	left	ERROR	0.603010755657	0.00150542113211	0.0239181958356	0.00573055920242	0.108692039608	0.859413281304	0.00797648325255	0.381293646441	0.000380722288955	0.000121452647533	0.711308619371	0.615202821333	0.003382079579	0.286353892373	0.390877962852	0.000832067123754
39	left	ERROR	0.757526889142	0.0021506016173	0.059795489589	0.0143263980061	0.0217300990188	0.898533203261	0.0199412081314	0.381293646441	0.000951805722387	0.000121452647533	0.587583741959	0.615202821333	0.003382079579	0.409076989104	0.227194907129	0.00118866731965
40	middle	ERROR	0.941852104075	0.00358433602883	0.119590979178	0.000205857213298	0.0434601980376	0.797066406522	0.0398824162628	0.381293646441	0.00195936073611	0.000121452647533	0.479306236598	0.615202821333	0.003382079579	0.515128315173	0.0559826779756	0.00198111219941
41	middle	noError	0.863435790107	0.00238955735255	0.0994243757626	0.000177762261839	0.0361315133475	0.831287058677	0.0331570522132	0.381293646441	0.00169195138043	0.000121452647533	0.452870824399	0.615202821333	0.003382079579	0.543418876782	0.134694496251	0.00132074146628
42	left	ERROR	0.926871580214	0.00398259558759	0.000166479204358	0.000355524523678	0.0601514559432	0.884482468139	0.055199596713	0.42521024478	0.00338390276086	0.000135441307424	0.421451373998	0.574542796124	0.000111517789176	0.572364794637	0.069388992501	0.00220123577713
43	middle	noError	0.931848571355	0.00248912224224	0.000136972850887	0.000331328152286	0.131766616611	0.822680250851	0.0454161596867	0.42521024478	0.00315360031334	0.000135441307424	0.388407108749	0.574542796124	0.000111517789176	0.607727996648	0.0646665001798	0.0013757723607
44	middle	ERROR	0.869004326476	0.00497824448448	0.000195675501268	0.00066672814713	0.0453808808732	0.889543215502	0.0648802281238	0.472455827533	0.000201228945542	0.000150490341582	0.576814217498	0.527269773471	0.00012390865464	0.415455993296	0.130127716431	0.00275154472141
45	middle	ERROR	0.896681088255	0.0102719613069	0.000244594376585	0.0022224271571	0.0567261010915	0.861929019377	0.0811002851548	0.472455827533	0.000670763151808	0.000150490341582	0.983844246297	0.527269773471	0.00012390865464	0.000206337019785	0.100425721437	0.00567745537621
46	right	noError	0.906347769563	0.010109643363	0.000182809926469	0.00201449334619	0.0423971086915	0.747325625504	0.210094455878	0.472455827533	0.000608005487095	0.000150490341582	0.984099540164	0.527269773471	0.00012390865464	0.000203076473937	0.0910297316039	0.00558773999903
47	middle	ERROR	0.843912949271	0.0202192867261	0.000457024816171	0.00335748891032	0.105992771729	0.61831406376	0.275236139695	0.472455827533	0.00101334247849	0.000150490341582	0.968199080328	0.527269773471	0.00012390865464	0.000406152947874	0.15171621934	0.0111754799981
48	middle	noError	0.864975087195	0.0195980117305	0.000288966160927	0.00290443470643	0.0670167641858	0.632213512455	0.300480757198	0.472455827533	0.000876603659057	0.000150490341582	0.969176222425	0.527269773471	0.00012390865464	0.000393673147062	0.13124387444	0.0108320926976
49	right	noError	0.881027448352	0.0190138348963	0.000173273671691	0.00255914261257	0.220075396021	0.599573125685	0.180178204622	0.472455827533	0.000772389123867	0.000150490341582	0.970095016487	0.527269773471	0.00012390865464	0.000381938551944	0.115641019911	0.010509210065
