Trial	nTrans	naoDecision	humanDecision	guessCorr	errpDetector	x01	x12	x32	x00	x33	x30	x31	x21	x02	x20	x13	x23	x22	x10	x03	x11
1	7	left	right	0	ERROR	0.166666666667	0.1875	0.166666666667	0.277777777778	0.277777777778	0.277777777778	0.277777777778	0.214285714286	0.277777777778	0.214285714286	0.3125	0.357142857143	0.214285714286	0.1875	0.277777777778	0.3125
2	4	middle	middle	1	noError	0.166666666667	0.261363636364	0.242424242424	0.277777777778	0.252525252525	0.252525252525	0.252525252525	0.178571428571	0.277777777778	0.178571428571	0.284090909091	0.464285714286	0.178571428571	0.170454545455	0.277777777778	0.284090909091
3	17	middle	middle	1	noError	0.222222222222	0.350852272727	0.214015151515	0.231481481481	0.282828282828	0.220328282828	0.282828282828	0.214285714286	0.231481481481	0.137362637363	0.240056818182	0.510989010989	0.137362637363	0.106534090909	0.314814814815	0.302556818182
4	14	middle	right	0	ERROR	0.246913580247	0.000182067207627	0.142518939394	0.257201646091	0.353535353535	0.275410353535	0.228535353535	0.000205839974123	0.146090534979	0.0769072430789	0.437064745582	0.640139699745	0.282747217202	0.193963644489	0.349794238683	0.368789542722
5	18	left	middle	0	noError	0.297942386831	0.000140051698175	0.214074337121	0.238134430727	0.28345959596	0.35963147096	0.14283459596	0.000147028552945	0.0973936899863	0.0549337450564	0.413126727371	0.600099785532	0.344819440858	0.226125880376	0.366529492455	0.360607340555
6	11	right	middle	0	ERROR	0.372427983539	0.000175064622718	0.190123895202	0.297668038409	0.305765993266	0.432719118266	0.071390993266	0.000197309730506	0.121742112483	0.000134198240106	0.516408409213	0.805323351066	0.194345140964	0.15765735047	0.208161865569	0.325759175694
7	15	right	middle	0	ERROR	0.215534979424	0.000350129245436	0.000196087618732	0.372085048011	0.207394017623	0.652420996074	0.139988898684	0.00028187104358	0.152177640604	0.00019171177158	0.632816818426	0.864747644379	0.134778772805	0.31531470094	0.260202331962	0.0515183513878
8	8	middle	middle	1	noError	0.153953556731	0.000318299314033	0.000150836629794	0.408632177151	0.15953385971	0.732631535441	0.107683768219	0.00028187104358	0.108698314717	0.00019171177158	0.66619710766	0.864747644379	0.134778772805	0.286649728128	0.328715951401	0.046834864898
9	7	right	right	1	noError	0.181395397665	0.000289363012757	0.000125697191495	0.363308697965	0.132944883092	0.777192946201	0.0897364735156	0.00028187104358	0.0776416533692	0.00019171177158	0.605633734237	0.864747644379	0.134778772805	0.351499752843	0.377654251001	0.0425771499073
10	7	left	middle	0	ERROR	0.251080769585	0.000289363012757	0.000157121489369	0.502878400754	0.166181103865	0.721491182751	0.112170591894	0.000352338804475	0.000138416284435	0.000239639714475	0.605633734237	0.955934555474	0.0434734660068	0.351499752843	0.245902413377	0.0425771499073
11	5	right	middle	0	ERROR	0.418467949308	0.000321514458619	0.000157121489369	0.171464001256	0.166181103865	0.721491182751	0.112170591894	0.000352338804475	0.000230693807392	0.000239639714475	0.672926371374	0.955934555474	0.0434734660068	0.279444169826	0.409837355628	0.0473079443414
12	10	right	middle	0	ERROR	0.364113248847	0.000427095977173	0.000224459270526	0.285773335427	0.0945444340927	0.74498740393	0.160243702706	0.000352338804475	0.000384489678987	0.000239639714475	0.761068567432	0.955934555474	0.0434734660068	0.238371497782	0.349728926047	0.000132838808869
13	4	left	right	0	ERROR	0.364113248847	0.000533869971466	0.000267259138557	0.285773335427	0.112572155972	0.887041516901	0.000119067988562	0.000352338804475	0.000384489678987	0.000239639714475	0.70133570929	0.955934555474	0.0434734660068	0.297964372228	0.349728926047	0.000166048511087
14	23	right	right	1	ERROR	0.0011579726548	0.000889783285776	0.00089086379519	0.993231769347	0.375240519906	0.623471723004	0.000396893295207	0.000352338804475	0.00445228534319	0.000239639714475	0.835559515483	0.955934555474	0.0434734660068	0.163273953713	0.0011579726548	0.000276747518478
15	7	right	right	1	noError	0.00115030217458	0.000889783285776	0.00089086379519	0.993276602512	0.375240519906	0.623471723004	0.000396893295207	0.000352338804475	0.00442279313841	0.000239639714475	0.835559515483	0.955934555474	0.0434734660068	0.163273953713	0.00115030217458	0.000276747518478
16	5	right	right	1	ERROR	0.00164328882082	0.000889783285776	0.000989848661323	0.990395146446	0.416933911006	0.581635247782	0.00044099255023	0.000391487560527	0.00631827591202	0.000266266349417	0.835559515483	0.951038394971	0.0483038511187	0.163273953713	0.00164328882082	0.000276747518478
17	5	right	right	1	ERROR	0.00234755545832	0.000988648095307	0.00109983184591	0.986278780638	0.463259901118	0.535150275314	0.000489991722478	0.000391487560527	0.00902610844574	0.000266266349417	0.817288350537	0.951038394971	0.0483038511187	0.181415504125	0.00234755545832	0.000307497242753
18	5	right	right	1	noError	0.00231600859717	0.000898770995734	0.00109983184591	0.986463168785	0.463259901118	0.535150275314	0.000489991722478	0.000391487560527	0.00890481402059	0.000266266349417	0.742989409579	0.951038394971	0.0483038511187	0.255832276477	0.00231600859717	0.000279542947957
19	6	left	left	1	noError	0.00228530138814	0.000898770995734	0.00109983184591	0.986642649253	0.463259901118	0.535150275314	0.000489991722478	0.000391487560527	0.00878674797117	0.000266266349417	0.742989409579	0.951038394971	0.0483038511187	0.255832276477	0.00228530138814	0.000279542947957
20	3	left	left	1	noError	0.00225540074933	0.000898770995734	0.00109983184591	0.9868174154	0.463259901118	0.535150275314	0.000489991722478	0.000391487560527	0.00867178310099	0.000266266349417	0.742989409579	0.951038394971	0.0483038511187	0.255832276477	0.00225540074933	0.000279542947957
21	4	left	left	1	noError	0.00222627531419	0.000898770995734	0.000999847132649	0.986987650563	0.421145364653	0.577409341194	0.000445447020435	0.000391487560527	0.00855979880892	0.000266266349417	0.742989409579	0.951038394971	0.0483038511187	0.255832276477	0.00222627531419	0.000279542947957
22	3	right	left	0	ERROR	0.00247363923799	0.000998634439704	0.0011109412585	0.985541833959	0.467939294059	0.530454823549	0.000494941133816	0.000391487560527	0.00951088756547	0.000266266349417	0.71443267731	0.951038394971	0.0483038511187	0.284258084975	0.00247363923799	0.000310603275508
23	4	left	middle	0	ERROR	0.00247363923799	0.000998634439704	0.00138867657312	0.985541833959	0.459924117573	0.538068529436	0.00061867641727	0.000459602407268	0.00951088756547	0.000312593981279	0.71443267731	0.99911040463	0.000117398981119	0.284258084975	0.00247363923799	0.000310603275508
24	5	middle	middle	1	ERROR	0.00247363923799	0.00110959382189	0.00231446095521	0.985541833959	0.0998735292888	0.896780882394	0.00103112736212	0.000459602407268	0.00951088756547	0.000312593981279	0.682702974789	0.99911040463	0.000117398981119	0.315842316639	0.00247363923799	0.000345114750565
25	3	left	left	1	noError	0.00243862505455	0.00110959382189	0.00231446095521	0.985746488247	0.0998735292888	0.896780882394	0.00103112736212	0.000459602407268	0.00937626164393	0.000312593981279	0.682702974789	0.99911040463	0.000117398981119	0.315842316639	0.00243862505455	0.000345114750565
26	4	right	right	1	noError	0.00240459163853	0.00110959382189	0.00210405541382	0.985945410051	0.0907941175353	0.90616443854	0.000937388511015	0.000459602407268	0.00924540667194	0.000312593981279	0.682702974789	0.99911040463	0.000117398981119	0.315842316639	0.00240459163853	0.000345114750565
27	3	right	right	1	noError	0.00237149835147	0.00110959382189	0.00210405541382	0.986138836898	0.0907941175353	0.90616443854	0.000937388511015	0.000459602407268	0.00911816639876	0.000312593981279	0.682702974789	0.99911040463	0.000117398981119	0.315842316639	0.00237149835147	0.000345114750565
28	3	middle	left	0	ERROR	0.0026349981683	0.00110959382189	0.00233783934869	0.984598707665	0.100882352817	0.895738265044	0.00104154279002	0.000510669341409	0.0101312959986	0.000347326645866	0.682702974789	0.9990115607	0.000130443312355	0.315842316639	0.0026349981683	0.000345114750565
29	4	left	left	1	noError	0.00259528692438	0.00110959382189	0.00212530849881	0.984830815787	0.0917112298337	0.905216604586	0.000946857081834	0.000510669341409	0.00997861036434	0.000347326645866	0.682702974789	0.9990115607	0.000130443312355	0.315842316639	0.00259528692438	0.000345114750565
30	3	left	left	1	noError	0.00255675865718	0.00110959382189	0.00212530849881	0.985056009532	0.0917112298337	0.905216604586	0.000946857081834	0.000510669341409	0.00983047315349	0.000347326645866	0.682702974789	0.9990115607	0.000130443312355	0.315842316639	0.00255675865718	0.000345114750565
31	3	middle	middle	1	noError	0.00251936128232	0.00110959382189	0.00212530849881	0.985274593328	0.0917112298337	0.905216604586	0.000946857081834	0.000510669341409	0.00968668410694	0.000347326645866	0.682702974789	0.9990115607	0.000130443312355	0.315842316639	0.00251936128232	0.000345114750565
32	4	left	left	1	noError	0.00248304572876	0.00110959382189	0.0019414823571	0.985486853991	0.083778771303	0.913414786585	0.000864959755305	0.000510669341409	0.0095470545516	0.000347326645866	0.682702974789	0.9990115607	0.000130443312355	0.315842316639	0.00248304572876	0.000345114750565
33	3	right	left	0	noError	0.00244776572398	0.00100872165627	0.00178693859165	0.985693061978	0.0771099047355	0.920307048503	0.000796108170295	0.000510669341409	0.0094114065745	0.000347326645866	0.711548158899	0.9990115607	0.000130443312355	0.287129378763	0.00244776572398	0.000313740682332
34	3	left	left	1	noError	0.00241347759734	0.00100872165627	0.00178693859165	0.985893472539	0.0771099047355	0.920307048503	0.000796108170295	0.000510669341409	0.00927957226643	0.000347326645866	0.711548158899	0.9990115607	0.000130443312355	0.287129378763	0.00241347759734	0.000313740682332
35	4	middle	middle	1	noError	0.00238014009967	0.00100872165627	0.00165519660828	0.986088326772	0.0714249797839	0.926182408484	0.00073741512409	0.000510669341409	0.00915139302867	0.000347326645866	0.711548158899	0.9990115607	0.000130443312355	0.287129378763	0.00238014009967	0.000313740682332
36	3	right	middle	0	ERROR	0.00264460011074	0.00100872165627	0.00183910734254	0.984542585302	0.0793610886488	0.917980453871	0.000819350137878	0.000567410379343	0.0101682144763	0.000385918495406	0.711548158899	0.998901734112	0.000144937013728	0.287129378763	0.00264460011074	0.000313740682332
37	6	right	right	1	noError	0.00260460018557	0.00100872165627	0.00169985591731	0.984776380736	0.0733521165531	0.924190716008	0.000757311521738	0.000566844517797	0.0100144188924	0.000385533630334	0.711548158899	0.99890282938	0.000144792472341	0.287129378763	0.00260460018557	0.000313740682332
38	3	left	left	1	noError	0.00256579606281	0.00100872165627	0.00169985591731	0.985003186829	0.0733521165531	0.924190716008	0.000757311521738	0.000566844517797	0.00986522104537	0.000385533630334	0.711548158899	0.99890282938	0.000144792472341	0.287129378763	0.00256579606281	0.000313740682332
39	3	right	middle	0	noError	0.00252813490939	0.00100872165627	0.00158021869161	0.985223312384	0.0681895356345	0.929526234346	0.000704011328161	0.000566279840177	0.0097204177975	0.000385149570498	0.711548158899	0.998903922356	0.000144648233373	0.287129378763	0.00252813490939	0.000313740682332
40	3	left	left	1	ERROR	0.00361162129913	0.00100872165627	0.00158021869161	0.978890446262	0.0681895356345	0.929526234346	0.000704011328161	0.000566279840177	0.0138863111393	0.000385149570498	0.711548158899	0.998903922356	0.000144648233373	0.287129378763	0.00361162129913	0.000313740682332
41	3	left	left	1	noError	0.00353730411818	0.00100872165627	0.00158021869161	0.979324822515	0.0681895356345	0.929526234346	0.000704011328161	0.000566279840177	0.0136005692488	0.000385149570498	0.711548158899	0.998903922356	0.000144648233373	0.287129378763	0.00353730411818	0.000313740682332
42	3	middle	left	0	noError	0.00346599074347	0.00100872165627	0.00147632419844	0.97974164183	0.0637062844985	0.934159666543	0.000657724760033	0.000565716342776	0.0133263766833	0.000384766313375	0.711548158899	0.998905013048	0.000144504295874	0.287129378763	0.00346599074347	0.000313740682332
43	3	left	middle	0	ERROR	0.00385110082608	0.00100872165627	0.00164036022049	0.977490713144	0.0707847605539	0.926844073937	0.000730805288926	0.000628573714195	0.0148070852037	0.000427518125973	0.711548158899	0.998783347831	0.000160560328749	0.287129378763	0.00385110082608	0.000313740682332
44	3	middle	left	0	ERROR	0.00427900091786	0.00100872165627	0.00182262246721	0.974989681271	0.0786497339487	0.918715637707	0.000812005876584	0.000698415237994	0.016452316893	0.00047502013997	0.711548158899	0.998648164257	0.000178400365277	0.287129378763	0.00427900091786	0.000313740682332
45	5	right	right	1	ERROR	0.00713166819644	0.00100872165627	0.00202513607468	0.958316135452	0.0873885932764	0.909684041897	0.00090222875176	0.000698415237994	0.0274205281549	0.00047502013997	0.711548158899	0.998648164257	0.000178400365277	0.287129378763	0.00713166819644	0.000313740682332
46	4	middle	middle	1	noError	0.00684694573253	0.00100872165627	0.00185755497306	0.959980308867	0.0801571400848	0.917157736106	0.000827568836298	0.000698415237994	0.0263257996674	0.00047502013997	0.711548158899	0.998648164257	0.000178400365277	0.287129378763	0.00684694573253	0.000313740682332
47	3	right	right	1	noError	0.0065841100913	0.00100872165627	0.00185755497306	0.961516556063	0.0801571400848	0.917157736106	0.000827568836298	0.000698415237994	0.0253152237542	0.00047502013997	0.711548158899	0.998648164257	0.000178400365277	0.287129378763	0.0065841100913	0.000313740682332
48	3	middle	middle	1	noError	0.0063407309985	0.00100872165627	0.00185755497306	0.962939081741	0.0801571400848	0.917157736106	0.000827568836298	0.000698415237994	0.0243794562616	0.00047502013997	0.711548158899	0.998648164257	0.000178400365277	0.287129378763	0.0063407309985	0.000313740682332
49	4	middle	middle	1	noError	0.00611472514234	0.00100872165627	0.00171560216591	0.964260062645	0.0740315980615	0.923488473059	0.000764326713655	0.000698415237994	0.0235104870708	0.00047502013997	0.711548158899	0.998648164257	0.000178400365277	0.287129378763	0.00611472514234	0.000313740682332
50	2	middle	left	0	ERROR	0.00611472514234	0.00100872165627	0.00190622462879	0.964260062645	0.0822573311795	0.914987192288	0.000849251904061	0.000776016931105	0.0235104870708	0.000527800155522	0.711548158899	0.998497960285	0.000198222628085	0.287129378763	0.00611472514234	0.000313740682332
