Trial	nTrans	naoDecision	humanDecision	guessCorr	errpDetector	x01	x12	x32	x00	x33	x30	x31	x21	x02	x20	x13	x23	x22	x10	x03	x11
1	13	left	left	1	noError	0.305555555556	0.192307692308	0.227272727273	0.361111111111	0.227272727273	0.318181818182	0.227272727273	0.227272727273	0.194444444444	0.318181818182	0.192307692308	0.227272727273	0.227272727273	0.346153846154	0.138888888889	0.269230769231
2	38	left	middle	0	noError	0.356688009593	0.346153846154	0.328671328671	0.393849210691	0.174825174825	0.321678321678	0.174825174825	0.172248803828	0.115978309868	0.430622009569	0.0961538461538	0.224880382775	0.172248803828	0.323076923077	0.133484469848	0.234615384615
3	42	right	left	0	ERROR	0.00022552389688	0.000810524346904	0.0881449360734	0.437176294022	0.000307432338012	0.37407850919	0.537469122399	0.000763813512555	0.26155880395	0.997708559462	0.000810524346904	0.000763813512555	0.000763813512555	0.997568426959	0.301039378131	0.000810524346904
4	31	middle	middle	1	noError	9.24907052572e-05	0.000808638946138	0.0629606686239	0.30232696524	0.000219594527152	0.338627506564	0.598192230285	0.000762143320787	0.410073865634	0.997713570038	0.000808638946138	0.000762143320787	0.000762143320787	0.997574083162	0.28750667842	0.000808638946138
5	30	left	left	1	noError	3.57465930889e-05	0.000808638946138	0.0484312835568	0.386449841962	0.00016891886704	0.414328851203	0.537070946373	0.000760480583254	0.386449841962	0.99771855825	0.000808638946138	0.000760480583254	0.000760480583254	0.997574083162	0.227064569484	0.000808638946138
6	26	left	left	1	noError	1.4894413787e-05	0.000806762483693	0.030269552223	0.327687434151	0.0001055742919	0.508955532002	0.460669341483	0.000758825250172	0.369354100817	0.997723524249	0.000806762483693	0.000758825250172	0.000758825250172	0.997579712549	0.302943570618	0.000806762483693
7	16	left	left	1	noError	7.44720689352e-06	0.000806762483693	0.0252246268525	0.413843717075	8.79785765832e-05	0.590796276668	0.383891117903	0.0007571772722	0.334677050409	0.997728468183	0.000806762483693	0.0007571772722	0.0007571772722	0.997579712549	0.251471785309	0.000806762483693
8	10	middle	middle	1	noError	4.96480459568e-06	0.000804894896166	0.0210205223771	0.34256247805	7.3315480486e-05	0.57566356389	0.403242598252	0.000755536600434	0.356451366939	0.997733390199	0.000804894896166	0.000755536600434	0.000755536600434	0.997585315312	0.300981190206	0.000804894896166
9	19	right	right	1	noError	2.36419266461e-06	0.000803036120752	0.0175171019809	0.401220227643	6.10962337383e-05	0.563052969909	0.419368831877	0.000753903186401	0.407833984257	0.997738290441	0.000803036120752	0.000753903186401	0.000753903186401	0.997590891638	0.190943423908	0.000803036120752
10	29	left	left	1	noError	1.07852256621e-06	0.00080118609524	0.0145975849841	0.365509168925	5.09135281153e-05	0.469210808257	0.516140693231	0.000752276982058	0.456145021554	0.997743169054	0.00080118609524	0.000752276982058	0.000752276982058	0.997596441714	0.178344730998	0.00080118609524
11	17	middle	middle	1	noError	5.13582174387e-07	0.000799344758	0.0121646541534	0.459766270917	4.2427940096e-05	0.474342340214	0.513450577692	0.000750657939783	0.407688105502	0.997748026181	0.000799344758	0.000750657939783	0.000750657939783	0.997601965726	0.132545109999	0.000799344758
12	26	left	left	1	noError	2.10472962308e-07	0.00079751204798	0.00868903868101	0.409772623558	3.03056714972e-05	0.481673100153	0.509607555494	0.000749046012375	0.371982934658	0.997752861963	0.00079751204798	0.000749046012375	0.000749046012375	0.997607463856	0.218244231311	0.00079751204798
13	42	left	left	1	noError	7.21280866371e-08	0.000795687904699	0.00543064917563	0.34266099093	1.89410446857e-05	0.426045687596	0.568504722184	0.000747441153045	0.34266099093	0.997757676541	0.000795687904699	0.000747441153045	0.000747441153045	0.997612936286	0.314677946011	0.000795687904699
14	21	middle	middle	1	noError	3.60640433185e-08	0.00079387226824	0.00387903512545	0.371330495465	1.35293176327e-05	0.304318348283	0.691789087274	0.000745843315414	0.321330495465	0.997762470054	0.00079387226824	0.000745843315414	0.000745843315414	0.997618383195	0.307338973006	0.00079387226824
15	38	right	right	1	noError	1.27835429504e-08	0.000792065079245	0.00275477953504	0.354432376958	9.60813350028e-06	0.287135299236	0.710100313096	0.000744252453507	0.2911352333	0.997767242639	0.000792065079245	0.000744252453507	0.000744252453507	0.997623804762	0.354432376958	0.000792065079245
16	11	left	left	1	noError	6.72818050022e-09	0.000792065079245	0.00229564961254	0.502332829978	8.0067779169e-06	0.405946082696	0.591750260913	0.000744252453507	0.205860649105	0.997767242639	0.000792065079245	0.000744252453507	0.000744252453507	0.997623804762	0.291806514189	0.000792065079245
17	28	left	left	1	noError	2.69389371424e-09	0.000790266278905	0.00153043307502	0.400349592997	5.3378519446e-06	0.403964055131	0.594500173942	0.00074266852175	0.28261928551	0.997771994435	0.000790266278905	0.00074266852175	0.00074266852175	0.997629201163	0.317031118799	0.000790266278905
18	20	left	left	1	noError	1.22474743278e-09	0.000790266278905	0.00117725621156	0.454592900811	4.10603995738e-06	0.541510811639	0.457307826109	0.000741091474967	0.264881079176	0.997776725575	0.000790266278905	0.000741091474967	0.000741091474967	0.997629201163	0.280526018788	0.000790266278905
19	11	middle	middle	1	noError	8.16498288518e-10	0.000788475808955	0.00084089729397	0.369728600541	2.93288568385e-06	0.601079151171	0.398077018649	0.000739521268371	0.243254052784	0.997781436195	0.000788475808955	0.000739521268371	0.000739521268371	0.997634572573	0.387017345858	0.000788475808955
20	40	right	right	1	noError	3.08922281558e-10	0.00078669361167	0.000467471396341	0.37831235371	1.63044901651e-06	0.555864137694	0.443666760461	0.000737957857565	0.243375292271	0.997786126427	0.00078669361167	0.000737957857565	0.000737957857565	0.997639919165	0.37831235371	0.00078669361167
21	28	left	left	1	noError	1.33065095367e-10	0.000784919629858	0.000333908140244	0.43069664055	1.16460644036e-06	0.468474384067	0.531190543186	0.000736401198532	0.234053318271	0.997790796404	0.000784919629858	0.000736401198532	0.000736401198532	0.99764524111	0.335250041046	0.000784919629858
22	15	middle	middle	1	ERROR	4.43550317892e-10	0.00112131375694	0.00047701162892	0.768988801834	1.66372348623e-06	0.526391977239	0.473129347409	0.000920501498165	0.113511060904	0.997238495506	0.00112131375694	0.000920501498165	0.000920501498165	0.996636058729	0.117500136819	0.00112131375694
23	18	right	right	1	noError	2.71964726461e-10	0.00111766576153	0.000366932022246	0.613092853323	1.2797872971e-06	0.481839982491	0.517791805699	0.000918058082453	0.130915197065	0.997245825753	0.00111766576153	0.000918058082453	0.000918058082453	0.996647002715	0.25599194934	0.00111766576153
24	20	right	right	1	noError	1.36885317186e-10	0.00111404178663	0.000244621348164	0.503269782209	8.53191531401e-07	0.521226654994	0.478527870466	0.000915627846602	0.116224263362	0.99725311646	0.00111404178663	0.000915627846602	0.000915627846602	0.99665787464	0.380505954292	0.00111404178663
25	15	middle	middle	1	noError	7.21729074558e-11	0.00111044159577	0.000174729534403	0.527198180552	6.09422522429e-07	0.515161896424	0.484662764619	0.000915627846602	0.0612793481154	0.99725311646	0.00111044159577	0.000915627846602	0.000915627846602	0.996668675213	0.41152247126	0.00111044159577
26	18	middle	middle	1	noError	3.85394549769e-11	0.0011068649556	0.000124806810288	0.533934441466	4.35301801735e-07	0.439401354589	0.560473403299	0.000915627846602	0.0327224267521	0.99725311646	0.0011068649556	0.000915627846602	0.000915627846602	0.996679405133	0.433343131743	0.0011068649556
27	36	left	left	1	noError	1.7262740349e-11	0.00110331163581	7.61283308071e-05	0.447879039422	2.65520763547e-07	0.390015238179	0.60990836797	0.000913210684273	0.104241921138	0.997260367947	0.00110331163581	0.000913210684273	0.000913210684273	0.996690065093	0.447879039422	0.00110331163581
28	67	left	left	1	noError	7.18071519346e-12	0.00109978140908	3.82556034818e-05	0.415924527439	1.33428080437e-07	0.497497186543	0.502464424426	0.000910806490268	0.168150945115	0.997267580529	0.00109978140908	0.000910806490268	0.000910806490268	0.996700655773	0.415924527439	0.00109978140908
29	14	middle	middle	1	noError	3.77932378603e-12	0.00109627405102	2.94273872937e-05	0.482065540757	1.02636984951e-07	0.459613220418	0.540357249558	0.000908415160512	0.141132076376	0.997274754518	0.00109627405102	0.000908415160512	0.000908415160512	0.996711177847	0.376802382863	0.00109627405102
30	27	right	right	1	noError	1.6305408572e-12	0.00109278934016	1.96182581958e-05	0.431394052329	6.84246566342e-08	0.439742146945	0.560238166372	0.000906036592042	0.190320786119	0.997281890224	0.00109278934016	0.000906036592042	0.000906036592042	0.99672163198	0.378285161551	0.00109278934016
31	23	right	right	1	noError	7.41154935093e-13	0.00108932705788	1.40130415684e-05	0.332451841968	4.88747547387e-08	0.456958676389	0.543027261694	0.000903670682993	0.268327630054	0.997288987951	0.00108932705788	0.000903670682993	0.000903670682993	0.996732018826	0.399220527978	0.00108932705788
32	22	middle	middle	1	noError	3.52930921473e-13	0.00108588698834	1.0779262745e-05	0.348786591413	3.75959651836e-08	0.351506674146	0.648482508996	0.000901317332578	0.318251252407	0.997296048002	0.00108588698834	0.000901317332578	0.000901317332578	0.996742339035	0.33296215618	0.00108588698834
33	15	right	right	1	noError	1.85753116565e-13	0.00108588698834	1.0779262745e-05	0.34146662706	3.75959651836e-08	0.351506674146	0.648482508996	0.000898976441078	0.430658553898	0.997303070677	0.00108588698834	0.000898976441078	0.000898976441078	0.996742339035	0.227874819042	0.00108588698834
34	39	middle	middle	1	noError	6.80994359254e-14	0.00108246891849	6.7370392156e-06	0.366575954369	2.34974782398e-08	0.469691671341	0.530301568122	0.000896647909828	0.366575954369	0.997310056271	0.00108246891849	0.000896647909828	0.000896647909828	0.996752593245	0.266848091261	0.00108246891849
35	34	left	left	1	noError	2.61920907405e-14	0.00107907263798	4.03512550501e-06	0.294836905527	1.40737304199e-08	0.401109427605	0.598886523196	0.000894331641202	0.333298443988	0.997317005076	0.00107907263798	0.000894331641202	0.000894331641202	0.996762782086	0.371864650485	0.00107907263798
36	35	left	left	1	noError	9.60108187205e-15	0.00107569793914	2.37360323824e-06	0.29135872659	8.27866495289e-09	0.53006436918	0.469933248939	0.000892027538598	0.342113764821	0.997323917384	0.00107569793914	0.000892027538598	0.000892027538598	0.996772906183	0.366527508589	0.00107569793914
37	14	right	right	1	noError	5.33393437336e-15	0.00107234461692	1.97800269854e-06	0.328532625883	6.89888746074e-09	0.525053640983	0.474944374115	0.000889735506427	0.412285424901	0.997330793481	0.00107234461692	0.000889735506427	0.000889735506427	0.996782966149	0.259181949216	0.00107234461692
38	16	left	left	1	noError	2.80733388072e-15	0.00106901246886	1.52154053733e-06	0.330806645202	5.30683650827e-09	0.557733569987	0.442264903166	0.000887455450099	0.427518644685	0.99733763365	0.00106901246886	0.000887455450099	0.000887455450099	0.996792962593	0.241674710114	0.00106901246886
39	23	left	left	1	noError	1.29228409821e-15	0.00106570129507	1.08681466952e-06	0.244343215294	3.7905975059e-09	0.612666835705	0.38733207369	0.00088518727601	0.4602783013	0.997344438172	0.00106570129507	0.00088518727601	0.00088518727601	0.996802896115	0.295378483407	0.00106570129507
40	11	right	right	1	ERROR	3.19302049736e-15	0.00106570129507	1.81135778254e-06	0.356648236814	6.31766250984e-09	0.354444726175	0.64555345615	0.000983541417788	0.643104679708	0.997049375747	0.00106570129507	0.000983541417788	0.000983541417788	0.996802896115	0.000247083478145	0.00106570129507
41	13	middle	middle	1	noError	1.81752561638e-15	0.00106570129507	1.64668889322e-06	0.430698003389	5.7433295544e-09	0.41313156925	0.586866778318	0.000980745680366	0.56916135218	0.997057762959	0.00106570129507	0.000980745680366	0.000980745680366	0.996802896115	0.000140644430965	0.00106570129507
42	12	middle	middle	1	noError	1.00973645354e-15	0.00106570129507	1.64668889322e-06	0.461498890772	5.7433295544e-09	0.41313156925	0.586866778318	0.000977966068979	0.538422973433	0.997066101793	0.00106570129507	0.000977966068979	0.000977966068979	0.996802896115	7.81357949807e-05	0.00106570129507
43	9	left	left	1	noError	6.56354475752e-16	0.00106570129507	1.49698990293e-06	0.649960529801	5.22120868582e-09	0.466483244773	0.533515253016	0.000977966068979	0.349988679937	0.997066101793	0.00106570129507	0.000977966068979	0.000977966068979	0.996802896115	5.07902617282e-05	0.00106570129507
44	16	right	right	1	noError	3.75072673615e-16	0.00106570129507	1.49698990293e-06	0.571391192111	5.22120868582e-09	0.466483244773	0.533515253016	0.000975202444521	0.428579783878	0.997074392666	0.00106570129507	0.000975202444521	0.000975202444521	0.996802896115	2.90240105976e-05	0.00106570129507
45	16	left	left	1	ERROR	2.18675490327e-15	0.00106570129507	1.49698990293e-06	0.99924776208	5.22120868582e-09	0.466483244773	0.533515253016	0.0024380061113	0.000583021653429	0.992685981666	0.00106570129507	0.0024380061113	0.0024380061113	0.996802896115	0.000169216266478	0.00106570129507
46	26	middle	middle	1	noError	2.18532954847e-15	0.00106570129507	1.49698990293e-06	0.999248252398	5.22120868582e-09	0.466483244773	0.533515253016	0.00242054426063	0.000582641632463	0.992738367218	0.00106570129507	0.00242054426063	0.00242054426063	0.996802896115	0.000169105969152	0.00106570129507
47	17	right	right	1	noError	2.18390619285e-15	0.00106241089815	1.36089991175e-06	0.999248742029	4.74655335074e-09	0.424075677066	0.575922957288	0.00242054426063	0.000582262144507	0.992738367218	0.00106241089815	0.00242054426063	0.00242054426063	0.996812767306	0.000168995826527	0.00106241089815
48	6	right	right	1	noError	2.1824848322e-15	0.00106241089815	1.36089991175e-06	0.999249230973	4.74655335074e-09	0.424075677066	0.575922957288	0.00240333247598	0.000581883188442	0.992790002572	0.00106241089815	0.00240333247598	0.00240333247598	0.996812767306	0.000168885838279	0.00106241089815
49	8	middle	middle	1	ERROR	7.27494944068e-15	0.00106241089815	1.51211101306e-06	0.997497436578	5.27394816749e-09	0.360084085629	0.639914396986	0.00240333247598	0.00193961062814	0.992790002572	0.00106241089815	0.00240333247598	0.00240333247598	0.996812767306	0.000562952794264	0.00106241089815
50	19	right	right	1	noError	7.25751280588e-15	0.00105914108317	1.37464637551e-06	0.997503434734	4.79449833408e-09	0.327349168754	0.672649451806	0.00240333247598	0.00193496175979	0.992790002572	0.00105914108317	0.00240333247598	0.00240333247598	0.99682257675	0.000561603506222	0.00105914108317
