Trial	nTrans	naoDecision	humanDecision	guessCorr	errpDetector	x01	x12	x32	x00	x33	x30	x31	x21	x02	x20	x13	x23	x22	x10	x03	x11
1	24	left	left	1	noError	0.194444444444	0.178571428571	0.25	0.194444444444	0.25	0.305555555556	0.194444444444	0.25	0.25	0.321428571429	0.321428571429	0.178571428571	0.25	0.321428571429	0.361111111111	0.178571428571
2	8	middle	middle	1	noError	0.149572649573	0.178571428571	0.269230769231	0.226495726496	0.192307692308	0.311965811966	0.226495726496	0.208333333333	0.192307692308	0.35119047619	0.321428571429	0.232142857143	0.208333333333	0.321428571429	0.431623931624	0.178571428571
3	26	middle	right	0	ERROR	0.18118375469	0.000311014351091	0.5684720014	0.000365491367219	0.194904686194	0.236412165662	0.000211146743377	0.0138888888889	0.337376646664	0.251984126984	0.0666459323766	0.386904761905	0.347222222222	0.688674634558	0.48107410728	0.244368418714
4	27	middle	left	0	noError	0.129416967635	0.000311014351091	0.577500191061	0.000261065262299	0.112568750391	0.309809109068	0.00012194947959	0.006038647343	0.312411890474	0.196514837819	0.0666459323766	0.429089026915	0.368357487923	0.688674634558	0.557910076628	0.244368418714
5	12	left	middle	0	ERROR	0.184881382336	0.000311014351091	0.555000382122	0.000372950374713	0.0251375007821	0.419618218136	0.000243898959181	0.0100644122383	0.160588414963	0.160858063032	0.0666459323766	0.215148378192	0.613929146538	0.688674634558	0.654157252326	0.244368418714
6	25	middle	left	0	ERROR	0.0001625438456	0.000444306215844	0.137500955306	0.00060620788124	0.0628437519553	0.799045545341	0.000609747397952	0.118472278976	0.0984827396689	0.716384946357	0.0952084748237	0.00117714056391	0.163965634103	0.55524947794	0.900748508604	0.34909774102
7	11	middle	middle	1	noError	0.000147881203704	0.000444306215844	0.259616119466	0.000551523503344	0.0483413476579	0.691573496416	0.000469036459963	0.0856313624229	0.0895988773521	0.722724337091	0.0952084748237	0.000850833217034	0.190793467269	0.55524947794	0.909701717941	0.34909774102
8	15	left	left	1	noError	0.000135646153674	0.000444306215844	0.329185952627	0.000505892838413	0.0872596162693	0.583278527303	0.000275903799978	0.0713594686858	0.0821858544694	0.768936947576	0.0952084748237	0.000709027680862	0.158994556057	0.55524947794	0.917172606539	0.34909774102
9	23	middle	middle	1	noError	0.000105748231749	0.000444306215844	0.327340667908	0.00039438842656	0.0539765292885	0.618512135888	0.000170666915316	0.0536149133185	0.219988951595	0.751260523858	0.0952084748237	0.000532717778732	0.194591845044	0.55524947794	0.779510911747	0.34909774102
10	25	left	left	1	noError	6.955340088e-05	0.000403914741676	0.373108835444	0.000259399669208	0.0321023664085	0.594687294551	0.000101503596498	0.0429386659183	0.342010446939	0.800791596858	0.17746224984	0.000426638584564	0.155843098639	0.504772252673	0.657660599991	0.317361582746
11	11	middle	middle	1	noError	4.82259747443e-05	0.000403914741676	0.266506311031	0.000179858953518	0.0229302617203	0.710490924679	7.25025689272e-05	0.0357822215986	0.306475087934	0.750659664049	0.17746224984	0.000355532153804	0.213202582199	0.504772252673	0.693296827138	0.317361582746
12	28	right	right	1	noError	3.0017353108e-05	0.000403914741676	0.35642574327	0.000111949830895	0.0144269100236	0.629101730653	4.56160531942e-05	0.0265202726639	0.377489039097	0.741083684913	0.17746224984	0.000263505429189	0.232132536994	0.504772252673	0.622368993719	0.317361582746
13	16	right	right	1	ERROR	0.000100057843693	0.000403914741676	0.641064358175	0.000373166102985	0.036067275059	0.322754326633	0.000114040132986	0.0378861038056	0.924963463656	0.630119549876	0.17746224984	0.000376436327412	0.331617909991	0.504772252673	0.0745633123971	0.317361582746
14	15	middle	left	0	noError	9.3082559119e-05	0.000403914741676	0.641064358175	0.000347151753027	0.036067275059	0.322754326633	0.000114040132986	0.0241346513155	0.930194449805	0.636968054941	0.17746224984	0.000239801895471	0.338657491848	0.504772252673	0.0693653158825	0.317361582746
15	10	left	middle	0	ERROR	0.000132975084456	0.000448794157418	0.641064358175	0.000495931075753	0.036067275059	0.322754326633	0.000114040132986	0.0603366282887	0.900277785436	0.842420137352	0.1971802776	0.000599504738676	0.0966437296203	0.449746947414	0.0990933084036	0.352623980829
16	28	right	middle	0	noError	0.000110847467512	0.000320567255299	0.582785780159	0.000413406045447	0.0327884318718	0.384322115121	0.000103672848169	0.12750631883	0.833512407374	0.79516183893	0.140843055428	0.00047675096555	0.076855091275	0.464104962439	0.165963339113	0.394731414878
17	39	middle	left	0	noError	7.55922022728e-05	0.000228976610928	0.701989842971	0.00028192140163	0.0234203084799	0.274515796515	7.40520344062e-05	0.368095425538	0.681879746547	0.586541688826	0.172030753877	0.000279662282711	0.0450832233536	0.545789258885	0.317762739849	0.281951010627
18	18	right	right	1	noError	4.97965703033e-05	0.000228976610928	0.693838340747	0.00018571649554	0.0180156219076	0.288089074242	5.69631033894e-05	0.260440273799	0.658686863845	0.707463912084	0.172030753877	0.000197870759665	0.0318979433575	0.545789258885	0.341077623089	0.281951010627
19	23	middle	middle	1	noError	3.23099830485e-05	0.000163554722091	0.744865283956	0.000120500202849	0.0150130182563	0.240074228535	4.74692528245e-05	0.33114412875	0.648774641575	0.590805175533	0.122879109912	0.000116914760373	0.0779337809559	0.604135184918	0.351072548239	0.272822150448
20	19	middle	left	0	ERROR	8.07749576212e-05	0.000260737282861	0.77837897708	0.000301250507123	0.0214471689376	0.200106040765	6.78132183207e-05	0.327860321876	0.621936603938	0.477012938833	0.195892633544	0.000292286900932	0.19483445239	0.803687210185	0.377681370597	0.000159418988047
21	26	left	middle	0	ERROR	0.000363166331157	0.000434562138102	0.756757954159	0.00135443019288	0.0428943378752	0.200212081529	0.000135626436641	0.000511962675275	0.997832800849	0.000511962675275	0.159821055906	0.00149639983749	0.997479674812	0.839478683642	0.000449602626671	0.000265698313412
22	14	right	middle	0	ERROR	0.00040351814573	0.000482846820113	0.756757954159	0.00150492243654	0.0428943378752	0.200212081529	0.000135626436641	0.195381350991	0.997592000944	0.195381350991	0.177578951007	0.571074095811	0.0381632022073	0.821642981825	0.000499558474079	0.000295220348235
23	19	right	middle	0	noError	0.000402588970765	0.0004097975337	0.804332862319	0.00150145707502	0.034504776038	0.161053261933	0.000109099709961	0.275211861662	0.997597545806	0.16410075055	0.150713255485	0.539485608784	0.021201779004	0.848626390148	0.000498408148542	0.000250556834105
24	17	middle	left	0	noError	0.000401664157441	0.000372543212455	0.836339481478	0.00149800798027	0.0288605925594	0.134708672443	9.125352021e-05	0.213138374427	0.99760306464	0.206826729188	0.137012050441	0.567991266709	0.012043629676	0.862387627407	0.000497263222749	0.000227778940095
25	17	left	middle	0	ERROR	0.000803328314883	0.000465679015568	0.766199259254	0.00299601596053	0.041229417942	0.192440960633	0.000130362171729	0.0437945814232	0.995206129279	0.0227557639596	0.171265063051	0.893304222364	0.0401454322532	0.827984534259	0.000994526445498	0.000284723675119
26	16	left	middle	0	noError	0.000799575212205	0.000465679015568	0.749718410924	0.00298201875003	0.105892884084	0.144290960298	9.77446947024e-05	0.0395759520398	0.995228525961	0.020563754552	0.171265063051	0.903581976552	0.0362783168565	0.827984534259	0.00098988007639	0.000284723675119
27	29	left	middle	0	ERROR	0.00133262535368	0.000465679015568	0.000941702682718	0.00497003125005	0.997196130222	0.000941702682718	0.000920464412227	0.410036909438	0.992047543269	0.213056109287	0.171265063051	0.00103607592061	0.375870905354	0.827984534259	0.00164980012732	0.000284723675119
28	37	right	right	1	noError	0.00120289064268	0.000423344559607	0.000939163307435	0.0947509125536	0.997203691078	0.000939163307435	0.000917982307609	0.268440478651	0.902557009216	0.375292689099	0.246604602773	0.000545303116112	0.355721529134	0.752713212962	0.00148918758747	0.000258839704653
29	58	right	right	1	noError	0.00100463330219	0.000314243402385	0.000936637842463	0.162652568272	0.997211210515	0.000936637842463	0.000915513799583	0.338253516156	0.835099054904	0.338253516156	0.257280286675	0.00018446914331	0.323308498545	0.742213336429	0.00124374352123	0.00019213349414
30	27	left	middle	0	noError	0.000736102437354	0.000261869501988	0.000936637842463	0.265718286301	0.997211210515	0.000936637842463	0.000915513799583	0.22791451635	0.732634310954	0.423391056553	0.214400238896	7.81103965271e-05	0.3486163167	0.785177780357	0.00091130030771	0.000160111245117
31	9	left	right	0	ERROR	0.000736102437354	0.00029096611332	0.00468318921232	0.265718286301	0.986056052577	0.00468318921232	0.00457756899791	0.22791451635	0.732634310954	0.423391056553	0.127111376551	7.81103965271e-05	0.3486163167	0.872419755953	0.00091130030771	0.000177901383463
32	8	middle	left	0	ERROR	0.000736102437354	0.000323295681467	0.00936637842463	0.265718286301	0.972112105155	0.00936637842463	0.00915513799583	0.159893145438	0.732634310954	0.529238820692	0.0301237517229	9.76379956589e-05	0.310770395875	0.969355284392	0.00091130030771	0.000197668203848
33	47	left	middle	0	noError	0.00036778505213	0.000313713395033	0.00830508863186	0.499588447155	0.886602883903	0.0969742439376	0.00811778352798	0.186964333932	0.499588447155	0.406497986225	0.0292309021304	3.96936179762e-05	0.406497986225	0.970263575035	0.000455320637684	0.000191809439081
34	19	right	right	1	noError	0.000183892526065	0.000304683660588	0.00830508863186	0.499794223578	0.886602883903	0.0969742439376	0.00811778352798	0.103869074407	0.499794223578	0.503609992347	0.0283895377258	2.20520099868e-05	0.392498881236	0.9711194901	0.000227660318842	0.000186288513528
35	18	left	left	1	noError	9.67801521088e-05	0.000296160024083	0.00830508863186	0.526233861508	0.886602883903	0.0969742439376	0.00811778352798	0.0649181715043	0.47354954379	0.564756245217	0.0275953300559	1.37825062417e-05	0.370311800772	0.971927432896	0.000119814550151	0.000181077024433
36	41	left	left	1	noError	4.83896745483e-05	0.000296160024083	0.00684505758868	0.499945851774	0.824118005997	0.162346255772	0.00669068064226	0.0318985680258	0.499945851774	0.491316644168	0.0275953300559	6.77225194011e-06	0.476778015554	0.971927432896	5.99067780081e-05	0.000181077024433
37	17	left	left	1	noError	2.4195391975e-05	0.000288101096819	0.00684505758868	0.499984388472	0.824118005997	0.162346255772	0.00669068064226	0.0212657120172	0.49996146206	0.660877762779	0.0268444226422	4.51483462674e-06	0.317852010369	0.972691326595	2.99540757278e-05	0.000176149666078
38	17	right	right	1	noError	1.20976959875e-05	0.000280469883363	0.00684505758868	0.499992194236	0.824118005997	0.162346255772	0.00669068064226	0.0138176769009	0.49998073103	0.649698214761	0.0261333683576	2.93357335427e-06	0.336481174765	0.97341467794	1.49770378639e-05	0.000171483818857
39	12	left	left	1	noError	7.56105999218e-06	0.000280469883363	0.00684505758868	0.437495121398	0.824118005997	0.162346255772	0.00669068064226	0.00891346986726	0.562487956894	0.64501280383	0.0261333683576	1.89238161264e-06	0.346071833921	0.97341467794	9.36064866494e-06	0.000171483818857
40	20	right	right	1	ERROR	0.0348561701776	0.000280469883363	0.00684505758868	0.460995815583	0.824118005997	0.162346255772	0.00669068064226	0.0445673493363	0.460995815583	0.225064019152	0.0261333683576	9.4619080632e-06	0.730359169603	0.97341467794	0.0431521986568	0.000171483818857
41	17	middle	middle	1	noError	0.0316874274342	0.000280469883363	0.00536538187625	0.419087105075	0.783754594986	0.205635647003	0.00524437613456	0.0445673493363	0.419087105075	0.225064019152	0.0261333683576	9.4619080632e-06	0.730359169603	0.97341467794	0.130138362415	0.000171483818857
42	32	right	right	1	noError	0.0152283886319	0.0002732332137	0.00536538187625	0.480533354267	0.783754594986	0.205635647003	0.00524437613456	0.0816976623839	0.441696179083	0.35323514915	0.0254590765167	5.34709790284e-06	0.565061841368	0.974100631068	0.062542078018	0.000167059202087
43	18	right	right	1	noError	0.00951774289495	0.0002732332137	0.00536538187625	0.425333346417	0.783754594986	0.205635647003	0.00524437613456	0.0990265335006	0.526060111927	0.356017856985	0.0254590765167	2.91420683491e-06	0.544952695308	0.974100631068	0.0390887987613	0.000167059202087
44	28	middle	left	0	ERROR	0.128548855795	0.000303592459667	0.00670672734532	0.342158086352	0.854693243732	0.132044558754	0.00655547016821	0.330126477212	0.00135062332754	0.330126477212	0.0282878627963	0.00962056836277	0.330126477212	0.971222923408	0.527942434525	0.000185621335652
45	12	right	right	1	noError	0.0803430348716	0.000303592459667	0.0049856479787	0.40134880397	0.743305811795	0.24683533383	0.00487320639572	0.330126477212	0.000844139579714	0.330126477212	0.0282878627963	0.00962056836277	0.330126477212	0.971222923408	0.517464021578	0.000185621335652
46	31	right	right	1	noError	0.038608135532	0.000268980797044	0.0565474397398	0.480493110326	0.538566804934	0.348398878947	0.0564868763793	0.441772064344	0.000405643816587	0.275105397677	0.113662149659	0.00801714030231	0.275105397677	0.885904410338	0.480493110326	0.000164459205827
47	14	right	right	1	noError	0.0214489641845	0.000241455890437	0.0403910283855	0.48916283907	0.456119146381	0.391713484962	0.111776340271	0.441772064344	0.000225357675882	0.275105397677	0.102031058932	0.00801714030231	0.275105397677	0.897579855144	0.48916283907	0.000147630033147
48	17	right	right	1	noError	0.0142993094563	0.000219505354942	0.0207796204548	0.392775226047	0.514409841078	0.355859809852	0.108950728616	0.441772064344	0.000150238450588	0.275105397677	0.0927555081202	0.00801714030231	0.275105397677	0.906890777404	0.592775226047	0.000134209121043
49	11	left	left	1	noError	0.0102137924688	0.000200826626532	0.0129872627843	0.28055373289	0.509006150674	0.409912381157	0.0680942053848	0.441772064344	0.000107313178991	0.275105397677	0.0848625118642	0.00801714030231	0.275105397677	0.914813872865	0.709125161462	0.000122788644659
50	25	middle	middle	1	noError	0.00734395833586	0.000185078973466	0.106493631392	0.273627133843	0.404503075337	0.404956190579	0.0840471026924	0.361181376229	7.71607135948e-05	0.250070265118	0.0782080885028	0.0720114268682	0.316736931785	0.921493672249	0.718951747107	0.000113160275105
