Trial	nTrans	naoDecision	humanDecision	guessCorr	errpDetector	x01	x12	x32	x00	x33	x30	x31	x21	x02	x20	x13	x23	x22	x10	x03	x11
1	35	middle	middle	1	noError	0.119047619048	0.194444444444	0.175	0.261904761905	0.275	0.225	0.325	0.34375	0.261904761905	0.21875	0.25	0.21875	0.21875	0.361111111111	0.357142857143	0.194444444444
2	28	middle	middle	1	noError	0.0595238095238	0.121527777778	0.0921052631579	0.280952380952	0.302631578947	0.276315789474	0.328947368421	0.341346153846	0.280952380952	0.245192307692	0.21875	0.245192307692	0.168269230769	0.413194444444	0.378571428571	0.246527777778
3	15	left	left	1	noError	0.0372023809524	0.0934829059829	0.0657894736842	0.300595238095	0.216165413534	0.483082706767	0.234962406015	0.367788461538	0.300595238095	0.204326923077	0.245192307692	0.28766025641	0.140224358974	0.394764957265	0.361607142857	0.26655982906
4	17	right	left	0	ERROR	0.0531462585034	0.263400619398	0.000142969860234	0.429421768707	0.309051389603	0.690662670677	0.000142969860234	0.239697802198	0.143707482993	0.291895604396	0.000281763405436	0.268086080586	0.200320512821	0.26701297075	0.373724489796	0.469304646447
5	22	middle	middle	1	noError	0.0253077421445	0.263400619398	8.36454117756e-05	0.442581794623	0.41483495442	0.584997754757	8.36454117756e-05	0.199748168498	0.116051182378	0.32657967033	0.000281763405436	0.223405067155	0.250267094017	0.26701297075	0.416059280855	0.469304646447
6	16	left	left	1	noError	0.0783173388403	0.302833849498	4.92031833974e-05	0.401613621639	0.420491149659	0.579410443974	4.92031833974e-05	0.181589244089	0.0725319889861	0.296890609391	0.000234802837863	0.294004606505	0.227515540016	0.222510808958	0.447537050534	0.474420538706
7	15	middle	middle	1	noError	0.0522115592269	0.309872191922	3.2802122265e-05	0.467742414426	0.413660766439	0.586273629316	3.2802122265e-05	0.234657703408	0.048354659324	0.247408841159	0.000180617567587	0.328337172087	0.189596283346	0.171162160737	0.431691367023	0.518785029774
8	15	middle	middle	1	noError	0.0326322245168	0.315286301478	2.186808151e-05	0.479839009016	0.409107177626	0.590849086211	2.186808151e-05	0.213325184916	0.0302216620775	0.224917128326	0.000138936590452	0.38939742917	0.172360257588	0.131663200567	0.457307104389	0.552911561364
9	25	middle	middle	1	noError	0.0690770892902	0.377533001344	1.15095165842e-05	0.520764707317	0.478477461908	0.521499519058	1.15095165842e-05	0.142216789944	0.0157399490013	0.216611418884	0.00012630599132	0.259598286113	0.381573505058	0.119693818697	0.394418254392	0.502646873968
10	14	right	right	1	noError	0.105673180806	0.397944167787	9.59126382016e-06	0.512977942073	0.398731218257	0.601249599215	9.59126382016e-06	0.101583421389	0.0723374681258	0.226151013489	0.000105254992766	0.256855918652	0.41540964647	0.0997448489143	0.309011408995	0.502205728306
11	25	middle	middle	1	noError	0.191045738004	0.498531548419	5.32847990009e-06	0.383111213796	0.499295121254	0.500694221786	5.32847990009e-06	0.11857848317	0.0452109175786	0.191853537346	7.51821376903e-05	0.209915246266	0.479652733218	0.142674892082	0.380632130622	0.358718377362
12	16	right	right	1	noError	0.119403586252	0.582109623682	4.44039991674e-06	0.489444508622	0.416079267712	0.583911851489	4.44039991674e-06	0.136611551981	0.0282568234867	0.182408460841	6.26517814086e-05	0.131197028916	0.549782958261	0.118895743401	0.362895081639	0.298931981135
13	28	middle	middle	1	noError	0.209701793126	0.588073082455	2.96026661116e-06	0.494722254311	0.410719511808	0.589274567659	2.96026661116e-06	0.0780585233576	0.0141284117433	0.218504506682	4.17678542724e-05	0.132103752722	0.571333217238	0.0792638289342	0.281447540819	0.332621320757
14	16	right	right	1	noError	0.181624346148	0.62552098405	2.69115146469e-06	0.586390481888	0.46429046528	0.535704152417	2.69115146469e-06	0.0487865770985	0.00828559472996	0.261565316676	3.79707766112e-05	0.0825648454512	0.607083260774	0.0720580263039	0.223699577234	0.30238301887
15	13	right	right	1	noError	0.12973167582	0.62552098405	1.92225104621e-06	0.561707487063	0.545921760914	0.454074394584	1.92225104621e-06	0.0326808882943	0.00591828194997	0.242203417992	3.79707766112e-05	0.0553080919323	0.669807601781	0.0720580263039	0.302642555167	0.30238301887
16	15	middle	middle	1	noError	0.0864877838798	0.62552098405	1.13073590953e-06	0.507804991375	0.497601035832	0.502396702696	1.13073590953e-06	0.0251391448418	0.00394552129998	0.186310321532	3.79707766112e-05	0.119467763025	0.669082770601	0.0720580263039	0.401761703445	0.30238301887
17	13	right	right	1	noError	0.116554864925	0.604600820042	8.69796853488e-07	0.50487811961	0.536616181409	0.463382078997	8.69796853488e-07	0.0209492873681	0.00246595081249	0.23859193461	3.16423138427e-05	0.0995564691874	0.640902308834	0.143381688587	0.376101064653	0.251985849058
18	9	right	middle	0	ERROR	0.116554864925	0.604600820042	8.69796853488e-07	0.50487811961	0.536616181409	0.463382078997	8.69796853488e-07	0.0583224443903	0.00246595081249	0.664235713309	3.16423138427e-05	0.277163444075	0.000278398225989	0.143381688587	0.376101064653	0.251985849058
19	7	right	right	1	noError	0.077961979322	0.604600820042	8.69796853488e-07	0.668819642786	0.536616181409	0.463382078997	8.69796853488e-07	0.0530204039912	0.00164944128567	0.694759739371	3.16423138427e-05	0.251966767341	0.000253089296354	0.143381688587	0.251568936606	0.251985849058
20	6	left	left	1	noError	0.0599707533246	0.604600820042	6.69074502683e-07	0.668322802143	0.48970475493	0.510293906921	6.69074502683e-07	0.0530204039912	0.00126880098897	0.694759739371	3.16423138427e-05	0.251966767341	0.000253089296354	0.143381688587	0.270437643543	0.251985849058
21	9	middle	middle	1	noError	0.0418913862378	0.604600820042	5.57562085569e-07	0.698460412402	0.491420629108	0.508578255767	5.57562085569e-07	0.0482003672647	0.000886295891603	0.722508853974	3.16423138427e-05	0.229060697583	0.000230081178503	0.143381688587	0.258761905469	0.251985849058
22	6	middle	right	0	ERROR	0.0598448374825	0.630751025052	5.57562085569e-07	0.569229160574	0.491420629108	0.508578255767	5.57562085569e-07	0.0535559636274	0.001266136988	0.691676504416	3.95528923034e-05	0.254511886203	0.000255645753893	0.179227110733	0.369659864956	0.189982311322
23	15	right	right	1	noError	0.0923600455044	0.562116173117	4.64635071308e-07	0.577752844285	0.492850524257	0.507148546473	4.64635071308e-07	0.0486872396613	0.000731587404815	0.719705913105	3.04253017718e-05	0.231374442003	0.000232405230812	0.137867008256	0.329155522806	0.299986393325
24	11	left	left	1	noError	0.137400032503	0.601923793743	3.09756714205e-07	0.555537745918	0.528567016171	0.471432364315	3.09756714205e-07	0.0442611269648	0.000522562432011	0.745187193732	2.76593652471e-05	0.210340401821	0.000211277482556	0.125333643869	0.306539659147	0.272714903023
25	15	left	left	1	ERROR	0.000614628272756	0.627404742178	4.42509591722e-07	0.341350688463	0.61223859453	0.38776052045	4.42509591722e-07	0.0491790299609	0.00321181644994	0.716874659702	3.45742065589e-05	0.233711557579	0.000234752758396	0.156667054837	0.654822866814	0.215893628778
26	6	middle	middle	1	noError	0.000472790979043	0.627404742178	3.68757993101e-07	0.41642360651	0.593532162109	0.406467100375	3.68757993101e-07	0.0447082090554	0.00247062803841	0.742613327002	3.45742065589e-05	0.212465052344	0.000213411598541	0.156667054837	0.580632974472	0.215893628778
27	17	right	right	1	ERROR	0.000945581958086	0.586005269087	1.78516654318e-06	0.432847213021	0.000484102467358	0.9995123272	1.78516654318e-06	0.0496757878393	0.00494125607683	0.71401480778	3.84157850654e-05	0.236072280382	0.000237123998379	0.174074505374	0.561265948944	0.239881809754
28	9	left	left	1	noError	0.000630387972057	0.586005269087	1.78447475086e-06	0.355231475347	0.000483914866727	0.999512516184	1.78447475086e-06	0.0496757878393	0.00329417071788	0.71401480778	3.84157850654e-05	0.236072280382	0.000237123998379	0.174074505374	0.640843965963	0.239881809754
29	11	right	right	1	ERROR	0.00157596993014	0.586005269087	2.97412458477e-06	0.388078688368	0.000806524777878	0.999187526973	2.97412458477e-06	0.0551953198215	0.00823542679471	0.682238675311	3.84157850654e-05	0.262302533758	0.00026347110931	0.174074505374	0.602109914907	0.239881809754
30	5	left	left	1	noError	0.00121228456165	0.586005269087	2.97200710987e-06	0.375445144898	0.000805950559843	0.999188105426	2.97200710987e-06	0.0551953198215	0.00633494368824	0.682238675311	3.84157850654e-05	0.262302533758	0.00026347110931	0.174074505374	0.617007626852	0.239881809754
31	9	right	right	1	noError	0.00075767785103	0.586005269087	2.96989285925e-06	0.422153215561	0.000805377216172	0.999188682998	2.96989285925e-06	0.0551953198215	0.00395933980515	0.682238675311	3.84157850654e-05	0.262302533758	0.00026347110931	0.174074505374	0.573129766782	0.239881809754
32	9	middle	middle	1	noError	0.000541198465022	0.623641153716	2.96778182558e-06	0.372966582544	0.000804804744874	0.999189259691	2.96778182558e-06	0.050177563474	0.00282809986082	0.711126068465	3.49234409686e-05	0.238456848871	0.000239519190282	0.15824955034	0.62366411913	0.218074372503
33	8	middle	middle	1	noError	0.000386570332158	0.657855594287	2.96567400153e-06	0.337833273246	0.000804233143961	0.999189835508	2.96567400153e-06	0.0456159667946	0.00202007132916	0.737387334968	3.17485826987e-05	0.216778953519	0.000217744718438	0.143863227582	0.659760085093	0.198249429549
34	6	right	right	1	noError	0.000276121665827	0.657855594287	2.96356937978e-06	0.455595195175	0.000803662411453	0.99919041045	2.96356937978e-06	0.0414690607224	0.00144290809226	0.761261213607	3.17485826987e-05	0.197071775927	0.000197949744035	0.143863227582	0.542685775066	0.198249429549
35	6	middle	middle	1	noError	0.000212401281406	0.657855594287	2.96146795307e-06	0.427380919366	0.000803092545375	0.999190984519	2.96146795307e-06	0.0414690607224	0.00110992930173	0.761261213607	3.17485826987e-05	0.197071775927	0.000197949744035	0.143863227582	0.571296750051	0.198249429549
36	5	left	left	1	noError	0.000163385601081	0.657855594287	2.95936971413e-06	0.482600707204	0.000802523543758	0.999191557717	2.95936971413e-06	0.0376991461112	0.000853791770565	0.782964739643	3.17485826987e-05	0.179156159933	0.000179954312759	0.143863227582	0.516382115424	0.198249429549
37	5	left	left	1	noError	0.000125681231601	0.657855594287	2.95727465572e-06	0.448154390157	0.000801955404641	0.999192130046	2.95727465572e-06	0.0376991461112	0.000656762900435	0.782964739643	3.17485826987e-05	0.179156159933	0.000179954312759	0.143863227582	0.551063165711	0.198249429549
38	4	right	right	1	noError	8.97723082864e-05	0.657855594287	2.95727465572e-06	0.534395992969	0.000801955404641	0.999192130046	2.95727465572e-06	0.0376991461112	0.000469116357453	0.782964739643	3.17485826987e-05	0.179156159933	0.000179954312759	0.143863227582	0.465045118365	0.198249429549
39	6	right	right	1	noError	6.41230773474e-05	0.657855594287	2.95518277063e-06	0.595997137835	0.000801388126065	0.999192701508	2.95518277063e-06	0.0342719510102	0.000335083112467	0.802695217857	3.17485826987e-05	0.162869236303	0.000163594829781	0.143863227582	0.403603655975	0.198249429549
40	6	middle	middle	1	ERROR	0.000106871795579	0.657855594287	3.69397846329e-06	0.493328563059	0.00100173515758	0.998990876885	3.69397846329e-06	0.0342719510102	0.000558471854111	0.802695217857	3.17485826987e-05	0.162869236303	0.000163594829781	0.143863227582	0.506006093291	0.198249429549
41	7	left	left	1	noError	7.63369968422e-05	0.657855594287	3.6906232324e-06	0.495234687899	0.00100082528418	0.998991793469	3.6906232324e-06	0.0342719510102	0.000398908467222	0.802695217857	3.17485826987e-05	0.162869236303	0.000163594829781	0.143863227582	0.504290066637	0.198249429549
42	6	left	left	1	noError	5.87207668017e-05	0.657855594287	3.68727442568e-06	0.380949759922	0.000999917152893	0.998992708298	3.68727442568e-06	0.0342719510102	0.000306852667094	0.802695217857	3.17485826987e-05	0.162869236303	0.000163594829781	0.143863227582	0.618684666644	0.198249429549
43	9	right	right	1	noError	3.91471778678e-05	0.68895963117	3.68393202473e-06	0.387299839948	0.000999010758722	0.998993621377	3.68393202473e-06	0.0311563191002	0.000204568444729	0.820632016234	2.88623479079e-05	0.148062942094	0.000148722572528	0.130784752347	0.612456444429	0.180226754135
44	8	left	left	1	noError	2.60981185785e-05	0.68895963117	3.68059601119e-06	0.391533226632	0.000998106096692	0.998994532711	3.68059601119e-06	0.0283239264547	0.000136378963153	0.836938196576	2.88623479079e-05	0.134602674631	0.000135202338662	0.130784752347	0.608304296286	0.180226754135
45	4	middle	middle	1	noError	2.17484321488e-05	0.68895963117	3.67726636678e-06	0.32627768886	0.000997203161849	0.998995442305	3.67726636678e-06	0.0283239264547	0.000113649135961	0.836938196576	2.88623479079e-05	0.134602674631	0.000135202338662	0.130784752347	0.673586913572	0.180226754135
46	5	right	right	1	noError	1.67295631914e-05	0.68895963117	3.6739430733e-06	0.250982837585	0.000996301949255	0.998996350165	3.6739430733e-06	0.0283239264547	8.74224122775e-05	0.836938196576	2.88623479079e-05	0.134602674631	0.000135202338662	0.130784752347	0.74891301044	0.180226754135
47	5	right	right	1	noError	1.39413026595e-05	0.68895963117	3.67062611262e-06	0.209152364654	0.000995402453991	0.998997256294	3.67062611262e-06	0.0283239264547	7.28520102313e-05	0.836938196576	2.88623479079e-05	0.134602674631	0.000135202338662	0.130784752347	0.790760842033	0.180226754135
48	7	middle	middle	1	noError	1.15299405925e-05	0.68895963117	3.66731546666e-06	0.172976256104	0.000994504671158	0.998998160698	3.66731546666e-06	0.0257490240497	6.02511379697e-05	0.851761996887	2.88623479079e-05	0.122366067846	0.000122911216965	0.130784752347	0.826951962817	0.180226754135
49	4	left	left	1	noError	9.82988182514e-06	0.68895963117	3.66401111743e-06	0.147471371809	0.000993608595876	0.998999063382	3.66401111743e-06	0.0257490240497	5.13672695292e-05	0.851761996887	2.88623479079e-05	0.122366067846	0.000122911216965	0.130784752347	0.85246743104	0.180226754135
50	7	middle	middle	1	noError	8.56684923459e-06	0.68895963117	3.660713047e-06	0.128522909144	0.000992714223281	0.998999964351	3.660713047e-06	0.0234082036816	4.47671357069e-05	0.774329088079	2.88623479079e-05	0.202150970769	0.000111737469968	0.130784752347	0.871423756871	0.180226754135
