Trial	naoDecision	errpDetector	x01	x12	x32	x00	x33	x30	x31	x21	x02	x20	x13	x23	x22	x10	x03	x11
0	middle	noError	0.178571428571	0.346153846154	0.269230769231	0.25	0.269230769231	0.192307692308	0.269230769231	0.233333333333	0.321428571429	0.3	0.192307692308	0.233333333333	0.233333333333	0.192307692308	0.25	0.269230769231
1	middle	noError	0.270408163265	0.247252747253	0.246153846154	0.25	0.446153846154	0.128205128205	0.179487179487	0.277777777778	0.229591836735	0.25	0.137362637363	0.194444444444	0.277777777778	0.28021978022	0.25	0.335164835165
2	middle	noError	0.225340136054	0.289377289377	0.247252747253	0.208333333333	0.461538461538	0.0915750915751	0.199633699634	0.222222222222	0.274659863946	0.205882352941	0.114468864469	0.173202614379	0.398692810458	0.31684981685	0.291666666667	0.279304029304
3	middle	ERROR	0.156675170068	0.210419210419	0.163614163614	0.260416666667	0.512820512821	0.10175010175	0.221815221815	0.676878237568	0.218324829932	0.322512572018	0.127187627188	0.000304595206906	0.000304595206906	0.352055352055	0.364583333333	0.310337810338
4	left	ERROR	0.261125283447	0.0148845863132	0.327228327228	0.434027777778	0.425641025641	0.2035002035	0.0436304436304	0.966968910812	0.03054138322	0.0321608171684	0.181696610268	0.000435136009865	0.000435136009865	0.360079074365	0.274305555556	0.443339729054
5	middle	ERROR	0.326406604308	0.0372114657829	0.212047212047	0.542534722222	0.376068376068	0.339167005834	0.0727174060507	0.952812729731	0.0381767290249	0.0459440245262	0.20424152567	0.000621622871236	0.000621622871236	0.400197685912	0.0928819444444	0.358349322635
6	right	noError	0.217604402872	0.0286242044484	0.274698141365	0.628356481481	0.384045584046	0.292778003889	0.0484782707005	0.954934730267	0.0254511526833	0.0438779324616	0.234031942823	0.000593668635735	0.000593668635735	0.384767450702	0.128587962963	0.352576402027
7	left	noError	0.202097109708	0.0220186188064	0.24979876091	0.636253459238	0.389363722697	0.328518669259	0.0323188471337	0.954934730267	0.0161950034367	0.0438779324616	0.256947648326	0.000593668635735	0.000593668635735	0.295974962078	0.145454427618	0.42505877079
8	left	noError	0.257153454585	0.0146790792043	0.24979876091	0.639466768182	0.389363722697	0.328518669259	0.0323188471337	0.956873906685	0.0103572022286	0.0419898476366	0.171298432217	0.000568122839037	0.000568122839037	0.397316641385	0.0930225750042	0.416705847193
9	left	ERROR	0.000429757541238	0.0293581584086	0.24979876091	0.599368953783	0.389363722697	0.328518669259	0.0323188471337	0.952082118539	0.000429757541238	0.0466553862628	0.342596864434	0.000631247598929	0.000631247598929	0.194633282771	0.399771531135	0.433411694387
10	right	noError	0.00025279855367	0.0293581584086	0.138777089394	0.470217031637	0.438535401498	0.404732594033	0.0179549150743	0.952082118539	0.00025279855367	0.0466553862628	0.342596864434	0.000631247598929	0.000631247598929	0.194633282771	0.529277371256	0.433411694387
11	middle	ERROR	0.00194635645347	0.0293581584086	0.277554178789	0.0007699238881	0.677070802997	0.00946518806601	0.0359098301485	0.99857097604	0.00194635645347	0.00010488286216	0.342596864434	0.000662070549075	0.000662070549075	0.194633282771	0.995337363205	0.433411694387
12	right	ERROR	0.00243294556684	0.0961091888337	0.110791683984	0.000962404860125	0.824386861424	0.0135216972372	0.051299757355	0.9979585372	0.00243294556684	0.000149832660229	0.794184278518	0.000945815070107	0.000945815070107	0.000327367907401	0.994171704006	0.109379164741
13	left	ERROR	0.00243294556684	0.000165565432704	0.000345652006749	0.000962404860125	0.775597689392	0.0467380178467	0.177318640755	0.997083624571	0.00243294556684	0.00021404665747	0.983763771788	0.00135116438587	0.00135116438587	0.000542008092423	0.994171704006	0.015528654687
14	left	ERROR	0.00270327285205	0.00020695679088	0.00443915939502	0.00106933873347	0.0012842857291	0.0012842857291	0.992992269147	0.996759582856	0.00270327285205	0.000237829619411	0.979704714735	0.00150129376207	0.00150129376207	0.000677510115528	0.993524115562	0.0194108183587
15	middle	ERROR	0.00270327285205	0.0006898559696	0.0221957969751	0.00106933873347	0.0064214286455	0.0064214286455	0.964961345734	0.996759582856	0.00270327285205	0.000237829619411	0.932349049116	0.00150129376207	0.00150129376207	0.00225836705176	0.993524115562	0.0647027278624
16	middle	ERROR	0.00270327285205	0.003449279848	0.0739859899169	0.00106933873347	0.0214047621517	0.0214047621517	0.88320448578	0.996759582856	0.00270327285205	0.000237829619411	0.661745245581	0.00150129376207	0.00150129376207	0.0112918352588	0.993524115562	0.323513639312
17	middle	ERROR	0.00300363650228	0.0114975994933	0.000234678977067	0.0011881541483	0.050232476861	0.050232476861	0.899300367301	0.996399536507	0.00300363650228	0.000264255132679	0.205817485271	0.00166810418008	0.00166810418008	0.0376394508627	0.992804572847	0.745045464373
18	middle	noError	0.00300363650228	0.0717093444683	0.000213228289465	0.0011881541483	0.0456410082001	0.0456410082001	0.90850475531	0.996412095835	0.00300363650228	0.000263333343922	0.261000290363	0.00166228541069	0.00166228541069	0.0242076991772	0.992804572847	0.643082665992
19	left	noError	0.00300363650228	0.103638066155	0.000195372199488	0.0011881541483	0.0418189546108	0.0418189546108	0.916166718579	0.996424566604	0.00300363650228	0.000262418054895	0.27824448773	0.00165650767068	0.00165650767068	0.0146109644559	0.992804572847	0.60350648166
20	left	ERROR	0.00300363650228	0.0298555731043	0.000325620332479	0.0011881541483	0.0696982576846	0.0696982576846	0.860277864298	0.996027296226	0.00300363650228	0.00029157561655	0.000820644040938	0.00184056407854	0.00184056407854	0.119904009131	0.992804572847	0.849419773724
21	right	ERROR	0.00429090928897	0.165683892079	0.000465171903542	0.001697363069	0.0995689395494	0.0995689395494	0.800396948998	0.996027296226	0.00429090928897	0.00029157561655	0.00455417480145	0.00184056407854	0.00184056407854	0.000554951303399	0.989720818353	0.829206981816
22	middle	noError	0.00429090928897	0.141526334834	0.000422883548674	0.001697363069	0.0905172177722	0.0905172177722	0.818542680907	0.996027296226	0.00429090928897	0.00029157561655	0.00389015286733	0.00184056407854	0.00184056407854	0.000474036570458	0.989720818353	0.854109475728
23	left	ERROR	0.00429090928897	0.902932408176	0.000422883548674	0.001697363069	0.0905172177722	0.0905172177722	0.818542680907	0.995034120283	0.00429090928897	0.000364469520688	0.0845859648031	0.00230070509817	0.00230070509817	0.010307266072	0.989720818353	0.00217436094899
24	middle	ERROR	0.00476767698774	0.676441360587	0.000469870609638	0.00188595896556	0.100574686414	0.100574686414	0.798380756563	0.987585300707	0.00476767698774	0.00091117380172	0.28195321601	0.00575176274543	0.00575176274543	0.0343575535732	0.988578687059	0.00724786982996
25	middle	noError	0.00476767698774	0.656335507989	0.000335621864027	0.00188595896556	0.214696204581	0.071839061724	0.713129111831	0.987736324187	0.00476767698774	0.000900089470553	0.316354644322	0.00568179317108	0.00568179317108	0.0225523376115	0.988578687059	0.00475751007769
26	right	noError	0.00476767698774	0.444903239994	0.000260824881191	0.00188595896556	0.166848820217	0.0558289454513	0.77706140945	0.987883702897	0.00476767698774	0.000889272646374	0.539032143719	0.00561351222817	0.00561351222817	0.0132660809479	0.988578687059	0.00279853533982
27	middle	noError	0.00476767698774	0.524946244441	0.000213294610758	0.00188595896556	0.136443862262	0.0456552041151	0.817687639012	0.988027567207	0.00476767698774	0.000878713760756	0.466128968733	0.00554685951624	0.00554685951624	0.00737004497107	0.988578687059	0.00155474185545
28	right	noError	0.00476767698774	0.48526249673	0.000166348896055	0.00188595896556	0.184403043876	0.0356065855424	0.779824021685	0.988168041341	0.00476767698774	0.000868403696235	0.509487628666	0.0054817774815	0.0054817774815	0.00433532057122	0.988578687059	0.000914554032621
29	middle	ERROR	0.00529741887527	0.463156241825	0.00033269779211	0.00209550996173	0.168806087752	0.0712131710849	0.759648043371	0.983097201915	0.00529741887527	0.00124057670891	0.523719071666	0.00783111068786	0.00783111068786	0.010838301428	0.987309652288	0.00228638508155
30	middle	noError	0.00523155181879	0.476972651141	0.000237641280078	0.00206945480615	0.192004348395	0.122295122203	0.685462888122	0.983376522845	0.00523155181879	0.00122007601793	0.514824419791	0.0077017005683	0.0077017005683	0.00677393839253	0.987467441556	0.00142899067597
31	middle	ERROR	0.00747364545542	0.628287751901	0.000497360514975	0.00295636400878	0.192556318845	0.000209290454424	0.806737030186	0.981529469828	0.00747364545542	0.00135564001992	0.358040699652	0.00855744507589	0.00855744507589	0.0112898973209	0.98209634508	0.00238165112662
32	left	noError	0.00747364545542	0.598165035664	0.000384607761423	0.00295636400878	0.226233139731	0.000161843835084	0.773220408673	0.981862662337	0.00747364545542	0.00133118543768	0.393656304206	0.00840307611263	0.00840307611263	0.00675389722331	0.98209634508	0.00142476290738
33	right	noError	0.00747364545542	0.56135314729	0.000269582437262	0.00295636400878	0.298758839982	0.00011344091278	0.700858136668	0.982184015269	0.00747364545542	0.00130759981823	0.433535190129	0.00825419245616	0.00825419245616	0.00422118576457	0.98209634508	0.000890476817113
34	middle	noError	0.00747364545542	0.506678321935	0.000192690758102	0.00295636400878	0.285022807704	8.10847164427e-05	0.714703416822	0.982494148664	0.00747364545542	0.00128483765397	0.490314817723	0.00811050684081	0.00811050684081	0.00248305044975	0.98209634508	0.00052380989242
35	right	noError	0.00747364545542	0.533340189374	0.000139107156661	0.00295636400878	0.27795535477	5.85366130897e-05	0.72184700146	0.982793640008	0.00747364545542	0.00126285656042	0.464891069249	0.00797175171557	0.00797175171557	0.00146061791161	0.98209634508	0.000308123466129
36	middle	noError	0.00734291473537	0.490200111396	0.000108843026713	0.00290465061163	0.217483433854	4.58013972477e-05	0.782361921722	0.983083027824	0.00734291473537	0.00124161701283	0.508759452499	0.00783767758136	0.00783767758136	0.000859187006832	0.982409519918	0.000181249097723
37	right	ERROR	0.00734291473537	0.725500278491	0.000225526917947	0.00290465061163	0.00020720382808	9.49022484111e-05	0.999472367006	0.975832896892	0.00734291473537	0.00177373858975	0.271898631248	0.0111966822591	0.0111966822591	0.00214796751708	0.982409519918	0.000453122744308
38	middle	noError	0.00734291473537	0.635099197707	0.000225430516421	0.00290465061163	0.000207115258761	9.48616824258e-05	0.999472592542	0.976400859832	0.00734291473537	0.00173205308946	0.363248686744	0.0109335435394	0.0109335435394	0.00136430887769	0.982409519918	0.00028780667204
39	middle	noError	0.00734291473537	0.550058351592	0.0002253342069	0.00290465061163	0.000207026773974	9.4821155157e-05	0.999472817864	0.976942686865	0.00734291473537	0.00169228582759	0.448969815732	0.0106825136537	0.0106825136537	0.000802534633933	0.982409519918	0.000169298042376
40	right	ERROR	0.00734291473537	0.166861171974	0.000281667758625	0.00290465061163	0.000258783467468	0.000118526443946	0.99934102233	0.942356717163	0.00734291473537	0.00423071456898	0.829899385772	0.0267062841342	0.0267062841342	0.00267511544644	0.982409519918	0.000564326807921
41	left	ERROR	0.00734291473537	0.00042874508008	0.00056333551725	0.00290465061163	0.000517566934935	0.000237052887892	0.99868204466	0.927945896453	0.00734291473537	0.00528839321122	0.985682305632	0.0333828551678	0.0333828551678	0.0114694258631	0.982409519918	0.00241952342453
42	left	ERROR	0.00734291473537	0.00142915026693	0.0018777850575	0.00290465061163	0.00172522311645	0.000790176292975	0.995606815533	0.919939884948	0.00734291473537	0.00587599245691	0.952274352108	0.0370920612975	0.0370920612975	0.0382314195436	0.982409519918	0.00806507808178
43	middle	ERROR	0.00734291473537	0.00714575133467	0.006259283525	0.00290465061163	0.0057507437215	0.00263392097658	0.985356051777	0.919939884948	0.00734291473537	0.00587599245691	0.761371760538	0.0370920612975	0.0370920612975	0.191157097718	0.982409519918	0.0403253904089
44	left	noError	0.00721669133924	0.00496740428074	0.0061695538532	0.0028547201851	0.00566830419872	0.00259616252327	0.985565979425	0.919939884948	0.00721669133924	0.00587599245691	0.695085416171	0.0370920612975	0.0370920612975	0.202399292368	0.982711897136	0.0975478871804
45	right	noError	0.00709474611325	0.0033010075355	0.00608236905009	0.00280648208238	0.00558820278503	0.00255947495658	0.985769953208	0.919939884948	0.00709474611325	0.00587599245691	0.6644672445	0.0370920612975	0.0370920612975	0.267407889777	0.983004025691	0.0648238581874
46	right	noError	0.00697686517844	0.00220067169033	0.00599762236543	0.00275985169898	0.00551034140316	0.00252381335577	0.985968222876	0.919939884948	0.00697686517844	0.00587599245691	0.576311496333	0.0370920612975	0.0370920612975	0.378271926518	0.983286417944	0.0432159054583
47	right	ERROR	0.00996695025491	0.000200843813828	0.0119952447309	0.00394264528425	0.0110206828063	0.00504762671153	0.971936445751	0.911044316609	0.00996695025491	0.00652888050768	0.55495454728	0.0412134014417	0.0412134014417	0.358048136203	0.976123454206	0.0867964727026
48	left	noError	0.00973547430429	0.000125527383642	0.0116689397025	0.0038510799065	0.0107208886548	0.00491031680128	0.972699854841	0.911044316609	0.00973547430429	0.00652888050768	0.53434659205	0.0412134014417	0.0412134014417	0.411280085127	0.976677971485	0.0542477954391
49	left	noError	0.0095145276714	7.84546147765e-05	0.011359947482	0.00376367963079	0.0104370007202	0.00478029216061	0.973422759637	0.911044316609	0.0095145276714	0.00652888050768	0.458966620031	0.0412134014417	0.0412134014417	0.444550053204	0.977207265026	0.0964048721494
