Trial	naoDecision	errpDetector	x01	x12	x32	x00	x33	x30	x31	x21	x02	x20	x13	x23	x22	x10	x03	x11
0	middle	noError	0.321428571429	0.346153846154	0.346153846154	0.178571428571	0.192307692308	0.269230769231	0.192307692308	0.233333333333	0.25	0.3	0.269230769231	0.3	0.166666666667	0.192307692308	0.25	0.192307692308
1	middle	ERROR	0.428514293332	0.569526533608	0.404996646122	0.238063496296	0.000164529887487	0.442965081695	0.151873742296	0.222222222222	0.000133315557926	0.333333333333	0.278435194209	0.333333333333	0.111111111111	0.000164529887487	0.333288894814	0.151873742296
2	middle	noError	0.483472533333	0.483070296449	0.368178769201	0.260048843304	0.000149572624988	0.493604619723	0.138067038451	0.324786324786	0.000102550429174	0.333333333333	0.265797330116	0.25641025641	0.0854700854701	9.14054930483e-05	0.256376072934	0.251040967942
3	left	noError	0.525748102564	0.655380197633	0.306815641001	0.276960648696	0.000124643854157	0.578003849769	0.115055865375	0.483190883191	7.88849455181e-05	0.222222222222	0.177198220077	0.237606837607	0.0569800569801	6.09369953655e-05	0.197212363795	0.167360645295
4	right	noError	0.518391501831	0.610985855452	0.290582600715	0.269257606211	8.90313243977e-05	0.555717035549	0.153611332411	0.448608371685	5.63463896558e-05	0.247863247863	0.269427300055	0.25969756739	0.0438308130616	4.35264252611e-05	0.212294545568	0.119543318068
5	left	ERROR	0.197319169718	0.774462028091	0.484304334525	0.448762677019	0.000148385540663	0.426195059249	0.089352220685	0.560760464607	9.39106494263e-05	0.184829059829	0.000188440068634	0.199621959237	0.054788516327	8.20212256361e-05	0.353824242613	0.225267510614
6	right	ERROR	0.139027385312	0.624103380152	0.480380418156	0.498232395741	0.000185481925828	0.407743824061	0.111690275856	0.651123003174	0.000134158070609	0.21181950368	0.000314066781057	0.000249701581164	0.136807791565	0.000136702042727	0.362606060876	0.375445851024
7	right	ERROR	0.0557534075887	0.56025845038	0.600475522696	0.711760565344	0.000231852407286	0.259679780077	0.13961284482	0.58520500529	0.000191654386584	0.186365839467	0.000785166952643	0.00041616930194	0.228012985942	0.000341755106817	0.23229437268	0.43861462756
8	right	ERROR	0.296170332043	0.622509389312	0.667195025217	0.000531214763101	0.000257613785873	0.177421977863	0.155125383134	0.606506256612	0.000531214763101	0.232957299333	0.000872407725159	0.000520211627426	0.160016232427	0.000379727896463	0.702767238431	0.376238475067
9	right	ERROR	0.217967035603	0.993959946346	0.667195025217	0.000590238625668	0.000257613785873	0.177421977863	0.155125383134	0.510843761021	0.000590238625668	0.221595498889	0.00389708649318	0.000867019379043	0.266693720711	0.00169626243981	0.780852487145	0.000446704720831
10	right	ERROR	0.131074484004	0.987919892692	0.630216694686	0.000655820695187	0.000286237539859	0.197135530959	0.172361536815	0.370426283863	0.000655820695187	0.406357275981	0.00779417298635	0.000334187761631	0.222882252394	0.00339252487962	0.867613874606	0.000893409441661
11	middle	noError	0.187516907999	0.988062900426	0.691847245572	0.000532198392623	0.000238531283216	0.164279609132	0.143634614013	0.356516427415	0.000532198392623	0.441473297488	0.00770190335766	0.00020886735102	0.201801407746	0.00335236320865	0.811418695216	0.000882833007497
12	right	ERROR	0.208352119999	0.976125800852	0.739809056965	0.000591331547359	0.00029816410402	0.0803495114156	0.179543267516	0.000225436662177	0.000591331547359	0.769806004081	0.0154038067153	0.000470863584515	0.229497695672	0.0067047264173	0.790465216907	0.00176566601499
13	left	ERROR	0.347253533331	0.970157251065	0.869878656869	0.000985552578932	0.000480478396916	0.129479719113	0.000161145620965	0.000450873324353	0.000985552578932	0.539612008162	0.0192547583941	0.000941727169031	0.458995391345	0.00838090802163	0.650775361511	0.00220708251874
14	left	ERROR	0.35321933333	0.962696563832	0.837348321087	0.00140793225562	0.000600597996145	0.161849648891	0.000201432026206	0.00187003196193	0.00140793225562	0.993809324087	0.0240684479927	0.0039058862221	0.00041475772926	0.010476135027	0.643964802159	0.00275885314843
15	middle	noError	0.466585238093	0.964034600284	0.86009079694	0.00100566589687	0.000516620471192	0.139219315431	0.000173267158664	0.00169066786535	0.00100566589687	0.903994601685	0.0232051371538	0.00353125318489	0.0907834772645	0.01010036668	0.531403430113	0.00265989588178
16	middle	noError	0.377723492062	0.965279852261	0.877252085099	0.000670443931246	0.000453251710729	0.122142649012	0.000152014177635	0.00154271332904	0.000670443931246	0.912396272103	0.0224016915327	0.00322222446419	0.0828387901037	0.00975065552219	0.620935620075	0.00256780068386
17	left	ERROR	0.755446984124	0.965279852261	0.998524416693	0.00134088786249	0.000948309948142	0.000209223688669	0.000318049669748	0.00257118888173	0.00134088786249	0.853993786838	0.0224016915327	0.00537037410699	0.138064650173	0.00975065552219	0.241871240151	0.00256780068386
18	middle	ERROR	0.510893968248	0.957534479455	0.998524416693	0.00268177572498	0.000948309948142	0.000209223688669	0.000318049669748	0.00514237776347	0.00268177572498	0.907987573677	0.0379465002244	0.010740748214	0.0761293003457	0.000169391227305	0.483742480302	0.00434962909314
19	left	ERROR	0.35148994708	0.93933497065	0.998360462993	0.00446962620831	0.00105367772016	0.000232470765188	0.000353388521943	0.0121290876178	0.00446962620831	0.962301343016	0.0542092860348	0.02533370401	0.000235865355982	0.000241987467579	0.639570800503	0.00621375584735
20	right	ERROR	0.422224853107	0.932594411834	0.997657804275	0.0075040266665	0.00150525388594	0.000332101093125	0.000504840745632	0.0303227190444	0.000167889356218	0.905753357541	0.0602325400387	0.0633342600251	0.000589663389956	0.000268874963977	0.570103230871	0.00690417316372
21	right	noError	0.373017752219	0.936845090184	0.997663044188	0.0053600190475	0.00150188636276	0.000331358123358	0.00050371132625	0.0253927934528	0.000119920968727	0.837334347765	0.0564342028248	0.136779063992	0.000493794789509	0.000251919381813	0.621502307765	0.00646878760898
22	middle	ERROR	0.346035504438	0.92105636273	0.996661491697	0.010720038095	0.0021455519468	0.000473368747654	0.000719587608929	0.0507855869057	0.000239841937455	0.674668695531	0.0705427535311	0.273558127985	0.000987589579017	0.000314899227267	0.643004615529	0.00808598451122
23	right	ERROR	0.351479292055	0.901320453413	0.994435819494	0.0153143401357	0.00357591991133	0.000788947912756	0.00119931268155	0.126963967264	0.000342631339221	0.686671738827	0.0881784419138	0.183895319961	0.00246897394754	0.000393624034083	0.63286373647	0.010107480639
24	middle	noError	0.270368686196	0.910175328775	0.994466057953	0.0117802616429	0.00355648662644	0.000784660386767	0.00119279503417	0.14185247954	0.0771866394917	0.616669836767	0.0802658689467	0.239934574976	0.00154310871721	0.000358302714907	0.64066441267	0.00920049956367
25	left	ERROR	0.450614476993	0.90019480975	0.990776763254	0.0196337694048	0.00592747771073	0.00130776731128	0.00198799172362	0.10463119885	0.128644399153	0.291674591917	0.0891842988296	0.59983643744	0.00385777179304	0.000398114127674	0.401107354449	0.010222777293
26	middle	ERROR	0.563268096241	0.90019480975	0.976941908136	0.0245422117559	0.0148186942768	0.0032694182782	0.00496997930906	0.348770662835	0.0358054989411	0.305581973057	0.0891842988296	0.332788124799	0.0128592393101	0.000398114127674	0.376384193062	0.010222777293
27	left	ERROR	0.605446827069	0.875243512187	0.987830694464	0.0409036862599	0.000145925474932	0.00477091414999	0.00725246591079	0.51157486953	0.0596758315684	0.000146679444129	0.111480373537	0.488131771582	0.000146679444129	0.000497642659593	0.293973655103	0.0127784716162
28	right	ERROR	0.605446827069	0.821776445982	0.975661388929	0.0409036862599	0.000291850949865	0.00954182829998	0.0145049318216	0.998739105933	0.0596758315684	0.000470174302276	0.159257676481	0.000320545462296	0.000470174302276	0.000710918085133	0.293973655103	0.0182549594517
29	right	ERROR	0.605446827069	0.842688556383	0.969576736161	0.0409036862599	0.000364813687331	0.011927285375	0.018131164777	0.996847764833	0.0596758315684	0.00117543575569	0.155187759926	0.00080136365574	0.00117543575569	0.00186179735139	0.293973655103	0.000261886339695
30	middle	noError	0.605446827069	0.864059896327	0.969576736161	0.0409036862599	0.000364813687331	0.011927285375	0.018131164777	0.996857356919	0.0596758315684	0.00117185896654	0.134104930246	0.000798925148306	0.00117185896654	0.00160886531295	0.293973655103	0.000226308114338
31	middle	noError	0.605446827069	0.880317570023	0.969576736161	0.0409036862599	0.000364813687331	0.011927285375	0.018131164777	0.996866889855	0.0596758315684	0.00116830423375	0.118066732995	0.000796501677986	0.00116830423375	0.0014164540482	0.293973655103	0.000199242933584
32	middle	ERROR	0.605446827069	0.996440708351	0.961970920201	0.0409036862599	0.000456017109164	0.0149091067187	0.0226639559712	0.989556299515	0.0596758315684	0.00389434744582	0.000207454561428	0.00265500559329	0.00389434744582	0.00293849853351	0.293973655103	0.000413338554042
33	middle	noError	0.605446827069	0.996452978533	0.963360618236	0.0409036862599	0.000439352859496	0.0143642826941	0.0218357462107	0.989663220071	0.0596758315684	0.0038544778811	0.000206739389584	0.00262782416718	0.0038544778811	0.00292836845298	0.293973655103	0.00041191362468
34	left	noError	0.641315297335	0.996465163191	0.963360618236	0.0371851693272	0.000439352859496	0.0143642826941	0.0218357462107	0.98976796318	0.0542507559713	0.00381542026352	0.0002060292025	0.00260119629317	0.00381542026352	0.00291830897928	0.267248777366	0.0004104986271
35	left	noError	0.641315297335	0.996477263217	0.964652204818	0.0371851693272	0.000423865091115	0.0138579227638	0.0210660073268	0.989870594687	0.0542507559713	0.00377715004024	0.000205323948245	0.00257510523214	0.00377715004024	0.00290831937683	0.267248777366	0.000409093457833
36	middle	noError	0.641315297335	0.996489279489	0.964652204818	0.0371851693272	0.000423865091115	0.0138579227638	0.0210660073268	0.98997117781	0.0542507559713	0.00373964363846	0.000204623575606	0.00254953491314	0.00373964363846	0.00289839892023	0.267248777366	0.000407698014841
37	left	ERROR	0.627310225869	0.991223198723	0.964652204818	0.000115886291955	0.000423865091115	0.0138579227638	0.0210660073268	0.983880379435	0.0628691894529	0.00943495881574	0.000511558939015	0.00643236608359	0.000252295665787	0.00724599730058	0.309704698386	0.0010192450371
38	left	noError	0.627310225869	0.99129869819	0.964652204818	0.000115886291955	0.000423865091115	0.0138579227638	0.0210660073268	0.984134538114	0.0628691894529	0.009286197456	0.000507158426135	0.00633094671933	0.000248317710289	0.00718366605776	0.309704698386	0.00101047732615
39	left	noError	0.627310225869	0.99137290246	0.964652204818	0.000115886291955	0.000423865091115	0.0138579227638	0.0210660073268	0.984380782296	0.0628691894529	0.00914206852314	0.000502833404265	0.0062326855528	0.000244463628275	0.0071224041104	0.309704698386	0.0010018600257
40	middle	noError	0.661191114427	0.991445844577	0.964652204818	0.000105351174505	0.000423865091115	0.0138579227638	0.0210660073268	0.984619475996	0.0571538085936	0.00900235895467	0.000498581947368	0.00613743732678	0.000240727722345	0.00706218417707	0.281549725805	0.000993389298255
41	right	ERROR	0.661191114427	0.957229222887	0.964652204818	0.000105351174505	0.000423865091115	0.0138579227638	0.0210660073268	0.948731586654	0.0571538085936	0.0300078631822	0.00249290973684	0.0204581244226	0.000802425741149	0.0353109208853	0.281549725805	0.00496694649128
42	middle	noError	0.691991922206	0.958979595427	0.964652204818	9.57737950045e-05	0.000423865091115	0.0138579227638	0.0210660073268	0.8685957575	0.0519580078123	0.112935571959	0.00239088865974	0.0177716172416	0.0006970532998	0.0338658392087	0.255954296187	0.00476367670438
43	right	ERROR	0.768879913562	0.897448988568	0.96072467202	0.000106415327783	0.00047096121235	0.0153976919598	0.0234066748075	0.895319191666	0.0577311197915	0.0431185731963	0.00597722164934	0.0592387241386	0.00232351099933	0.0846645980218	0.173282551318	0.011909191761
44	right	noError	0.807399927969	0.767706417534	0.962205292098	8.8679439819e-05	0.000453206691566	0.0148172224121	0.0225242787981	0.90523028506	0.0481092664929	0.0390361419201	0.00458921034026	0.0536300501436	0.00210352287655	0.218560694816	0.144402126099	0.00914367731026
45	middle	ERROR	0.785999919965	0.669266043835	0.952756615123	9.85327109099e-05	0.000566508364457	0.0185215280151	0.0281553484976	0.907631712258	0.0534547405477	0.0874328539527	0.0114730258506	0.000223979239884	0.0047114545497	0.296401737039	0.160446806776	0.0228591932757
46	middle	noError	0.823708653163	0.653258733724	0.952756615123	8.11703636325e-05	0.000566508364457	0.0185215280151	0.0281553484976	0.838653523104	0.0440355358953	0.157206944007	0.00749560389957	0.000187859764608	0.00395167312436	0.324311201277	0.132174640578	0.0149344610993
47	middle	ERROR	0.779635816454	0.657532172913	0.947507350136	0.000101462954541	0.000629453738286	0.0205794755723	0.0312837205529	0.677307046208	0.0550444198691	0.314413888014	0.0194607334835	0.000375719529215	0.00790334624872	0.322747464977	0.165218300723	0.000259628626916
48	left	ERROR	0.912982398317	0.929220288188	0.925010500195	0.000159813953775	0.000899219626122	0.0293992508176	0.0446910293613	0.628845077013	0.0867002780703	0.357356480024	0.0324345558058	0.000626199215358	0.0131722437479	0.0379124416284	0.000157509659065	0.000432714378193
49	left	noError	0.919940939821	0.933892730915	0.930235154573	0.000147034102242	0.000836569364838	0.0273509517238	0.0415773243384	0.679716293644	0.0797671120019	0.31090374185	0.03029342524	0.000425680377784	0.00895428412769	0.0354096946174	0.000144914075199	0.000404149227279
