Trial	nTrans	naoDecision	humanDecision	guessCorr	errpDetector	x01	x12	x32	x00	x33	x30	x31	x21	x02	x20	x13	x23	x22	x10	x03	x11
1	12	left	right	0	ERROR	0.277777777778	0.3	0.25	0.277777777778	0.416666666667	0.25	0.0833333333333	0.1875	0.277777777778	0.3125	0.3	0.1875	0.3125	0.3	0.166666666667	0.1
2	13	right	middle	0	ERROR	0.333293338133	0.3	0.176408326473	0.333293338133	0.000352816652946	0.529224979419	0.294013877455	0.267857142857	0.333293338133	0.303571428571	0.3	0.125	0.303571428571	0.3	0.000119985601728	0.1
3	8	left	left	1	noError	0.288862225422	0.25	0.176408326473	0.488862225422	0.000352816652946	0.529224979419	0.294013877455	0.334415584416	0.222195558755	0.275974025974	0.25	0.113636363636	0.275974025974	0.333333333333	7.99904011519e-05	0.166666666667
4	6	middle	middle	1	noError	0.206330161016	0.227272727273	0.176408326473	0.563473018158	0.000352816652946	0.529224979419	0.294013877455	0.39492325856	0.230139684825	0.250885478158	0.227272727273	0.103305785124	0.250885478158	0.393939393939	5.71360008228e-05	0.151515151515
5	7	left	left	1	noError	0.218807257868	0.297520661157	0.176408326473	0.545337870113	0.000352816652946	0.529224979419	0.294013877455	0.329102715466	0.235814060589	0.375737898465	0.206611570248	0.08608815427	0.209071231799	0.358126721763	4.08114291591e-05	0.137741046832
6	4	right	right	1	noError	0.245236352206	0.361382419234	0.176408326473	0.573336823164	0.000352816652946	0.529224979419	0.294013877455	0.329102715466	0.181395431223	0.375737898465	0.187828700225	0.08608815427	0.209071231799	0.325569747057	3.13934070455e-05	0.125219133484
7	4	middle	middle	1	noError	0.175168823005	0.361382419234	0.176408326473	0.623812016546	0.000352816652946	0.529224979419	0.294013877455	0.329102715466	0.200996736588	0.375737898465	0.187828700225	0.08608815427	0.209071231799	0.325569747057	2.24238621753e-05	0.125219133484
8	4	right	left	0	ERROR	0.175168823005	0.337319490683	0.176408326473	0.623812016546	0.000352816652946	0.529224979419	0.294013877455	0.365669683852	0.200996736588	0.306375442739	0.242396874593	0.0956535047444	0.232301368665	0.420154582628	2.24238621753e-05	0.000129052096033
9	15	right	right	1	noError	0.183445882003	0.312371064774	0.126005947481	0.615874677697	0.000252011894961	0.520874985299	0.352867055325	0.388058069876	0.200664491058	0.255312868949	0.387426338995	0.163044587287	0.193584473888	0.300110416163	1.49492414502e-05	9.21800685952e-05
10	4	middle	middle	1	noError	0.141112216925	0.312371064774	0.126005947481	0.627595905921	0.000252011894961	0.520874985299	0.352867055325	0.352780063524	0.231280377737	0.323011699045	0.387426338995	0.148222352079	0.175985885352	0.300110416163	1.14994165002e-05	9.21800685952e-05
11	14	left	left	1	noError	0.150695135578	0.343642553978	0.114550861346	0.517247441201	0.000229101722692	0.564431804818	0.320788232114	0.301853375683	0.332050236086	0.415341132697	0.322855282496	0.165481568053	0.117323923568	0.333425346802	7.18713531261e-06	7.68167238293e-05
12	7	middle	middle	1	noError	0.125579279649	0.312402321798	0.195046237587	0.514372867667	0.000208274293357	0.513119822561	0.291625665558	0.309117981294	0.360041863405	0.319493178997	0.293504802269	0.20421659081	0.167172248899	0.394023042547	5.98927942717e-06	6.98333852994e-05
13	18	right	middle	0	ERROR	0.179398970927	0.224804643597	0.320549654352	0.591961239524	0.000342289364674	0.678943710814	0.000164345469216	0.183119683501	0.228631233435	0.536167267069	0.187009604538	0.000167818063832	0.280545231366	0.588046085095	8.55611346739e-06	0.000139666770599
14	7	right	right	1	noError	0.186265980618	0.204367857815	0.320549654352	0.661307493016	0.000342289364674	0.678943710814	0.000164345469216	0.166472439546	0.15242082229	0.578333879154	0.170008731398	0.000152561876211	0.255041119424	0.625496440995	5.70407564493e-06	0.000126969791453
15	8	middle	right	0	noError	0.321888317181	0.234129121396	0.382317867593	0.551089577514	0.000311172149704	0.617221555286	0.000149404972015	0.222060366288	0.127017351909	0.565278232628	0.130775947229	0.000127134896843	0.212534266187	0.634997262304	4.75339637077e-06	9.76690703488e-05
16	6	middle	middle	1	noError	0.324529474755	0.212844655815	0.438470788721	0.577761213472	0.000282883772458	0.561110504805	0.000135822701832	0.201873060262	0.0977056553143	0.604798393298	0.118887224754	0.000115577178948	0.193212969261	0.668179329367	3.65645874675e-06	8.87900639534e-05
17	4	middle	left	0	noError	0.295026795232	0.212844655815	0.438470788721	0.525237466793	0.000282883772458	0.561110504805	0.000135822701832	0.155286969433	0.179732413922	0.619075687153	0.118887224754	8.89055222675e-05	0.225548437893	0.668179329367	3.32405340613e-06	8.87900639534e-05
18	7	middle	middle	1	noError	0.200063939097	0.212844655815	0.489518898837	0.67805343764	0.000257167065871	0.510100458914	0.000123475183483	0.141169972211	0.121880369152	0.653705170139	0.118887224754	8.08232020614e-05	0.205044034448	0.668179329367	2.25411125005e-06	8.87900639534e-05
19	4	middle	middle	1	noError	0.151351862458	0.212844655815	0.489518898837	0.756441805329	0.000257167065871	0.510100458914	0.000123475183483	0.141169972211	0.0922046269383	0.653705170139	0.118887224754	8.08232020614e-05	0.205044034448	0.668179329367	1.70527451085e-06	8.87900639534e-05
20	8	left	left	1	ERROR	0.000222842150494	0.236494062017	0.489518898837	0.794302584255	0.000257167065871	0.510100458914	0.000123475183483	0.156855524679	0.205470773524	0.615227966821	0.132096916393	8.9803557846e-05	0.227826704942	0.631310365964	3.80007039181e-06	9.86556266149e-05
21	9	right	right	1	noError	0.000170682132031	0.305903692742	0.489518898837	0.765856295319	0.000257167065871	0.510100458914	0.000123475183483	0.130712937233	0.233970111951	0.679356639017	0.120088105812	7.4836298205e-05	0.189855587452	0.573918514512	2.91059889211e-06	8.96869332863e-05
22	6	right	right	1	noError	0.000138311253794	0.278094266129	0.489518898837	0.810263037044	0.000257167065871	0.510100458914	0.000123475183483	0.130712937233	0.189596293116	0.679356639017	0.109171005284	7.4836298205e-05	0.189855587452	0.612653195011	2.35858655659e-06	8.15335757148e-05
23	4	right	right	1	noError	0.00011626341321	0.278094266129	0.489518898837	0.840508517418	0.000257167065871	0.510100458914	0.000123475183483	0.130712937233	0.159373236558	0.679356639017	0.109171005284	7.4836298205e-05	0.189855587452	0.612653195011	1.98261035092e-06	8.15335757148e-05
24	6	middle	middle	1	noError	9.23171347576e-05	0.278094266129	0.53592627167	0.793954869339	0.000233788241701	0.463727689922	0.000112250166803	0.108927447694	0.205951239266	0.732797199181	0.109171005284	6.23635818375e-05	0.158212989543	0.612653195011	1.57426056817e-06	8.15335757148e-05
25	6	right	right	1	noError	7.06899031132e-05	0.252812969209	0.53592627167	0.76565238196	0.000233788241701	0.463727689922	0.000112250166803	0.108927447694	0.23427572268	0.732797199181	0.0992463684396	6.23635818375e-05	0.158212989543	0.647866540919	1.20545689954e-06	7.4121432468e-05
26	5	right	middle	0	noError	5.43768485486e-05	0.229829972008	0.53592627167	0.665886447662	0.000233788241701	0.463727689922	0.000112250166803	0.0990249524491	0.334058248215	0.757088362892	0.0902239713087	5.66941653068e-05	0.143829990494	0.679878673563	9.27274538105e-07	6.73831204255e-05
27	7	middle	middle	1	noError	3.79193407621e-05	0.229829972008	0.53592627167	0.697273744986	0.000233788241701	0.463727689922	0.000112250166803	0.0825207937075	0.302687689044	0.797573635743	0.0902239713087	4.72451377557e-05	0.119858325411	0.679878673563	6.466288527e-07	6.73831204255e-05
28	12	left	left	1	noError	2.2305494566e-05	0.208936338189	0.53592627167	0.586631614698	0.000233788241701	0.463727689922	0.000112250166803	0.0686342711603	0.413345699438	0.831637756374	0.0820217920989	3.92947698397e-05	0.0996886776957	0.70898061233	3.80369913353e-07	6.1257382205e-05
29	4	left	left	1	noError	1.7158072743e-05	0.208936338189	0.53592627167	0.605101242075	0.000233788241701	0.463727689922	0.000112250166803	0.0623947919639	0.39488130726	0.846943414886	0.0820217920989	3.57225180361e-05	0.0906260706325	0.70898061233	2.92592241041e-07	6.1257382205e-05
30	9	left	left	1	noError	1.1438715162e-05	0.208936338189	0.578114792427	0.60340082805	0.000212534765182	0.421570627202	0.000102045606185	0.0541172085484	0.396587538173	0.867248613616	0.0820217920989	3.09834025819e-05	0.0786031944329	0.70898061233	1.95061494027e-07	6.1257382205e-05
31	12	right	right	1	noError	6.36722540184e-06	0.208936338189	0.578114792427	0.556582499793	0.000212534765182	0.421570627202	0.000102045606185	0.0477792277474	0.443411024403	0.882795899974	0.0820217920989	2.73547562422e-05	0.069397517522	0.70898061233	1.08578671826e-07	6.1257382205e-05
32	5	right	right	1	noError	4.54801814417e-06	0.208936338189	0.578114792427	0.683273214138	0.000212534765182	0.421570627202	0.000102045606185	0.0434356615885	0.316722160288	0.893450818159	0.0820217920989	2.48679602202e-05	0.0630886522928	0.70898061233	7.75561941616e-08	6.1257382205e-05
33	10	left	left	1	ERROR	9.09603628835e-06	0.208936338189	0.531238658252	0.966546428276	0.000236149739092	0.468411808002	0.000113384006872	0.0723927693142	0.0334443205755	0.822418030264	0.0820217920989	4.1446600367e-05	0.105147753821	0.70898061233	1.55112388323e-07	6.1257382205e-05
34	4	right	right	1	noError	8.80244336231e-06	0.208936338189	0.531238658252	0.967626209809	0.000236149739092	0.468411808002	0.000113384006872	0.0723927693142	0.0323648376419	0.822418030264	0.0820217920989	4.1446600367e-05	0.105147753821	0.70898061233	1.5010582299e-07	6.1257382205e-05
35	5	middle	middle	1	noError	8.5272371012e-06	0.208936338189	0.531238658252	0.968638368523	0.000236149739092	0.468411808002	0.000113384006872	0.0658116084674	0.0313529588268	0.838561845695	0.0820217920989	3.76787276063e-05	0.0955888671102	0.70898061233	1.45412800767e-07	6.1257382205e-05
36	7	left	left	1	noError	8.26874271371e-06	0.189942125626	0.531238658252	0.969589063997	0.000236149739092	0.468411808002	0.000113384006872	0.0658116084674	0.0304025262551	0.838561845695	0.0745652655444	3.76787276063e-05	0.0955888671102	0.7354369203	1.41004761865e-07	5.56885292772e-05
37	4	right	right	1	noError	8.02548281763e-06	0.189942125626	0.531238658252	0.970483729775	0.000236149739092	0.468411808002	0.000113384006872	0.0658116084674	0.0295081078854	0.838561845695	0.0745652655444	3.76787276063e-05	0.0955888671102	0.7354369203	1.36856512862e-07	5.56885292772e-05
38	6	middle	middle	1	noError	7.79614918645e-06	0.189942125626	0.531238658252	0.971327177277	0.000236149739092	0.468411808002	0.000113384006872	0.0598287349704	0.0286648936285	0.853238041541	0.0745652655444	3.4253388733e-05	0.0868989701002	0.7354369203	1.32945744905e-07	5.56885292772e-05
39	6	left	left	1	noError	7.57957921327e-06	0.189942125626	0.573853325684	0.972123682359	0.000214681580992	0.425828916365	0.000103076369883	0.054389759064	0.0278686088094	0.866580037764	0.0745652655444	3.11394443028e-05	0.0789990637275	0.7354369203	1.29252632354e-07	5.56885292772e-05
40	5	middle	middle	1	noError	7.37473619811e-06	0.189942125626	0.521684841531	0.972877057816	0.000195165073629	0.478026287605	9.37057908031e-05	0.054389759064	0.0271154416881	0.866580037764	0.0745652655444	3.11394443028e-05	0.0789990637275	0.7354369203	1.25759496629e-07	5.56885292772e-05
41	5	right	right	1	noError	7.18069275301e-06	0.189942125626	0.521684841531	0.973590714414	0.000195165073629	0.478026287605	9.37057908031e-05	0.0494452355127	0.026401982443	0.87870912524	0.0745652655444	2.83085857298e-05	0.0718173306613	0.7354369203	1.2245052322e-07	5.56885292772e-05
42	6	middle	middle	1	noError	6.99661676442e-06	0.189942125626	0.565168037755	0.974267712514	0.000177422794209	0.434569352368	8.51870825483e-05	0.0449502141025	0.0257251715577	0.8897355684	0.0745652655444	2.57350779362e-05	0.0652884824194	0.7354369203	1.19311522306e-07	5.56885292772e-05
43	6	right	right	1	noError	6.82175946466e-06	0.189942125626	0.565168037755	0.974910805949	0.000177422794209	0.434569352368	8.51870825483e-05	0.0408638310023	0.0250822559621	0.899759607637	0.0745652655444	2.33955253965e-05	0.0593531658358	0.7354369203	1.16329725343e-07	5.56885292772e-05
44	4	middle	middle	1	noError	6.65544525176e-06	0.189942125626	0.565168037755	0.975522479459	0.000177422794209	0.434569352368	8.51870825483e-05	0.0408638310023	0.0244707516018	0.899759607637	0.0745652655444	2.33955253965e-05	0.0593531658358	0.7354369203	1.13493611462e-07	5.56885292772e-05
45	5	middle	middle	1	noError	6.49706296586e-06	0.189942125626	0.565168037755	0.976104980781	0.000177422794209	0.434569352368	8.51870825483e-05	0.0371489372748	0.0238884113631	0.908872370579	0.0745652655444	2.12686594514e-05	0.0539574234871	0.7354369203	1.10792758711e-07	5.56885292772e-05
46	7	right	right	1	noError	6.34605838463e-06	0.17267465966	0.565168037755	0.976660348243	0.000177422794209	0.434569352368	8.51870825483e-05	0.0371489372748	0.0233331974806	0.908872370579	0.0677866050404	2.12686594514e-05	0.0539574234871	0.759488109364	1.08217716077e-07	5.06259357066e-05
47	5	left	left	1	noError	6.20192774365e-06	0.17267465966	0.513789125232	0.9771904346	0.00016129344928	0.485972138516	7.74428023166e-05	0.0371489372748	0.0228032577124	0.908872370579	0.0677866050404	2.12686594514e-05	0.0539574234871	0.759488109364	1.05759892994e-07	5.06259357066e-05
48	7	right	right	1	noError	6.06421212187e-06	0.247886054237	0.513789125232	0.977696927679	0.00016129344928	0.485972138516	7.74428023166e-05	0.0340494926737	0.022296904697	0.916475415504	0.0616241864003	1.94941529232e-05	0.0494555976696	0.690443735785	1.03411463598e-07	4.60235779151e-05
49	5	middle	middle	1	noError	5.93249256051e-06	0.225350958397	0.513789125232	0.978181368336	0.00016129344928	0.485972138516	7.74428023166e-05	0.0340494926737	0.021812598006	0.916475415504	0.0560219876367	1.94941529232e-05	0.0494555976696	0.71858521435	1.01165283493e-07	4.18396162864e-05
50	6	left	left	1	noError	5.80638580589e-06	0.225350958397	0.557990113847	0.978645166108	0.000146630408437	0.441792853197	7.04025475606e-05	0.0314276537204	0.0213489284917	0.922906877238	0.0560219876367	1.79930871075e-05	0.0456474759548	0.71858521435	9.90148171497e-08	4.18396162864e-05
