Trial	nTrans	naoDecision	humanDecision	guessCorr	errpDetector	x01	x12	x32	x00	x33	x30	x31	x21	x02	x20	x13	x23	x22	x10	x03	x11
1	5	middle	right	0	ERROR	0.25	0.230733733272	0.25	0.25	0.25	0.25	0.25	0.25	0.25	0.25	0.38455622212	0.25	0.25	0.38455622212	0.25	0.000153822488848
2	29	middle	left	0	noError	0.305555555556	0.269208583295	0.194444444444	0.194444444444	0.25	0.25	0.305555555556	0.205882352941	0.194444444444	0.205882352941	0.302847638825	0.264705882353	0.323529411765	0.427847638825	0.305555555556	9.61390555299e-05
3	55	left	middle	0	noError	0.268518518519	0.322968953794	0.133838383838	0.264814814815	0.204545454545	0.25	0.411616161616	0.281045751634	0.164814814815	0.225490196078	0.194419622966	0.313725490196	0.179738562092	0.482565025255	0.301851851852	4.63979855583e-05
4	52	middle	middle	1	noError	0.227585092361	0.377069715682	0.128980592811	0.226102453323	0.31084127738	0.173860375484	0.386317754325	0.267247639797	0.146039945261	0.236383442266	0.101400968285	0.39651416122	0.0998547567175	0.521505116827	0.400272509055	2.41992067998e-05
5	9	right	middle	0	ERROR	0.141761213734	0.307855239646	0.263624513674	0.251224948136	0.000204390837356	0.150963839926	0.585207255564	0.296941821996	0.162266605846	0.262648269184	0.112667742539	0.329460179133	0.110949729686	0.579450129807	0.444747232284	2.68880075553e-05
6	32	right	middle	0	ERROR	0.419618712026	0.000520170223709	0.159061284184	0.44763173432	0.00051097709339	0.377409599814	0.463018138909	0.000248041601178	0.000296003893429	0.155393769995	0.0658938247029	0.569156702388	0.275201486016	0.933446141664	0.132453549761	0.000139863409051
7	12	left	middle	0	ERROR	0.456598160037	0.000650212779636	0.000134945715879	0.496616763314	0.000689541696654	0.509298086266	0.489877426322	0.00041340266863	0.000422862704898	0.258989616658	0.0823672808786	0.615261170647	0.125335810027	0.91680767708	0.0463622139443	0.000174829261314
8	16	right	right	1	noError	0.450063418584	0.000600329968071	0.000122677923527	0.525355333734	0.000626856087867	0.462998260241	0.536252205747	0.00041340266863	0.000222175394995	0.258989616658	0.0760482547384	0.615261170647	0.125335810027	0.923189998526	0.0243590722866	0.000161416767172
9	6	right	right	1	noError	0.366708945723	0.000557559572447	0.000122677923527	0.616903555823	0.000626856087867	0.462998260241	0.536252205747	0.00041340266863	0.000148116929997	0.258989616658	0.0706302111379	0.615261170647	0.125335810027	0.92866231263	0.0162393815244	0.000149916659965
10	16	left	left	1	noError	0.460281775042	0.000520481662492	0.000122677923527	0.531015341581	0.000626856087867	0.462998260241	0.536252205747	0.00041340266863	7.86602281989e-05	0.258989616658	0.0659332769661	0.615261170647	0.125335810027	0.933406294223	0.00862422314955	0.000139947148735
11	28	left	left	1	noError	0.497833489947	0.000446193288412	0.000102231602939	0.497833489947	0.000522380073222	0.469165216868	0.530210171456	0.000375820607845	3.91636122855e-05	0.235445106053	0.14224961193	0.650237427861	0.113941645479	0.857184222296	0.00429385649427	0.0001199724851
12	27	right	right	1	noError	0.52569139655	0.000309273174458	7.86396945683e-05	0.472030544253	0.000401830825556	0.360896320668	0.638623208812	0.000341655098041	2.05900330396e-05	0.304950096412	0.306539665515	0.591124934419	0.103583314072	0.693067903916	0.00225746916397	8.3157394515e-05
13	11	middle	middle	1	noError	0.483794264366	0.000237902441891	6.04920727448e-05	0.514687029502	0.000309100635043	0.431458708206	0.568171699086	0.000341655098041	1.37266886931e-05	0.304950096412	0.38964589655	0.591124934419	0.103583314072	0.610052233782	0.00150497944265	6.396722655e-05
14	11	middle	middle	1	noError	0.449072511051	0.000169930315636	4.65323636499e-05	0.549759253463	0.000237769719264	0.331891314004	0.667824383913	0.000310595543674	1.05589913024e-05	0.277227360374	0.421175640393	0.628295394926	0.094166649156	0.578608738415	0.00115767649435	4.56908761071e-05
15	11	left	left	1	noError	0.468170319407	0.000130715627413	4.23021487726e-05	0.531099533415	0.00021615429024	0.301719376368	0.698022167193	0.000282359585158	6.59936956397e-06	0.252024873067	0.323981261841	0.66208672266	0.0856060446873	0.675852875704	0.000723547808966	3.51468277747e-05
16	6	right	right	1	noError	0.405835942434	0.000118832388557	3.84564988842e-05	0.593642523868	0.000196503900218	0.365199433062	0.634565606539	0.000282359585158	4.71383540284e-06	0.252024873067	0.385437510764	0.66208672266	0.0856060446873	0.614411705186	0.000516819863547	3.19516616134e-05
17	7	middle	middle	1	noError	0.289882816024	0.000108029444143	3.49604535311e-05	0.709744659905	0.000178639909289	0.331999484601	0.667786915036	0.000256690531962	3.36702528774e-06	0.22911352097	0.350397737058	0.692806111509	0.0778236769884	0.649465186532	0.000369157045391	2.90469651031e-05
18	10	left	left	1	noError	0.328746139978	9.00245367856e-05	2.91337112759e-05	0.67100386993	0.000148866591074	0.359999570501	0.639822429196	0.000256690531962	2.25951294952e-06	0.22911352097	0.375331447549	0.692806111509	0.0778236769884	0.62455432211	0.000247730579127	2.42058042526e-05
19	8	middle	middle	1	noError	0.306247242842	7.50204473213e-05	2.42780927299e-05	0.693574192807	0.000124055492562	0.383332975418	0.616518690997	0.000256690531962	1.61393782109e-06	0.22911352097	0.396109539624	0.692806111509	0.0778236769884	0.603795268425	0.000176950413662	2.01715035438e-05
20	8	right	right	1	noError	0.404164828561	6.25170394344e-05	2.20709933908e-05	0.595716128538	0.000112777720511	0.439393614016	0.56047153727	0.000256690531962	1.07595854739e-06	0.22911352097	0.413424616353	0.692806111509	0.0778236769884	0.586496057021	0.000117966942441	1.68095862865e-05
21	8	right	right	1	ERROR	0.760412071403	6.94633771494e-05	2.45233259898e-05	0.239290321345	0.000125308578345	0.377104015573	0.622746152522	0.000256690531962	2.68989636848e-06	0.22911352097	0.348249573726	0.692806111509	0.0778236769884	0.651662285579	0.000294917356103	1.86773180961e-05
22	47	left	right	0	ERROR	0.00251965782882	0.241074510805	6.13083149745e-05	0.989981657735	0.000313271445863	0.942760038933	0.0568653813057	0.00028521170218	6.77761844353e-05	0.254570578856	0.347052678258	0.658673457233	0.0864707522094	0.347052678258	0.0074309082516	0.0648201326793
23	12	left	left	1	noError	0.00227012901118	0.310067737096	5.79945108807e-05	0.900877084308	0.000296338666024	0.945853942548	0.0537917242749	0.000237676418483	6.10641178314e-05	0.29547548238	0.31550243478	0.548894547694	0.155392293508	0.31550243478	0.0967917225626	0.0589273933448
24	8	middle	middle	1	noError	0.00174756656234	0.310067737096	5.50208508165e-05	0.769732379561	0.00028114394426	0.948630273726	0.0510335614793	0.000237676418483	4.70077294972e-05	0.29547548238	0.31550243478	0.548894547694	0.155392293508	0.31550243478	0.228473046147	0.0589273933448
25	10	middle	middle	1	noError	0.00114207524653	0.310067737096	5.23375204682e-05	0.653457821643	0.000267432740841	0.951135541155	0.0485446885835	0.000237676418483	3.07206405816e-05	0.29547548238	0.31550243478	0.548894547694	0.155392293508	0.31550243478	0.34536938247	0.0589273933448
26	10	middle	middle	1	noError	0.000761383497686	0.258389780913	4.99039798944e-05	0.568971881095	0.00025499790595	0.953407594591	0.0462875035229	0.000237676418483	2.04804270544e-05	0.29547548238	0.346252028983	0.548894547694	0.155392293508	0.26291869565	0.43024625498	0.132439494454
27	7	middle	middle	1	noError	0.00054384535549	0.258389780913	4.76869011533e-05	0.477837057925	0.000243669141441	0.955477550369	0.0442310935882	0.000237676418483	1.46288764674e-05	0.29547548238	0.346252028983	0.548894547694	0.155392293508	0.26291869565	0.521604467843	0.132439494454
28	7	left	left	1	noError	0.000362563570326	0.258389780913	4.5658632836e-05	0.45189137195	0.000233305154947	0.95737122498	0.0423498112318	0.000237676418483	9.75258431163e-06	0.29547548238	0.346252028983	0.548894547694	0.155392293508	0.26291869565	0.547736311895	0.132439494454
29	5	middle	middle	1	noError	0.000278895054097	0.258389780913	4.37960408672e-05	0.424531824577	0.000223787736643	0.959110217347	0.0406221988751	0.000237676418483	7.50198793203e-06	0.29547548238	0.346252028983	0.548894547694	0.155392293508	0.26291869565	0.575181778381	0.132439494454
30	6	middle	middle	1	noError	0.000199210752927	0.258389780913	4.20796222226e-05	0.517522731841	0.000215017230543	0.960712736295	0.0390301668523	0.000237676418483	5.35856280859e-06	0.29547548238	0.346252028983	0.548894547694	0.155392293508	0.26291869565	0.482272698844	0.132439494454
31	11	left	left	1	noError	0.000124506720579	0.258389780913	4.04928194295e-05	0.5109517074	0.000206909031752	0.96219424056	0.0375583575891	0.000198063682069	3.34910175537e-06	0.24622956865	0.346252028983	0.540745456411	0.212826911256	0.26291869565	0.488920436777	0.132439494454
32	9	middle	middle	1	noError	8.89333718423e-05	0.215324817428	3.90214847138e-05	0.436394076715	0.000199390848388	0.963567939085	0.0361936485824	0.000198063682069	2.39221553955e-06	0.24622956865	0.371876690819	0.540745456411	0.212826911256	0.219098913042	0.563514597698	0.193699578712
33	9	middle	middle	1	noError	6.35238370302e-05	0.195749834025	3.76534570197e-05	0.383138626225	0.00019240054024	0.964845185931	0.034924760072	0.000198063682069	1.70872538539e-06	0.24622956865	0.428978809836	0.540745456411	0.212826911256	0.199180830038	0.616796141213	0.176090526102
34	8	left	left	1	noError	4.23492246868e-05	0.177954394568	3.63782251026e-05	0.455425750816	0.000185884397256	0.966035794828	0.0337419425496	0.000198063682069	1.13915025693e-06	0.24622956865	0.480889827123	0.540745456411	0.212826911256	0.181073481852	0.544530760809	0.160082296456
35	8	left	left	1	ERROR	7.05820411446e-05	0.177954394568	6.0630375171e-05	0.592376251361	0.00030980732876	0.94339299138	0.056236570916	0.000198063682069	1.89858376155e-06	0.24622956865	0.480889827123	0.540745456411	0.212826911256	0.181073481852	0.407551268014	0.160082296456
36	6	middle	middle	1	noError	5.42938778036e-05	0.177954394568	5.73875749771e-05	0.532597116431	0.000293237362585	0.946420602837	0.053228772225	0.000198063682069	1.46044904734e-06	0.24622956865	0.480889827123	0.540745456411	0.212826911256	0.181073481852	0.467347129242	0.160082296456
37	8	middle	middle	1	noError	3.87813412883e-05	0.177954394568	5.44743211226e-05	0.523283654594	0.000278351302716	0.949140536296	0.0505266380799	0.00018005789279	1.04317789096e-06	0.223845062409	0.480889827123	0.582495869465	0.193479010233	0.181073481852	0.476676520887	0.160082296456
38	8	right	right	1	noError	2.58542275255e-05	0.252685813244	5.1842807992e-05	0.615522436396	0.000264904873409	0.951597425043	0.0480858272756	0.000163688993446	6.95451927306e-07	0.203495511281	0.437172570112	0.620450790423	0.175890009303	0.16461225623	0.384451013925	0.145529360414
39	12	left	left	1	ERROR	8.19081595888e-05	0.280762014715	8.64046799867e-05	0.999599080989	0.000441508122349	0.919329041738	0.0801430454594	0.000163688993446	2.20324461027e-06	0.203495511281	0.374636189014	0.620450790423	0.175890009303	0.182902506922	0.00031680760722	0.161699289349
40	6	middle	middle	1	noError	8.18835192812e-05	0.280762014715	7.99620601739e-05	0.999599201596	0.000408587810891	0.925344136223	0.0741673139062	0.000163688993446	2.20258181152e-06	0.203495511281	0.374636189014	0.620450790423	0.175890009303	0.182902506922	0.000316712302467	0.161699289349
41	5	left	left	1	noError	8.18588962558e-05	0.280762014715	7.4414055955e-05	0.99959932212	0.000380238780192	0.930523980843	0.0690213663211	0.000163688993446	2.20191947766e-06	0.203495511281	0.374636189014	0.620450790423	0.175890009303	0.182902506922	0.00031661706456	0.161699289349
42	4	right	right	1	noError	8.18342904948e-05	0.280762014715	7.4414055955e-05	0.999599442558	0.000380238780192	0.930523980843	0.0690213663211	0.000163688993446	2.20125760819e-06	0.203495511281	0.374636189014	0.620450790423	0.175890009303	0.182902506922	0.000316521893428	0.161699289349
43	7	right	right	1	noError	8.18097019801e-05	0.280762014715	6.95864266843e-05	0.999599562913	0.000355570700465	0.935031253822	0.0645435890506	0.00014880817586	2.20059620263e-06	0.184995919346	0.374636189014	0.654955264021	0.159900008457	0.182902506922	0.000316426789002	0.161699289349
44	6	left	left	1	ERROR	0.00016361940396	0.280762014715	6.95864266843e-05	0.999199125826	0.000355570700465	0.935031253822	0.0645435890506	0.000165342417622	4.40119240525e-06	0.0944399103848	0.374636189014	0.727728071134	0.177666676064	0.182902506922	0.000632853578003	0.161699289349
45	5	middle	middle	1	noError	0.000163504807663	0.280762014715	6.53474213926e-05	0.999199686745	0.000333910354437	0.938988963277	0.0606117789467	0.000165342417622	4.39810988362e-06	0.0944399103848	0.374636189014	0.727728071134	0.177666676064	0.182902506922	0.00063241033793	0.161699289349
46	6	left	left	1	noError	0.000163390383212	0.280762014715	6.15955712879e-05	0.999200246822	0.000314739259824	0.94249184464	0.0571318205285	0.000150311288747	4.39503198446e-06	0.0858544639862	0.374636189014	0.752480064667	0.161515160058	0.182902506922	0.000631967762528	0.161699289349
47	6	left	left	1	noError	0.000163276130221	0.255238195196	6.15955712879e-05	0.999200806061	0.000314739259824	0.94249184464	0.0571318205285	0.000150311288747	4.3919586974e-06	0.0858544639862	0.340578353649	0.752480064667	0.161515160058	0.257184097202	0.000631525850308	0.146999353954
48	6	left	left	1	noError	0.000163162048306	0.255238195196	5.82514622908e-05	0.999201364462	0.000297651628871	0.945614042158	0.0540300547513	0.000136646626134	4.38889001211e-06	0.0780495127147	0.340578353649	0.77498187697	0.146831963689	0.257184097202	0.000631084599781	0.146999353954
49	4	left	right	0	ERROR	0.000181291164784	0.338916447006	5.82514622908e-05	0.99911262718	0.000297651628871	0.945614042158	0.0540300547513	0.000136646626134	4.8765444579e-06	0.0780495127147	0.452234844621	0.77498187697	0.146831963689	0.208715923996	0.000701205110867	0.000132784376863
50	7	right	right	1	noError	0.000181148533353	0.308105860914	5.82514622908e-05	0.999113325323	0.000297651628871	0.945614042158	0.0540300547513	0.000136646626134	4.8727078202e-06	0.0780495127147	0.411122586019	0.77498187697	0.146831963689	0.280650839996	0.000700653435396	0.000120713069875
