Trial	nTrans	naoDecision	humanDecision	guessCorr	errpDetector	x01	x12	x32	x00	x33	x30	x31	x21	x02	x20	x13	x23	x22	x10	x03	x11
1	9	right	left	0	ERROR	0.3125	0.38455622212	0.357142857143	0.1875	0.357142857143	0.214285714286	0.0714285714286	0.25	0.3125	0.25	0.230733733272	0.25	0.25	0.38455622212	0.1875	0.000153822488848
2	25	middle	left	0	ERROR	0.1875	0.369112444239	0.00022575547457	0.3125	0.580514077466	0.258006256652	0.161253910407	0.499001996008	0.354166666667	0.499001996008	0.0614674665436	0.000998003992016	0.000998003992016	0.569112444239	0.145833333333	0.000307644977696
3	49	right	middle	0	ERROR	0.25	0.000432923755008	0.00366012803964	0.25	0.00162127985893	0.00162127985893	0.993097312242	0.979267563144	0.25	0.000989139211966	0.266107264269	0.00987164882202	0.00987164882202	0.732127943787	0.25	0.00133186818953
4	12	middle	middle	1	noError	0.166666666667	0.000341483907053	0.00363539756513	0.3	0.0016103253186	0.0016103253186	0.993143951798	0.979686676508	0.366666666667	0.000969143421517	0.209901506319	0.0096720900351	0.0096720900351	0.788706451684	0.166666666667	0.00105055808969
5	6	right	middle	0	ERROR	0.185185185185	0.000426854883816	0.00403933062793	0.333333333333	0.001789250354	0.001789250354	0.992382168664	0.974608345635	0.296296296296	0.0012114292769	0.137376882899	0.0120901125439	0.0120901125439	0.860883064605	0.185185185185	0.00131319761211
6	19	middle	right	0	ERROR	0.000194206880678	0.00213427441908	0.00448814514214	0.453149388248	0.00198805594889	0.00198805594889	0.99153574296	0.971787050706	0.381220913923	0.00134603252988	0.686884414496	0.0134334583821	0.0134334583821	0.304415323024	0.165435490948	0.00656598806054
7	13	middle	middle	1	noError	0.000138719200484	0.00152448172791	0.0044509165322	0.46653527732	0.0019715652702	0.0019715652702	0.991605952927	0.97255851187	0.415157795659	0.00130922631683	0.633488867497	0.0130661309064	0.0130661309064	0.360296659303	0.11816820782	0.00468999147182
8	15	right	left	0	ERROR	0.000154132444982	0.00508160575971	0.00890183306441	0.518372530356	0.0039431305404	0.0039431305404	0.983211905855	0.965698139838	0.35017532851	0.00163653289603	0.444962891658	0.0163326636331	0.0163326636331	0.534322197677	0.131298008689	0.0156333049061
9	5	right	right	1	noError	0.000118563419217	0.00461964159974	0.00875571683751	0.55259425412	0.00387840731401	0.00387840731401	0.983487468534	0.965698139838	0.269365637316	0.00163653289603	0.404511719689	0.0163326636331	0.0163326636331	0.576656543342	0.177921545145	0.0142120953691
10	47	right	left	0	ERROR	0.283262735762	0.24273357746	0.0291857227917	0.238912421413	0.01292802438	0.01292802438	0.944958228448	0.656981398379	0.238912421413	0.0163653289603	0.005254381151	0.163326636331	0.163326636331	0.005254381151	0.238912421413	0.746757660238
11	16	middle	right	0	ERROR	0.283262735762	0.00174317999228	0.0324285808797	0.238912421413	0.0143644715334	0.0143644715334	0.938842476054	0.713962796757	0.238912421413	0.0327306579206	0.0915933209424	0.126653272661	0.126653272661	0.0915933209424	0.238912421413	0.815070178123
12	6	left	right	0	noError	0.283262735762	0.0791880591965	0.0324285808797	0.238912421413	0.0143644715334	0.0143644715334	0.938842476054	0.761635663964	0.238912421413	0.0272755482672	0.0712882899998	0.105544393884	0.105544393884	0.0712882899998	0.238912421413	0.778235360804
13	7	left	right	0	noError	0.283262735762	0.0648198013234	0.0324285808797	0.238912421413	0.0143644715334	0.0143644715334	0.938842476054	0.783305149058	0.238912421413	0.0247959529702	0.0583534038005	0.0959494489857	0.0959494489857	0.0583534038005	0.238912421413	0.818473391076
14	5	right	left	0	ERROR	0.354078419702	0.0873880671048	0.0324285808797	0.048640526766	0.0143644715334	0.0143644715334	0.938842476054	0.783305149058	0.298640526766	0.0247959529702	0.0786702683902	0.0959494489857	0.0959494489857	0.000134816931432	0.298640526766	0.833806847574
15	11	middle	right	0	noError	0.354078419702	0.0690218306112	0.114058587235	0.048640526766	0.0123718861789	0.0123718861789	0.861197640407	0.712095590053	0.298640526766	0.0225417754274	0.141119370283	0.178135862714	0.0872267718051	0.000106482632162	0.298640526766	0.789752316474
16	5	left	right	0	ERROR	0.354078419702	0.138043661222	0.114058587235	0.048640526766	0.0123718861789	0.0123718861789	0.861197640407	0.712095590053	0.298640526766	0.0225417754274	0.0822387405662	0.178135862714	0.0872267718051	0.000212965264324	0.298640526766	0.779504632947
17	7	right	left	0	noError	0.354078419702	0.1802821088	0.194598715668	0.048640526766	0.0112471692535	0.0112471692535	0.782906945825	0.676746325044	0.298640526766	0.0187848128562	0.0622834210255	0.231779885595	0.0726889765043	0.000161289012093	0.298640526766	0.757273181162
18	49	middle	right	0	ERROR	0.393420466336	0.216783832648	0.00051452473728	0.05404502974	0.057869468053	0.00051452473728	0.941101482472	0.455954567971	0.331822807518	0.111601711552	0.216783832648	0.000594106060073	0.431849614417	0.349648502055	0.220711696407	0.216783832648
19	20	right	middle	0	ERROR	0.39329604122	0.00027275281129	0.0006431559216	0.00013403838053	0.0723368350663	0.0006431559216	0.926376853091	0.311909135943	0.444769917426	0.0232034231039	0.31853118668	0.00118821212015	0.663699228833	0.680923307697	0.161800002974	0.00027275281129
20	4	left	middle	0	ERROR	0.39329604122	0.00027275281129	0.0006431559216	0.00013403838053	0.0723368350663	0.0006431559216	0.926376853091	0.519848559904	0.444769917426	0.0386723718399	0.31853118668	0.00198035353358	0.439498714722	0.680923307697	0.161800002974	0.00027275281129
21	22	middle	middle	1	noError	0.262197360813	0.000179563526334	0.000548055590802	8.93589203533e-05	0.146854227392	0.000548055590802	0.852049661426	0.546565706603	0.563179944951	0.0257815812266	0.341368757867	0.0679869023557	0.359665809815	0.65827211508	0.174533335316	0.000179563526334
22	22	left	middle	0	noError	0.213057271067	0.00013384003743	0.000477462585831	5.25640707961e-05	0.127938479832	0.000477462585831	0.871106594996	0.564377137735	0.507752908794	0.0171877208177	0.254443696128	0.0453246015705	0.373110539877	0.745288623797	0.279137256068	0.00013384003743
23	10	left	middle	0	noError	0.163890208513	0.000106678482252	0.000422984917979	4.04339006124e-05	0.113340917182	0.000422984917979	0.885813112982	0.553647614779	0.467502237534	0.0143231006814	0.202806782207	0.0377705013087	0.39425878323	0.796979860829	0.368567120052	0.000106678482252
24	53	middle	middle	1	ERROR	0.293742778907	0.00103450677151	0.404394948533	0.118771663279	0.0956050514673	0.404394948533	0.0956050514673	0.000288639952461	0.293742778907	0.0413421909978	0.996961243778	0.109020757022	0.849348412028	0.000969742678817	0.293742778907	0.00103450677151
25	12	right	middle	0	noError	0.456725214544	0.00103147551642	0.288853534666	0.0913628179071	0.0682893224766	0.503139248952	0.139717893905	0.000288639952461	0.225955983775	0.0413421909978	0.996970147775	0.109020757022	0.849348412028	0.000966901191924	0.225955983775	0.00103147551642
26	7	right	middle	0	ERROR	0.456725214544	0.00114608390714	0.20983726074	0.0913628179071	0.075877024974	0.559043609947	0.155242104339	0.000577279904921	0.225955983775	0.0826843819956	0.996633497528	0.218041514043	0.698696824056	0.00107433465769	0.225955983775	0.00114608390714
27	55	middle	middle	1	noError	0.389420552065	0.00114235241017	0.290814840084	0.132437644503	0.0310862307521	0.409651302745	0.268447626419	0.00026225652917	0.239070901716	0.128422666787	0.996644458413	0.41706350603	0.454251570653	0.00107083676675	0.239070901716	0.00114235241017
28	29	right	middle	0	ERROR	0.298068506885	0.00380784136722	0.85913516475	0.441458815011	0.139964344319	0.000450245465381	0.000450245465381	0.000437094215284	0.130236339052	0.214037777979	0.988814861376	0.195105843383	0.590419284422	0.00356945588916	0.130236339052	0.00380784136722
29	37	right	middle	0	ERROR	0.0032747867984	0.0063464022787	0.530450549166	0.0032747867984	0.466547814398	0.00150081821794	0.00150081821794	0.59299639886	0.0032747867984	0.135667867047	0.981358102294	0.135667867047	0.135667867047	0.0059490931486	0.990175639605	0.0063464022787
30	22	left	middle	0	ERROR	0.00363865199822	0.0106814652734	0.000589450773395	0.00363865199822	0.981717380041	0.00884658459288	0.00884658459288	0.3099879962	0.00363865199822	0.118892890156	0.978468762044	0.118892890156	0.452226223489	0.000168307409527	0.989084044005	0.0106814652734
31	6	left	middle	0	ERROR	0.00363865199822	0.0106814652734	0.000982417955659	0.00363865199822	0.969528966735	0.0147443076548	0.0147443076548	0.387484995249	0.00363865199822	0.148616112695	0.978468762044	0.0236161126946	0.440282779361	0.000168307409527	0.989084044005	0.0106814652734
32	49	middle	middle	1	noError	0.00363865199822	0.0106814652734	0.000953460378778	0.00363865199822	0.97042712549	0.0143097070655	0.0143097070655	0.387484995249	0.00363865199822	0.148616112695	0.978468762044	0.0236161126946	0.440282779361	0.000168307409527	0.989084044005	0.0106814652734
33	14	middle	middle	1	noError	0.00363865199822	0.0104573512895	0.000775503387302	0.00363865199822	0.81327536437	0.0116388961173	0.174310236125	0.387484995249	0.00363865199822	0.148616112695	0.978920521366	0.0236161126946	0.440282779361	0.000164776054689	0.989084044005	0.0104573512895
34	10	left	middle	0	ERROR	0.00363865199822	0.0130716891119	0.00343462597238	0.00363865199822	0.944574991842	0.0515474923115	0.000442889873677	0.387484995249	0.00363865199822	0.148616112695	0.973650651708	0.0236161126946	0.440282779361	0.000205970068361	0.989084044005	0.0130716891119
35	18	right	middle	0	noError	0.00359971761094	0.0127373421807	0.00273604520747	0.00359971761094	0.796526790674	0.120723710056	0.0800134540625	0.4431681775	0.00359971761094	0.135105556995	0.974324613861	0.0214691933587	0.400257072147	0.000200701777501	0.989200847167	0.0127373421807
36	7	right	left	0	ERROR	0.00359971761094	0.014152602423	0.00547209041493	0.00359971761094	0.593053581347	0.241447420113	0.160026908125	0.381297974999	0.00359971761094	0.15011728555	0.971471793179	0.0238546592875	0.444730080163	0.000223001975001	0.989200847167	0.014152602423
37	21	left	left	1	noError	0.00356161138639	0.0137613907603	0.00272671110458	0.00356161138639	0.498244405106	0.319629551196	0.179399332594	0.381297974999	0.00356161138639	0.15011728555	0.97226038081	0.0238546592875	0.444730080163	0.000216837668903	0.989315165841	0.0137613907603
38	5	right	middle	0	ERROR	0.00356161138639	0.0152904341781	0.00302967900509	0.00356161138639	0.553604894562	0.355143945773	0.08822148066	0.401854249999	0.00356161138639	0.214453265072	0.969178200901	0.0340780846964	0.349614400233	0.000240930743225	0.989315165841	0.0152904341781
39	26	left	left	1	ERROR	0.00593601897732	0.0254840569635	0.051901505459	0.00593601897732	0.00171310245646	0.944672289628	0.00171310245646	0.401854249999	0.00593601897732	0.214453265072	0.948630334834	0.0340780846964	0.349614400233	0.000401551238709	0.982191943068	0.0254840569635
40	13	right	right	1	ERROR	0.000168303706037	0.0283156188484	0.00018241567789	0.0099905399299	0.0031249674589	0.993567649404	0.0031249674589	0.502317812499	0.0099905399299	0.143066581339	0.94292259426	0.0425976058705	0.312018000291	0.00044616804301	0.979850616434	0.0283156188484
41	5	right	right	1	noError	0.000164995645063	0.0283156188484	0.000181267826461	0.00979417280267	0.00310530358788	0.993608124998	0.00310530358788	0.502317812499	0.00979417280267	0.143066581339	0.94292259426	0.0425976058705	0.312018000291	0.00044616804301	0.98024665875	0.0283156188484
42	5	middle	middle	1	noError	0.000161815431174	0.0283156188484	0.000180134443062	0.00960539470273	0.00308588756902	0.993648090419	0.00308588756902	0.502317812499	0.00960539470273	0.143066581339	0.94292259426	0.0425976058705	0.312018000291	0.00044616804301	0.980627395163	0.0283156188484
43	9	right	right	1	noError	0.000158755793501	0.0267892375888	0.000179015255869	0.00942377402979	0.00306671474572	0.993687555253	0.00306671474572	0.502317812499	0.00942377402979	0.143066581339	0.945999407906	0.0425976058705	0.312018000291	0.000422116916205	0.980993696147	0.0267892375888
44	6	right	right	1	noError	0.000155810002255	0.0267892375888	0.000177909999825	0.00924891130239	0.00304778057728	0.993726528846	0.00304778057728	0.502317812499	0.00924891130239	0.143066581339	0.945999407906	0.0425976058705	0.312018000291	0.000422116916205	0.981346367393	0.0267892375888
45	5	right	right	1	noError	0.00015297181932	0.0267892375888	0.000176818416431	0.00908043622477	0.00302908063535	0.993765020313	0.00302908063535	0.502317812499	0.00908043622477	0.143066581339	0.945999407906	0.0425976058705	0.312018000291	0.000422116916205	0.981686155731	0.0267892375888
46	9	left	left	1	noError	0.000150235454154	0.0254191313581	0.000175740253545	0.00891800506925	0.00301061060047	0.993803038546	0.00301061060047	0.502317812499	0.00891800506925	0.143066581339	0.948761209075	0.0425976058705	0.312018000291	0.000400528208611	0.982013754407	0.0254191313581
47	5	right	right	1	noError	0.000147595524357	0.0254191313581	0.000174675265187	0.00876129833551	0.00299236625874	0.993840592217	0.00299236625874	0.502317812499	0.00876129833551	0.143066581339	0.948761209075	0.0425976058705	0.312018000291	0.000400528208611	0.982329807805	0.0254191313581
48	11	right	right	1	noError	0.000145047020333	0.0254191313581	0.000173623211349	0.00861001865297	0.00297434349859	0.993877689791	0.00297434349859	0.456652556817	0.00861001865297	0.13006052849	0.948761209075	0.129634187155	0.283652727537	0.000400528208611	0.982634915674	0.0254191313581
49	9	left	left	1	noError	0.000142585273561	0.0241824691255	0.00017258385782	0.00846388889743	0.00295653830776	0.993914339527	0.00295653830776	0.456652556817	0.00846388889743	0.13006052849	0.951254019576	0.129634187155	0.283652727537	0.000381042172612	0.982929636932	0.0241824691255
50	7	left	left	1	noError	0.000140205928057	0.0241824691255	0.00017155697601	0.00832265049681	0.00293894677025	0.993950549484	0.00293894677025	0.415138688016	0.00832265049681	0.118236844082	0.951254019576	0.208758351959	0.257866115943	0.000381042172612	0.983214493078	0.0241824691255
