Block	Trial	nTrans	naoDecision	humanDecision	guessCorr	falseFeedback	x01	x12	x32	x00	x33	x30	x31	x21	x02	x20	x13	x23	x22	x10	x03	x11
1	1	5	left	middle	0	1	0.05	0.05	0.05	0.85	0.05	0.85	0.05	0.05	0.05	0.85	0.05	0.05	0.05	0.85	0.05	0.05
1	2	9	right	left	0	1	0.05	0.05	0.05	0.85	0.05	0.85	0.05	0.05	0.05	0.85	0.05	0.05	0.05	0.85	0.05	0.05
1	3	6	left	right	0	1	0.05	0.05	0.05	0.85	0.05	0.85	0.05	0.05	0.05	0.85	0.05	0.05	0.05	0.85	0.05	0.05
1	4	7	middle	middle	1	0	0.05	0.05	0.05	0.85	0.05	0.85	0.05	0.05	0.05	0.85	0.05	0.05	0.05	0.85	0.05	0.05
1	5	15	left	left	1	0	0.05	0.05	0.05	0.85	0.05	0.85	0.05	0.05	0.05	0.85	0.05	0.05	0.05	0.85	0.05	0.05
1	6	7	left	middle	0	1	0.05	0.05	0.05	0.85	0.05	0.85	0.05	0.05	0.05	0.85	0.05	0.05	0.05	0.85	0.05	0.05
1	7	6	middle	middle	1	0	0.05	0.05	0.05	0.85	0.05	0.85	0.05	0.05	0.05	0.85	0.05	0.05	0.05	0.85	0.05	0.05
1	8	8	middle	middle	1	0	0.05	0.05	0.05	0.85	0.05	0.85	0.05	0.05	0.05	0.85	0.05	0.05	0.05	0.85	0.05	0.05
1	9	8	middle	left	0	1	0.05	0.05	0.05	0.85	0.05	0.85	0.05	0.05	0.05	0.85	0.05	0.05	0.05	0.85	0.05	0.05
1	10	11	right	middle	0	2	0.05	0.05	0.05	0.85	0.05	0.85	0.05	0.05	0.05	0.85	0.05	0.05	0.05	0.85	0.05	0.05
1	11	10	left	left	1	0	0.05	0.05	0.05	0.85	0.05	0.85	0.05	0.05	0.05	0.85	0.05	0.05	0.05	0.85	0.05	0.05
1	12	7	right	right	1	0	0.05	0.05	0.05	0.85	0.05	0.85	0.05	0.05	0.05	0.85	0.05	0.05	0.05	0.85	0.05	0.05
1	13	13	left	middle	0	1	0.05	0.05	0.05	0.85	0.05	0.85	0.05	0.05	0.05	0.85	0.05	0.05	0.05	0.85	0.05	0.05
1	14	11	middle	right	0	1	0.05	0.05	0.05	0.85	0.05	0.85	0.05	0.05	0.05	0.85	0.05	0.05	0.05	0.85	0.05	0.05
1	15	9	middle	right	0	1	0.05	0.05	0.05	0.85	0.05	0.85	0.05	0.05	0.05	0.85	0.05	0.05	0.05	0.85	0.05	0.05
1	16	9	middle	middle	1	0	0.05	0.05	0.05	0.85	0.05	0.85	0.05	0.05	0.05	0.85	0.05	0.05	0.05	0.85	0.05	0.05
1	17	10	left	right	0	1	0.05	0.05	0.05	0.85	0.05	0.85	0.05	0.05	0.05	0.85	0.05	0.05	0.05	0.85	0.05	0.05
1	18	13	right	right	1	0	0.05	0.05	0.05	0.85	0.05	0.85	0.05	0.05	0.05	0.85	0.05	0.05	0.05	0.85	0.05	0.05
1	19	9	middle	left	0	1	0.05	0.05	0.05	0.85	0.05	0.85	0.05	0.05	0.05	0.85	0.05	0.05	0.05	0.85	0.05	0.05
1	20	11	middle	left	0	1	0.05	0.05	0.05	0.85	0.05	0.85	0.05	0.05	0.05	0.85	0.05	0.05	0.05	0.85	0.05	0.05
1	21	11	left	left	1	0	0.05	0.05	0.05	0.85	0.05	0.85	0.05	0.05	0.05	0.85	0.05	0.05	0.05	0.85	0.05	0.05
1	22	8	left	left	1	0	0.05	0.05	0.05	0.85	0.05	0.85	0.05	0.05	0.05	0.85	0.05	0.05	0.05	0.85	0.05	0.05
1	23	12	middle	right	0	1	0.05	0.05	0.05	0.85	0.05	0.85	0.05	0.05	0.05	0.85	0.05	0.05	0.05	0.85	0.05	0.05
1	24	11	left	left	1	0	0.05	0.05	0.05	0.85	0.05	0.85	0.05	0.05	0.05	0.85	0.05	0.05	0.05	0.85	0.05	0.05
1	25	10	middle	middle	1	0	0.05	0.05	0.05	0.85	0.05	0.85	0.05	0.05	0.05	0.85	0.05	0.05	0.05	0.85	0.05	0.05
1	26	8	right	right	1	0	0.05	0.05	0.05	0.85	0.05	0.85	0.05	0.05	0.05	0.85	0.05	0.05	0.05	0.85	0.05	0.05
1	27	10	middle	middle	1	0	0.05	0.05	0.05	0.85	0.05	0.85	0.05	0.05	0.05	0.85	0.05	0.05	0.05	0.85	0.05	0.05
1	28	7	middle	middle	1	0	0.05	0.05	0.05	0.85	0.05	0.85	0.05	0.05	0.05	0.85	0.05	0.05	0.05	0.85	0.05	0.05
1	29	6	right	right	1	0	0.05	0.05	0.05	0.85	0.05	0.85	0.05	0.05	0.05	0.85	0.05	0.05	0.05	0.85	0.05	0.05
1	30	7	middle	middle	1	0	0.05	0.05	0.05	0.85	0.05	0.85	0.05	0.05	0.05	0.85	0.05	0.05	0.05	0.85	0.05	0.05
1	31	7	right	right	1	0	0.05	0.05	0.05	0.85	0.05	0.85	0.05	0.05	0.05	0.85	0.05	0.05	0.05	0.85	0.05	0.05
1	32	8	left	right	0	1	0.05	0.05	0.05	0.85	0.05	0.85	0.05	0.05	0.05	0.85	0.05	0.05	0.05	0.85	0.05	0.05
1	33	13	left	left	1	0	0.05	0.05	0.05	0.85	0.05	0.85	0.05	0.05	0.05	0.85	0.05	0.05	0.05	0.85	0.05	0.05
1	34	8	right	right	1	0	0.05	0.05	0.05	0.85	0.05	0.85	0.05	0.05	0.05	0.85	0.05	0.05	0.05	0.85	0.05	0.05
1	35	8	left	left	1	0	0.05	0.05	0.05	0.85	0.05	0.85	0.05	0.05	0.05	0.85	0.05	0.05	0.05	0.85	0.05	0.05
1	36	10	middle	left	0	1	0.05	0.05	0.05	0.85	0.05	0.85	0.05	0.05	0.05	0.85	0.05	0.05	0.05	0.85	0.05	0.05
1	37	10	right	right	1	0	0.05	0.05	0.05	0.85	0.05	0.85	0.05	0.05	0.05	0.85	0.05	0.05	0.05	0.85	0.05	0.05
1	38	7	right	left	0	1	0.05	0.05	0.05	0.85	0.05	0.85	0.05	0.05	0.05	0.85	0.05	0.05	0.05	0.85	0.05	0.05
1	39	8	middle	middle	1	0	0.05	0.05	0.05	0.85	0.05	0.85	0.05	0.05	0.05	0.85	0.05	0.05	0.05	0.85	0.05	0.05
1	40	14	left	left	1	0	0.05	0.05	0.05	0.85	0.05	0.85	0.05	0.05	0.05	0.85	0.05	0.05	0.05	0.85	0.05	0.05
1	41	8	right	right	1	0	0.05	0.05	0.05	0.85	0.05	0.85	0.05	0.05	0.05	0.85	0.05	0.05	0.05	0.85	0.05	0.05
1	42	8	right	right	1	0	0.05	0.05	0.05	0.85	0.05	0.85	0.05	0.05	0.05	0.85	0.05	0.05	0.05	0.85	0.05	0.05
1	43	8	middle	middle	1	0	0.05	0.05	0.05	0.85	0.05	0.85	0.05	0.05	0.05	0.85	0.05	0.05	0.05	0.85	0.05	0.05
1	44	11	middle	middle	1	0	0.05	0.05	0.05	0.85	0.05	0.85	0.05	0.05	0.05	0.85	0.05	0.05	0.05	0.85	0.05	0.05
1	45	8	left	middle	0	1	0.05	0.05	0.05	0.85	0.05	0.85	0.05	0.05	0.05	0.85	0.05	0.05	0.05	0.85	0.05	0.05
1	46	14	middle	middle	1	0	0.05	0.05	0.05	0.85	0.05	0.85	0.05	0.05	0.05	0.85	0.05	0.05	0.05	0.85	0.05	0.05
1	47	8	middle	middle	1	0	0.05	0.05	0.05	0.85	0.05	0.85	0.05	0.05	0.05	0.85	0.05	0.05	0.05	0.85	0.05	0.05
1	48	7	right	right	1	0	0.05	0.05	0.05	0.85	0.05	0.85	0.05	0.05	0.05	0.85	0.05	0.05	0.05	0.85	0.05	0.05
1	49	8	left	right	0	1	0.05	0.05	0.05	0.85	0.05	0.85	0.05	0.05	0.05	0.85	0.05	0.05	0.05	0.85	0.05	0.05
1	50	9	right	right	1	0	0.05	0.05	0.05	0.85	0.05	0.85	0.05	0.05	0.05	0.85	0.05	0.05	0.05	0.85	0.05	0.05
2	1	8	left	left	1	0	0.05	0.05	0.05	0.85	0.05	0.85	0.05	0.05	0.05	0.85	0.05	0.05	0.05	0.85	0.05	0.05
2	2	9	middle	middle	1	0	0.05	0.05	0.05	0.85	0.05	0.85	0.05	0.05	0.05	0.85	0.05	0.05	0.05	0.85	0.05	0.05
2	3	7	middle	middle	1	0	0.05	0.05	0.05	0.85	0.05	0.85	0.05	0.05	0.05	0.85	0.05	0.05	0.05	0.85	0.05	0.05
2	4	8	right	right	1	0	0.05	0.05	0.05	0.85	0.05	0.85	0.05	0.05	0.05	0.85	0.05	0.05	0.05	0.85	0.05	0.05
2	5	6	left	left	1	0	0.05	0.05	0.05	0.85	0.05	0.85	0.05	0.05	0.05	0.85	0.05	0.05	0.05	0.85	0.05	0.05
2	6	10	left	left	1	0	0.05	0.05	0.05	0.85	0.05	0.85	0.05	0.05	0.05	0.85	0.05	0.05	0.05	0.85	0.05	0.05
2	7	15	left	middle	0	1	0.05	0.05	0.05	0.85	0.05	0.85	0.05	0.05	0.05	0.85	0.05	0.05	0.05	0.85	0.05	0.05
2	8	9	left	left	1	0	0.05	0.05	0.05	0.85	0.05	0.85	0.05	0.05	0.05	0.85	0.05	0.05	0.05	0.85	0.05	0.05
2	9	9	middle	middle	1	0	0.05	0.05	0.05	0.85	0.05	0.85	0.05	0.05	0.05	0.85	0.05	0.05	0.05	0.85	0.05	0.05
2	10	7	right	right	1	0	0.05	0.05	0.05	0.85	0.05	0.85	0.05	0.05	0.05	0.85	0.05	0.05	0.05	0.85	0.05	0.05
2	11	9	right	right	1	0	0.05	0.05	0.05	0.85	0.05	0.85	0.05	0.05	0.05	0.85	0.05	0.05	0.05	0.85	0.05	0.05
2	12	7	middle	right	0	1	0.05	0.05	0.05	0.85	0.05	0.85	0.05	0.05	0.05	0.85	0.05	0.05	0.05	0.85	0.05	0.05
2	13	7	right	middle	0	1	0.05	0.05	0.05	0.85	0.05	0.85	0.05	0.05	0.05	0.85	0.05	0.05	0.05	0.85	0.05	0.05
2	14	8	middle	middle	1	0	0.05	0.05	0.05	0.85	0.05	0.85	0.05	0.05	0.05	0.85	0.05	0.05	0.05	0.85	0.05	0.05
2	15	8	right	right	1	0	0.05	0.05	0.05	0.85	0.05	0.85	0.05	0.05	0.05	0.85	0.05	0.05	0.05	0.85	0.05	0.05
2	16	7	right	right	1	0	0.05	0.05	0.05	0.85	0.05	0.85	0.05	0.05	0.05	0.85	0.05	0.05	0.05	0.85	0.05	0.05
2	17	12	left	left	1	0	0.05	0.05	0.05	0.85	0.05	0.85	0.05	0.05	0.05	0.85	0.05	0.05	0.05	0.85	0.05	0.05
2	18	9	right	right	1	0	0.05	0.05	0.05	0.85	0.05	0.85	0.05	0.05	0.05	0.85	0.05	0.05	0.05	0.85	0.05	0.05
2	19	8	middle	left	0	1	0.05	0.05	0.05	0.85	0.05	0.85	0.05	0.05	0.05	0.85	0.05	0.05	0.05	0.85	0.05	0.05
2	20	10	left	left	1	0	0.05	0.05	0.05	0.85	0.05	0.85	0.05	0.05	0.05	0.85	0.05	0.05	0.05	0.85	0.05	0.05
2	21	10	right	left	0	1	0.05	0.05	0.05	0.85	0.05	0.85	0.05	0.05	0.05	0.85	0.05	0.05	0.05	0.85	0.05	0.05
2	22	9	middle	middle	1	0	0.05	0.05	0.05	0.85	0.05	0.85	0.05	0.05	0.05	0.85	0.05	0.05	0.05	0.85	0.05	0.05
2	23	6	middle	left	0	1	0.05	0.05	0.05	0.85	0.05	0.85	0.05	0.05	0.05	0.85	0.05	0.05	0.05	0.85	0.05	0.05
2	24	15	right	right	1	0	0.05	0.05	0.05	0.85	0.05	0.85	0.05	0.05	0.05	0.85	0.05	0.05	0.05	0.85	0.05	0.05
2	25	10	right	right	1	0	0.05	0.05	0.05	0.85	0.05	0.85	0.05	0.05	0.05	0.85	0.05	0.05	0.05	0.85	0.05	0.05
2	26	8	right	left	0	1	0.05	0.05	0.05	0.85	0.05	0.85	0.05	0.05	0.05	0.85	0.05	0.05	0.05	0.85	0.05	0.05
2	27	6	left	left	1	0	0.05	0.05	0.05	0.85	0.05	0.85	0.05	0.05	0.05	0.85	0.05	0.05	0.05	0.85	0.05	0.05
2	28	10	right	right	1	0	0.05	0.05	0.05	0.85	0.05	0.85	0.05	0.05	0.05	0.85	0.05	0.05	0.05	0.85	0.05	0.05
2	29	6	middle	right	0	1	0.05	0.05	0.05	0.85	0.05	0.85	0.05	0.05	0.05	0.85	0.05	0.05	0.05	0.85	0.05	0.05
2	30	8	middle	middle	1	0	0.05	0.05	0.05	0.85	0.05	0.85	0.05	0.05	0.05	0.85	0.05	0.05	0.05	0.85	0.05	0.05
2	31	11	middle	right	0	1	0.05	0.05	0.05	0.85	0.05	0.85	0.05	0.05	0.05	0.85	0.05	0.05	0.05	0.85	0.05	0.05
2	32	8	middle	middle	1	0	0.05	0.05	0.05	0.85	0.05	0.85	0.05	0.05	0.05	0.85	0.05	0.05	0.05	0.85	0.05	0.05
2	33	7	middle	left	0	1	0.05	0.05	0.05	0.85	0.05	0.85	0.05	0.05	0.05	0.85	0.05	0.05	0.05	0.85	0.05	0.05
2	34	8	right	left	0	1	0.05	0.05	0.05	0.85	0.05	0.85	0.05	0.05	0.05	0.85	0.05	0.05	0.05	0.85	0.05	0.05
2	35	9	left	left	1	0	0.05	0.05	0.05	0.85	0.05	0.85	0.05	0.05	0.05	0.85	0.05	0.05	0.05	0.85	0.05	0.05
2	36	8	left	left	1	0	0.05	0.05	0.05	0.85	0.05	0.85	0.05	0.05	0.05	0.85	0.05	0.05	0.05	0.85	0.05	0.05
2	37	11	left	left	1	0	0.05	0.05	0.05	0.85	0.05	0.85	0.05	0.05	0.05	0.85	0.05	0.05	0.05	0.85	0.05	0.05
2	38	6	left	left	1	0	0.05	0.05	0.05	0.85	0.05	0.85	0.05	0.05	0.05	0.85	0.05	0.05	0.05	0.85	0.05	0.05
2	39	9	middle	middle	1	0	0.05	0.05	0.05	0.85	0.05	0.85	0.05	0.05	0.05	0.85	0.05	0.05	0.05	0.85	0.05	0.05
2	40	6	right	right	1	0	0.05	0.05	0.05	0.85	0.05	0.85	0.05	0.05	0.05	0.85	0.05	0.05	0.05	0.85	0.05	0.05
2	41	12	middle	middle	1	0	0.05	0.05	0.05	0.85	0.05	0.85	0.05	0.05	0.05	0.85	0.05	0.05	0.05	0.85	0.05	0.05
2	42	11	left	left	1	0	0.05	0.05	0.05	0.85	0.05	0.85	0.05	0.05	0.05	0.85	0.05	0.05	0.05	0.85	0.05	0.05
2	43	11	right	middle	0	1	0.05	0.05	0.05	0.85	0.05	0.85	0.05	0.05	0.05	0.85	0.05	0.05	0.05	0.85	0.05	0.05
2	44	11	left	left	1	0	0.05	0.05	0.05	0.85	0.05	0.85	0.05	0.05	0.05	0.85	0.05	0.05	0.05	0.85	0.05	0.05
2	45	8	left	left	1	0	0.05	0.05	0.05	0.85	0.05	0.85	0.05	0.05	0.05	0.85	0.05	0.05	0.05	0.85	0.05	0.05
2	46	9	middle	middle	1	0	0.05	0.05	0.05	0.85	0.05	0.85	0.05	0.05	0.05	0.85	0.05	0.05	0.05	0.85	0.05	0.05
2	47	7	right	right	1	0	0.05	0.05	0.05	0.85	0.05	0.85	0.05	0.05	0.05	0.85	0.05	0.05	0.05	0.85	0.05	0.05
2	48	6	left	left	1	0	0.05	0.05	0.05	0.85	0.05	0.85	0.05	0.05	0.05	0.85	0.05	0.05	0.05	0.85	0.05	0.05
2	49	8	middle	left	0	1	0.05	0.05	0.05	0.85	0.05	0.85	0.05	0.05	0.05	0.85	0.05	0.05	0.05	0.85	0.05	0.05
2	50	6	left	left	1	0	0.05	0.05	0.05	0.85	0.05	0.85	0.05	0.05	0.05	0.85	0.05	0.05	0.05	0.85	0.05	0.05
3	1	8	left	left	1	0	0.05	0.05	0.05	0.85	0.05	0.85	0.05	0.05	0.05	0.85	0.05	0.05	0.05	0.85	0.05	0.05
3	2	6	right	middle	0	1	0.05	0.05	0.05	0.85	0.05	0.85	0.05	0.05	0.05	0.85	0.05	0.05	0.05	0.85	0.05	0.05
3	3	11	middle	middle	1	0	0.05	0.05	0.05	0.85	0.05	0.85	0.05	0.05	0.05	0.85	0.05	0.05	0.05	0.85	0.05	0.05
3	4	8	middle	middle	1	0	0.05	0.05	0.05	0.85	0.05	0.85	0.05	0.05	0.05	0.85	0.05	0.05	0.05	0.85	0.05	0.05
3	5	7	middle	middle	1	0	0.05	0.05	0.05	0.85	0.05	0.85	0.05	0.05	0.05	0.85	0.05	0.05	0.05	0.85	0.05	0.05
3	6	15	middle	left	0	1	0.05	0.05	0.05	0.85	0.05	0.85	0.05	0.05	0.05	0.85	0.05	0.05	0.05	0.85	0.05	0.05
3	7	11	left	left	1	0	0.05	0.05	0.05	0.85	0.05	0.85	0.05	0.05	0.05	0.85	0.05	0.05	0.05	0.85	0.05	0.05
3	8	7	right	right	1	0	0.05	0.05	0.05	0.85	0.05	0.85	0.05	0.05	0.05	0.85	0.05	0.05	0.05	0.85	0.05	0.05
3	9	6	right	left	0	1	0.05	0.05	0.05	0.85	0.05	0.85	0.05	0.05	0.05	0.85	0.05	0.05	0.05	0.85	0.05	0.05
3	10	12	middle	middle	1	0	0.05	0.05	0.05	0.85	0.05	0.85	0.05	0.05	0.05	0.85	0.05	0.05	0.05	0.85	0.05	0.05
3	11	8	middle	middle	1	0	0.05	0.05	0.05	0.85	0.05	0.85	0.05	0.05	0.05	0.85	0.05	0.05	0.05	0.85	0.05	0.05
3	12	8	right	right	1	0	0.05	0.05	0.05	0.85	0.05	0.85	0.05	0.05	0.05	0.85	0.05	0.05	0.05	0.85	0.05	0.05
3	13	8	middle	right	0	1	0.05	0.05	0.05	0.85	0.05	0.85	0.05	0.05	0.05	0.85	0.05	0.05	0.05	0.85	0.05	0.05
3	14	12	left	left	1	0	0.05	0.05	0.05	0.85	0.05	0.85	0.05	0.05	0.05	0.85	0.05	0.05	0.05	0.85	0.05	0.05
3	15	7	middle	middle	1	0	0.05	0.05	0.05	0.85	0.05	0.85	0.05	0.05	0.05	0.85	0.05	0.05	0.05	0.85	0.05	0.05
3	16	8	left	left	1	0	0.05	0.05	0.05	0.85	0.05	0.85	0.05	0.05	0.05	0.85	0.05	0.05	0.05	0.85	0.05	0.05
3	17	9	right	middle	0	1	0.05	0.05	0.05	0.85	0.05	0.85	0.05	0.05	0.05	0.85	0.05	0.05	0.05	0.85	0.05	0.05
3	18	7	left	right	0	1	0.05	0.05	0.05	0.85	0.05	0.85	0.05	0.05	0.05	0.85	0.05	0.05	0.05	0.85	0.05	0.05
3	19	10	right	right	1	0	0.05	0.05	0.05	0.85	0.05	0.85	0.05	0.05	0.05	0.85	0.05	0.05	0.05	0.85	0.05	0.05
3	20	8	left	left	1	0	0.05	0.05	0.05	0.85	0.05	0.85	0.05	0.05	0.05	0.85	0.05	0.05	0.05	0.85	0.05	0.05
3	21	7	right	right	1	0	0.05	0.05	0.05	0.85	0.05	0.85	0.05	0.05	0.05	0.85	0.05	0.05	0.05	0.85	0.05	0.05
3	22	13	middle	left	0	1	0.05	0.05	0.05	0.85	0.05	0.85	0.05	0.05	0.05	0.85	0.05	0.05	0.05	0.85	0.05	0.05
3	23	11	left	left	1	0	0.05	0.05	0.05	0.85	0.05	0.85	0.05	0.05	0.05	0.85	0.05	0.05	0.05	0.85	0.05	0.05
3	24	6	right	right	1	0	0.05	0.05	0.05	0.85	0.05	0.85	0.05	0.05	0.05	0.85	0.05	0.05	0.05	0.85	0.05	0.05
3	25	7	left	left	1	0	0.05	0.05	0.05	0.85	0.05	0.85	0.05	0.05	0.05	0.85	0.05	0.05	0.05	0.85	0.05	0.05
3	26	6	left	left	1	0	0.05	0.05	0.05	0.85	0.05	0.85	0.05	0.05	0.05	0.85	0.05	0.05	0.05	0.85	0.05	0.05
3	27	8	left	middle	0	1	0.05	0.05	0.05	0.85	0.05	0.85	0.05	0.05	0.05	0.85	0.05	0.05	0.05	0.85	0.05	0.05
3	28	13	right	middle	0	1	0.05	0.05	0.05	0.85	0.05	0.85	0.05	0.05	0.05	0.85	0.05	0.05	0.05	0.85	0.05	0.05
3	29	8	middle	middle	1	0	0.05	0.05	0.05	0.85	0.05	0.85	0.05	0.05	0.05	0.85	0.05	0.05	0.05	0.85	0.05	0.05
3	30	8	middle	middle	1	0	0.05	0.05	0.05	0.85	0.05	0.85	0.05	0.05	0.05	0.85	0.05	0.05	0.05	0.85	0.05	0.05
3	31	8	middle	middle	1	0	0.05	0.05	0.05	0.85	0.05	0.85	0.05	0.05	0.05	0.85	0.05	0.05	0.05	0.85	0.05	0.05
3	32	6	middle	middle	1	0	0.05	0.05	0.05	0.85	0.05	0.85	0.05	0.05	0.05	0.85	0.05	0.05	0.05	0.85	0.05	0.05
3	33	6	middle	middle	1	0	0.05	0.05	0.05	0.85	0.05	0.85	0.05	0.05	0.05	0.85	0.05	0.05	0.05	0.85	0.05	0.05
3	34	6	middle	middle	1	0	0.05	0.05	0.05	0.85	0.05	0.85	0.05	0.05	0.05	0.85	0.05	0.05	0.05	0.85	0.05	0.05
3	35	6	right	right	1	0	0.05	0.05	0.05	0.85	0.05	0.85	0.05	0.05	0.05	0.85	0.05	0.05	0.05	0.85	0.05	0.05
3	36	6	middle	middle	1	0	0.05	0.05	0.05	0.85	0.05	0.85	0.05	0.05	0.05	0.85	0.05	0.05	0.05	0.85	0.05	0.05
3	37	7	middle	middle	1	0	0.05	0.05	0.05	0.85	0.05	0.85	0.05	0.05	0.05	0.85	0.05	0.05	0.05	0.85	0.05	0.05
3	38	5	left	middle	0	1	0.05	0.05	0.05	0.85	0.05	0.85	0.05	0.05	0.05	0.85	0.05	0.05	0.05	0.85	0.05	0.05
3	39	7	middle	middle	1	0	0.05	0.05	0.05	0.85	0.05	0.85	0.05	0.05	0.05	0.85	0.05	0.05	0.05	0.85	0.05	0.05
3	40	7	middle	middle	1	0	0.05	0.05	0.05	0.85	0.05	0.85	0.05	0.05	0.05	0.85	0.05	0.05	0.05	0.85	0.05	0.05
3	41	5	left	left	1	0	0.05	0.05	0.05	0.85	0.05	0.85	0.05	0.05	0.05	0.85	0.05	0.05	0.05	0.85	0.05	0.05
3	42	6	right	right	1	0	0.05	0.05	0.05	0.85	0.05	0.85	0.05	0.05	0.05	0.85	0.05	0.05	0.05	0.85	0.05	0.05
3	43	9	middle	middle	1	0	0.05	0.05	0.05	0.85	0.05	0.85	0.05	0.05	0.05	0.85	0.05	0.05	0.05	0.85	0.05	0.05
3	44	8	right	left	0	1	0.05	0.05	0.05	0.85	0.05	0.85	0.05	0.05	0.05	0.85	0.05	0.05	0.05	0.85	0.05	0.05
3	45	6	middle	middle	1	0	0.05	0.05	0.05	0.85	0.05	0.85	0.05	0.05	0.05	0.85	0.05	0.05	0.05	0.85	0.05	0.05
3	46	5	left	middle	0	1	0.05	0.05	0.05	0.85	0.05	0.85	0.05	0.05	0.05	0.85	0.05	0.05	0.05	0.85	0.05	0.05
3	47	7	middle	middle	1	0	0.05	0.05	0.05	0.85	0.05	0.85	0.05	0.05	0.05	0.85	0.05	0.05	0.05	0.85	0.05	0.05
3	48	10	middle	middle	1	0	0.05	0.05	0.05	0.85	0.05	0.85	0.05	0.05	0.05	0.85	0.05	0.05	0.05	0.85	0.05	0.05
3	49	6	right	middle	0	1	0.05	0.05	0.05	0.85	0.05	0.85	0.05	0.05	0.05	0.85	0.05	0.05	0.05	0.85	0.05	0.05
3	50	10	middle	middle	1	0	0.05	0.05	0.05	0.85	0.05	0.85	0.05	0.05	0.05	0.85	0.05	0.05	0.05	0.85	0.05	0.05
