Trial	nTrans	naoDecision	humanDecision	guessCorr	errpDetector	x01	x12	x32	x00	x33	x30	x31	x21	x02	x20	x13	x23	x22	x10	x03	x11
1	13	left	middle	0	ERROR	0.3125	0.272677694965	0.25	0.1875	0.25	0.416666666667	0.0833333333333	0.1875	0.1875	0.1875	0.000181785129976	0.3125	0.3125	0.454462824941	0.3125	0.272677694965
2	14	left	left	1	noError	0.317307692308	0.194769782118	0.346153846154	0.144230769231	0.269230769231	0.320512820513	0.0641025641026	0.205357142857	0.221153846154	0.205357142857	0.000129846521412	0.366071428571	0.223214285714	0.467473446386	0.317307692308	0.337626924975
3	14	right	middle	0	ERROR	0.234615384615	0.649232607058	0.369823498311	0.288461538462	0.287640498686	0.342429165103	0.000106837899512	0.117063492063	0.0423076923077	0.228174603175	0.000432821738039	0.406746031746	0.248015873016	0.224911487955	0.434615384615	0.125423083249
4	12	left	middle	0	ERROR	0.0494505494505	0.610258452287	0.385462140444	0.412087912088	0.410914998123	0.203470235861	0.000152625570732	0.234126984127	0.0604395604396	0.256349206349	0.000480913042266	0.413492063492	0.0960317460317	0.249901653283	0.478021978022	0.139358981388
5	11	left	middle	0	noError	0.0494505494505	0.675215376906	0.39030809363	0.412087912088	0.473943332082	0.135646823908	0.000101750380488	0.310090702948	0.0604395604396	0.183106575964	0.000400760868555	0.43820861678	0.0685941043084	0.208251377736	0.478021978022	0.11613248449
6	17	right	left	0	ERROR	0.0824175824176	0.719019221132	0.634360312099	0.35347985348	0.246477773608	0.118822746358	0.000339167934959	0.332682092727	0.100732600733	0.289952282652	0.000500951085693	0.377207272973	0.000158351649101	0.26031422217	0.46336996337	0.0201656056122
7	14	right	middle	0	ERROR	0.137362637363	0.687799134592	0.557267186831	0.422466422466	0.24412962268	0.198037910597	0.000565279891598	0.652128945035	0.001221001221	0.000196021655296	0.000556612317437	0.347364629786	0.000310403523757	0.289238024633	0.43894993895	0.022406228458
8	19	middle	left	0	ERROR	0.228937728938	0.696855906559	0.391151493704	0.537444037444	0.607193836759	0.00024871780413	0.00140595173357	0.630322362588	0.002035002035	0.000490054138239	0.000795160453481	0.368411574464	0.000776008809392	0.27034003519	0.231583231583	0.0320088977971
9	10	left	right	0	ERROR	0.143264143264	0.661426510932	0.323501659671	0.597160041604	0.674659818621	0.0002763531157	0.00156216859286	0.55053727098	0.00226111337222	0.000816756897066	0.00132526742247	0.447352624107	0.00129334801565	0.28390005865	0.257314701759	0.0533481629952
10	9	right	middle	0	ERROR	0.0540801790802	0.602377518221	0.323501659671	0.621450052006	0.674659818621	0.0002763531157	0.00156216859286	0.357910387115	0.00282639171528	0.00116679556724	0.00220877903745	0.639075177296	0.00184764002236	0.30650009775	0.321643377199	0.088913604992
11	7	left	right	0	noError	0.0540801790802	0.638525016564	0.244107946783	0.621450052006	0.75450474114	0.000208530589083	0.00117878148792	0.325373079195	0.00282639171528	0.00106072324294	0.00200798094313	0.671886524814	0.0016796727476	0.2786364525	0.321643377199	0.0808305499927
12	9	right	right	1	noError	0.0540801790802	0.698770847137	0.317219961988	0.621450052006	0.681789100814	0.000148950420774	0.000841986777085	0.327210060919	0.00282639171528	0.00081594095611	0.00167331745261	0.670681942165	0.00129205595969	0.23219704375	0.321643377199	0.0673587916606
13	12	right	middle	0	ERROR	0.0540801790802	0.719035927537	0.586099809939	0.621450052006	0.408945504072	0.000744752103868	0.00420993388542	0.284012576149	0.00282639171528	0.00101992619514	0.00200940872849	0.713352427706	0.00161506994962	0.278834578407	0.321643377199	0.000120085326628
14	10	middle	middle	1	noError	0.0540801790802	0.719035927537	0.616312381212	0.621450052006	0.380590940045	0.000465470064918	0.00263120867839	0.220755596035	0.00282639171528	0.000792762131072	0.00200940872849	0.777196289926	0.001255351908	0.278834578407	0.321643377199	0.000120085326628
15	13	right	right	1	noError	0.0540801790802	0.765863272948	0.673974349298	0.621450052006	0.323938359931	0.000313746258747	0.00177354451134	0.242499959433	0.00282639171528	0.000599349744795	0.00167450727374	0.755951610617	0.000949080204767	0.232362148673	0.321643377199	0.000100071105523
16	13	left	middle	0	ERROR	0.0540801790802	0.765863272948	0.246581164328	0.621450052006	0.746461199772	0.00104582086249	0.00591181503779	0.606249898583	0.00282639171528	0.00149837436199	0.00167450727374	0.389879026543	0.00237270051192	0.232362148673	0.321643377199	0.000100071105523
17	11	left	left	1	noError	0.10421737935	0.666048671498	0.315073785753	0.676316436249	0.678601090701	0.000950746238626	0.00537437730708	0.588541582152	0.00191172634496	0.00124864530166	0.00128808251826	0.408232522119	0.0019772504266	0.33258626821	0.217554458056	7.69777734795e-05
18	14	right	left	0	noError	0.0684027983956	0.555040559582	0.319287527502	0.656281692576	0.675846992847	0.000731343260482	0.00413413639006	0.657117985127	0.066889489208	0.00104053775138	0.00107340209855	0.340193768433	0.00164770868883	0.443821890175	0.20842601982	6.41481445662e-05
19	11	middle	middle	1	noError	0.0488591417111	0.504582326893	0.241144067328	0.68305835184	0.755181246218	0.000552351950059	0.00312233450453	0.688289077388	0.0477782065771	0.000945943410345	0.000975820089594	0.309267062212	0.00149791698985	0.494383536523	0.220304299872	5.83164950602e-05
20	11	middle	left	0	noError	0.0488591417111	0.504582326893	0.253691759982	0.68305835184	0.743575559713	0.000410756486072	0.0023219238192	0.573574231157	0.0477782065771	0.000788286175288	0.000975820089594	0.42438921851	0.00124826415821	0.494383536523	0.220304299872	5.83164950602e-05
21	13	right	left	0	noError	0.0407159514259	0.504582326893	0.311532064855	0.652548626534	0.686591512399	0.000282050122012	0.00159437262396	0.477978525964	0.0398151721476	0.000656905146073	0.000975820089594	0.520324348758	0.00104022013184	0.494383536523	0.266920249893	5.83164950602e-05
22	16	middle	left	0	ERROR	0.0581656448942	0.435117609847	0.0230641297106	0.503640895048	0.973183024797	0.000564100244024	0.00318874524792	0.355957051928	0.0568788173537	0.00131381029215	0.00139402869942	0.640648697516	0.00208044026368	0.563405052175	0.381314642704	8.33092786574e-05
23	6	middle	middle	1	noError	0.0528778589947	0.435117609847	0.0224639606314	0.457855359134	0.973880849494	0.000549421366986	0.00310576850772	0.355957051928	0.0517080157761	0.00131381029215	0.00139402869942	0.640648697516	0.00208044026368	0.563405052175	0.437558766095	8.33092786574e-05
24	6	middle	middle	1	noError	0.0480707809043	0.435117609847	0.0218942898096	0.416232144668	0.974543213454	0.000535488413365	0.00302700832259	0.355957051928	0.0470072870692	0.00131381029215	0.00139402869942	0.640648697516	0.00208044026368	0.563405052175	0.488689787359	8.33092786574e-05
25	8	right	right	1	noError	0.0369775237725	0.435117609847	0.0213528501463	0.474024726667	0.975172752666	0.000522245934675	0.00295215125341	0.355957051928	0.0361594515917	0.00131381029215	0.00139402869942	0.640648697516	0.00208044026368	0.563405052175	0.452838297968	8.33092786574e-05
26	5	left	left	1	ERROR	0.000131040564412	0.37235289983	0.0213528501463	0.359083548452	0.975172752666	0.000522245934675	0.00295215125341	0.395507835476	0.0473835494539	0.0014597892135	0.00154892077713	0.600720775018	0.00231160029297	0.626005613528	0.593401861529	9.25658651749e-05
27	8	middle	left	0	ERROR	0.000145600627124	0.413725444255	0.0427057002927	0.398981720503	0.950345505331	0.00104449186935	0.00590430250681	0.328342039417	0.0526483882821	0.001621988015	0.0017210230857	0.667467527798	0.00256844476997	0.584450681698	0.548224290588	0.000102850961305
28	9	right	middle	0	noError	0.000145600627124	0.511437870213	0.0406893596375	0.398981720503	0.952689931851	0.00099517640547	0.00562553210605	0.406416953398	0.0526483882821	0.00124768308846	0.00143418590475	0.590359636768	0.00197572674613	0.487042234748	0.548224290588	8.57091344212e-05
29	8	right	middle	0	noError	0.000145600627124	0.511437870213	0.122636092154	0.398981720503	0.871592769067	0.000867475306485	0.00490366347214	0.369469957634	0.0526483882821	0.00113425735314	0.00143418590475	0.627599669789	0.00179611522376	0.487042234748	0.548224290588	8.57091344212e-05
30	13	left	middle	0	noError	0.000145600627124	0.511437870213	0.181254401625	0.398981720503	0.814047149459	0.000706236424112	0.00399221249265	0.369469957634	0.0526483882821	0.00113425735314	0.00143418590475	0.627599669789	0.00179611522376	0.487042234748	0.548224290588	8.57091344212e-05
31	9	right	right	1	ERROR	0.000161778474582	0.511437870213	0.270848005416	0.443313022781	0.713490498195	0.00235412141371	0.0133073749755	0.410522175149	0.0584982092023	0.00126028594794	0.00143418590475	0.586221855321	0.00199568358195	0.487042234748	0.498026989543	8.57091344212e-05
32	9	right	middle	0	ERROR	0.000161778474582	0.511437870213	0.854240027078	0.443313022781	0.067452490976	0.0117706070685	0.0665368748775	0.456135750166	0.0584982092023	0.00140031771993	0.00143418590475	0.540246505912	0.00221742620217	0.487042234748	0.498026989543	8.57091344212e-05
33	11	middle	left	0	ERROR	0.000179753860647	0.514297337766	0.791771467254	0.492570025312	0.0963607013942	0.0168151529551	0.0950526783964	0.312271500332	0.0649980102248	0.00280063543986	0.00179273238094	0.680493011824	0.00443485240434	0.483802793435	0.442252210603	0.000107136418027
34	5	right	right	1	noError	0.000128395614748	0.514297337766	0.791771467254	0.566121446651	0.0963607013942	0.0168151529551	0.0950526783964	0.28388318212	0.117855721589	0.00254603221805	0.00179273238094	0.709539101658	0.00403168400394	0.483802793435	0.315894436145	0.000107136418027
35	5	left	left	1	noError	9.87658574983e-05	0.514297337766	0.810701333868	0.589324189732	0.0876006376311	0.0152865026864	0.0864115258149	0.258075620109	0.0906582473763	0.00231457474369	0.00179273238094	0.735944637871	0.00366516727631	0.483802793435	0.319918797035	0.000107136418027
36	12	middle	right	0	ERROR	0.000123457321873	0.571441486406	0.684502223113	0.611655237165	0.146001062719	0.0254775044774	0.144019209692	0.316151240218	0.11332280922	0.00462914948737	0.00199192486771	0.671889275742	0.00733033455262	0.426447548261	0.274898496293	0.000119040464474
37	13	left	middle	0	noError	8.81838013377e-05	0.559534572005	0.757309402394	0.65118231226	0.112308509783	0.0195980803672	0.110784007455	0.368679457299	0.0809448637288	0.00330653534812	0.00165993738976	0.622778054101	0.00523595325187	0.438706290218	0.267784640209	9.92003870616e-05
38	11	left	left	1	noError	6.08702455172e-05	0.466278810005	0.688463093086	0.690196584512	0.102098645258	0.0178164366974	0.191621824959	0.368679457299	0.055873455825	0.00330653534812	0.00138328115813	0.622778054101	0.00523595325187	0.532255241848	0.253869089417	8.2666989218e-05
39	7	left	left	1	noError	5.07252045976e-05	0.466278810005	0.634616495061	0.65849715376	0.215784746613	0.0127260262125	0.136872732114	0.335163142999	0.0465612131875	0.00300594122557	0.00138328115813	0.657070958274	0.0047599575017	0.532255241848	0.294890907848	8.2666989218e-05
40	5	middle	middle	1	noError	3.62322889983e-05	0.466278810005	0.667833177328	0.684640824114	0.196167951466	0.0115691147386	0.124429756467	0.335163142999	0.0332580094196	0.00300594122557	0.00138328115813	0.657070958274	0.0047599575017	0.532255241848	0.282064934177	8.2666989218e-05
41	9	middle	left	0	ERROR	3.62322889983e-05	0.406976455561	0.774645390097	0.684640824114	0.000165581542233	0.0191563186068	0.206032709754	0.391938571665	0.0332580094196	0.00500990204261	0.00153697906459	0.59511826379	0.00793326250284	0.591394713165	0.282064934177	9.18522102422e-05
42	12	left	left	1	noError	2.58802064274e-05	0.3391470463	0.81607528094	0.703314874367	0.000135140517648	0.015634561545	0.168155016997	0.455337362819	0.023755721014	0.00385377080201	0.00128081588716	0.534706356762	0.00610250961757	0.659495594304	0.272903524412	7.65435085352e-05
43	6	right	right	1	noError	1.85310626272e-05	0.3391470463	0.832795709945	0.715960654061	0.000122855016043	0.0142132377682	0.15286819727	0.455337362819	0.0170098625412	0.00385377080201	0.00128081588716	0.534706356762	0.00610250961757	0.659495594304	0.267010952335	7.65435085352e-05
44	14	middle	middle	1	noError	1.24877493665e-05	0.308315496637	0.731399943131	0.673814602151	8.98651382614e-05	0.0835439099995	0.184966281731	0.350259509861	0.0114626400248	0.00296443907847	0.00116437807924	0.642081812893	0.00469423816736	0.690450540276	0.314710270075	6.95850077593e-05
45	16	right	right	1	noError	8.75666309001e-06	0.314088843567	0.776166619276	0.701150156581	7.48876152178e-05	0.0696199249996	0.154138568109	0.423276546047	0.00803783563179	0.00228033775267	0.000895675445567	0.570832163764	0.00361095243643	0.684961954059	0.290803251124	5.35269290456e-05
46	18	right	middle	0	ERROR	1.77958472e-05	0.305841205095	0.793611032126	0.612016485697	0.00012481269203	0.116033208333	0.090230946849	0.246553092093	0.000203226354801	0.00456067550534	0.00127953635081	0.741664327528	0.00722190487286	0.692802791512	0.387762492101	7.64670414937e-05
47	15	left	middle	0	noError	1.1207274992e-05	0.312185542381	0.687393101636	0.629706140906	9.60097630997e-05	0.166179391025	0.146331497576	0.288794243411	0.00012798568218	0.00380056292111	0.000984258731392	0.701386939607	0.00601825406072	0.686771378086	0.370154666137	5.8820801149e-05
48	16	middle	middle	1	noError	8.00519642284e-06	0.317065801832	0.705280786883	0.664075814933	6.85784022141e-05	0.118699565018	0.175951069697	0.326186175036	9.14183444145e-05	0.00253622275412	0.000757122101071	0.667261451654	0.00401615055603	0.682131829297	0.335824761526	4.52467701146e-05
49	15	right	middle	0	ERROR	8.89466269204e-06	0.271332252289	0.513201967207	0.737862016592	0.000171446005535	0.296748912545	0.189877674243	0.56546543759	0.000101575938238	0.0063405568853	0.000946402626339	0.418153629135	0.0100403763901	0.727664786622	0.262027512807	5.65584626433e-05
50	5	right	right	1	noError	6.53040722828e-06	0.271332252289	0.466547242915	0.734120496037	0.000155860005032	0.360680829586	0.172616067494	0.56546543759	7.45764358085e-05	0.0063405568853	0.000946402626339	0.418153629135	0.0100403763901	0.727664786622	0.26579839712	5.65584626433e-05
