Trial	nTrans	naoDecision	humanDecision	guessCorr	errpDetector	x01	x12	x32	x00	x33	x30	x31	x21	x02	x20	x13	x23	x22	x10	x03	x11
1	18	right	middle	0	ERROR	0.1	0.214285714286	0.1	0.1	0.1	0.5	0.3	0.454462824941	0.5	0.0908925649882	0.0714285714286	0.454462824941	0.000181785129976	0.357142857143	0.3	0.357142857143
2	13	right	middle	0	ERROR	0.249937515621	0.30612244898	0.111111111111	0.000249937515621	0.111111111111	0.444444444444	0.333333333333	0.220661178487	0.249937515621	0.129846521412	0.102040816327	0.649232607058	0.000259693042823	0.0816326530612	0.499875031242	0.510204081633
3	8	middle	right	0	noError	0.318125014201	0.290087463557	0.10101010101	0.000227215923292	0.10101010101	0.494949494949	0.30303030303	0.267217648739	0.227215923292	0.10820543451	0.0728862973761	0.624360505882	0.000216410869019	0.0583090379009	0.454431846584	0.578717201166
4	23	middle	middle	1	noError	0.261328133876	0.260058309038	0.111672278339	0.000142009952057	0.0561167227834	0.552749719416	0.279461279461	0.19426388692	0.267009952057	0.0786639969063	0.115257531584	0.72691478818	0.000157327993813	0.105539358601	0.471519904115	0.519144800777
5	16	left	left	1	noError	0.186662952768	0.300048590865	0.132295173962	0.000101435680041	0.0350729517396	0.595468574635	0.237163299663	0.214324148859	0.333578537184	0.0572941326892	0.17938127632	0.728267130186	0.000114588265378	0.0879494655005	0.479657074368	0.432620667315
6	22	right	left	0	ERROR	0.373325905537	0.161181847829	0.503144573551	0.000202871360082	0.133389335512	0.363085771264	0.000380319673412	0.21061701014	0.267157074368	0.000184227927556	0.000161103566213	0.788987658346	0.000211103586529	0.141689725387	0.359314148736	0.696967323218
7	18	middle	left	0	ERROR	0.341657381921	0.000227832910317	0.406289147102	0.000253589200103	0.266778671024	0.326171542527	0.000760639346823	0.22123402028	0.20894634296	0.000368455855112	0.000367046943527	0.777975316692	0.000422207173058	0.322815824968	0.449142685919	0.676589295178
8	15	middle	middle	1	noError	0.262813370708	0.000189860758597	0.503930716939	0.000195068615464	0.16673666939	0.328857214079	0.000475399591765	0.181053728844	0.160727956123	0.000301537287973	0.000305872452939	0.81829920752	0.000345526347757	0.352346520807	0.576263604553	0.647157745982
9	22	right	middle	0	noError	0.241875580472	0.000158217298831	0.423121429968	0.000130045743642	0.193019299679	0.383609060042	0.000250210311455	0.153227494427	0.240485304082	0.00025519387757	0.000254893710783	0.846224889458	0.00029242223766	0.376955434006	0.517509069702	0.622631454985
10	13	right	right	1	noError	0.276172237795	0.000121705614486	0.302229592834	8.12785897765e-05	0.137870928342	0.559720757173	0.000178721651039	0.153227494427	0.150303315051	0.00025519387757	0.000196072085218	0.846224889458	0.00029242223766	0.366888795389	0.573443168564	0.632793426911
11	21	middle	middle	1	noError	0.221277786938	8.69325817754e-05	0.313893495521	4.78109351626e-05	0.0861693302138	0.599825473233	0.0001117010319	0.260939638822	0.20606077356	0.000188519295053	0.000140051489441	0.738655820893	0.000216020990105	0.404920568135	0.572613628567	0.594852447794
12	17	right	right	1	noError	0.263298616836	7.24438181462e-05	0.209251933767	2.98818344766e-05	0.124106720627	0.66656688195	7.44636549094e-05	0.206890658561	0.253787983475	0.000149470894039	0.000116709574534	0.79278859444	0.000171276104725	0.504100473446	0.482883517854	0.495710373161
13	18	middle	middle	1	noError	0.201832564909	7.24438181462e-05	0.156938975665	1.66010191537e-05	0.0930800554995	0.749925121085	5.58477501994e-05	0.171393176809	0.307659990819	0.000123825268613	0.000116709574534	0.828341108695	0.000141889227404	0.504100473446	0.490490843252	0.495710373161
14	22	right	right	1	noError	0.177548567594	5.57260139586e-05	0.16576976773	9.76530538452e-06	0.189086971335	0.645107229544	3.60313905465e-05	0.146294973373	0.298623524011	0.000105692739419	8.97765957956e-05	0.85347822241	0.000121111476732	0.541615748804	0.52381814309	0.458238748586
15	13	right	middle	0	ERROR	0.000138398452366	6.96575174482e-05	0.128704678826	1.3515031521e-05	0.000195689726857	0.871029121717	7.05097297433e-05	0.182868716717	0.413290335633	0.000132115924274	0.000112220744745	0.816847778013	0.000151389345914	0.552019686006	0.586557750883	0.447798435732
16	17	middle	left	0	ERROR	0.000230664087277	7.73972416091e-05	0.000175010183483	2.2525052535e-05	0.00034247695003	0.999359113659	0.000123399207397	0.207171791792	0.355483892722	0.000330289810686	0.000124689716383	0.792119445033	0.000378473364786	0.502244095562	0.644262918139	0.49755381748
17	15	left	left	1	ERROR	0.000768880290923	7.73972416091e-05	0.000583367278277	7.50835084501e-05	0.00114158983343	0.997863712197	0.000411330691324	0.230190879769	0.851612975739	0.00036698867854	0.000124689716383	0.769021605592	0.000420525960873	0.502244095562	0.147543060462	0.49755381748
18	25	right	right	1	noError	0.00057026454834	5.52837440065e-05	0.000582181788601	5.56880746451e-05	0.00113926995193	0.997868053454	0.000410494805757	0.248099962518	0.741607671073	0.000275749219524	8.90640831306e-05	0.751308312015	0.000315976247447	0.430174353973	0.257766376304	0.5696812982
19	19	right	right	1	noError	0.000419839335168	3.86540491583e-05	0.000581001225169	4.09985932035e-05	0.00113695971057	0.997872376671	0.000409662393671	0.258121094486	0.736144921609	0.000204471985094	6.22730516798e-05	0.741440132628	0.000234300900904	0.300775226496	0.263394240463	0.699123846403
20	18	middle	middle	1	noError	0.000286823486638	2.76100351131e-05	0.000579825557341	2.80091893847e-05	0.00113465904941	0.99787668196	0.000408833433464	0.327229353205	0.683106084318	0.000146051417925	4.44807511998e-05	0.672457237591	0.00016735778636	0.357696590354	0.316579083006	0.642231318859
21	17	middle	middle	1	noError	0.000189098521343	2.76100351131e-05	0.000578654754737	1.84660480868e-05	0.00113236790899	0.997880969433	0.000408007903712	0.246511083168	0.659219416469	0.000110024644422	4.44807511998e-05	0.753252816856	0.000126075331532	0.357696590354	0.340573018961	0.642231318859
22	17	middle	middle	1	noError	0.000122737005557	2.76100351131e-05	0.000577488787223	1.19856434125e-05	0.00113008623035	0.997885239199	0.000407185783169	0.197739253336	0.648998897428	8.82564416859e-05	4.44807511998e-05	0.802071358697	0.000101131525612	0.357696590354	0.350866379923	0.642231318859
23	24	middle	middle	1	noError	7.43454622244e-05	1.89412281888e-05	0.000576327624916	7.26006142574e-06	0.001127813955	0.997889491369	0.000406367050764	0.229413378516	0.605669230242	6.80031545592e-05	3.05149940966e-05	0.770440694695	7.79236352119e-05	0.313992196084	0.394249164235	0.685958347694
24	19	right	right	1	noError	4.66340655535e-05	1.72192983534e-05	0.000575171238178	4.55395891452e-06	0.00112555102495	0.997893726051	0.0004055516856	0.186596967891	0.627199034774	5.53114318349e-05	2.77409037242e-05	0.813284340267	6.33804102956e-05	0.376356541895	0.372749777201	0.623598497903
25	15	left	right	0	ERROR	7.77234425892e-05	4.30482458835e-05	0.000718964047722	7.5899315242e-06	0.00140693878119	0.997367157564	0.000506939607	0.000140153573986	0.545331724624	7.75209485396e-05	6.93522593105e-05	0.999693495567	8.88299102363e-05	0.190891354737	0.454582962002	0.808996244758
26	24	left	middle	0	noError	4.19091837282e-05	3.58735382363e-05	0.000717147625783	4.09255977522e-06	0.00140338423006	0.997373809291	0.0005056588528	0.000140124637627	0.539155130213	7.75049434252e-05	5.77935494254e-05	0.999693558849	8.88115702534e-05	0.24240946228	0.460798868043	0.757496870632
27	15	middle	middle	1	noError	2.79394558188e-05	3.58735382363e-05	0.000715340539159	2.72837318348e-06	0.00139984794718	0.997380426833	0.000504384680905	0.000140095716106	0.559436753476	7.74889465179e-05	5.77935494254e-05	0.999693622098	8.87932396747e-05	0.24240946228	0.440532578695	0.757496870632
28	17	middle	middle	1	noError	1.64349740111e-05	3.58735382363e-05	0.000713542716078	1.60492540205e-06	0.0013963297921	0.997387010451	0.00050311704071	0.000140066809412	0.564374560868	7.74729578113e-05	5.77935494254e-05	0.999693685314	8.87749184933e-05	0.24240946228	0.435607399233	0.757496870632
29	20	middle	middle	1	noError	9.46973961919e-06	3.26123074875e-05	0.0007117540855	9.24748992933e-07	0.00139282962581	0.997393560407	0.000501855882123	0.000140037917533	0.576136758041	7.74569772994e-05	5.25395903867e-05	0.999693748498	8.87566067019e-05	0.311281329346	0.42385284747	0.688633518756
30	11	middle	middle	1	noError	5.91858726199e-06	3.26123074875e-05	0.00070997457711	5.77968120583e-07	0.0013893473107	0.997400076957	0.000500601155566	0.000140037917533	0.422585473776	7.74569772994e-05	5.25395903867e-05	0.999693748498	8.87566067019e-05	0.311281329346	0.577408029669	0.688633518756
31	16	right	right	1	noError	3.69911703874e-06	3.26123074875e-05	0.000708204121307	3.61230075364e-07	0.00138588271058	0.997406560356	0.000499352811965	0.000140009040458	0.38911592111	7.74410049758e-05	5.25395903867e-05	0.99969381165	8.87383042934e-05	0.311281329346	0.610880018543	0.688633518756
32	17	right	right	1	noError	2.31194814922e-06	2.71769229063e-05	0.0007064426492	2.25768797103e-07	0.00138243569062	0.997413010857	0.000498110802742	0.000139980178176	0.430697450694	7.74250408345e-05	4.3782991989e-05	0.99969387477	8.87200112607e-05	0.342734441122	0.569300011589	0.657194598964
33	20	left	left	1	ERROR	6.25861449402e-06	2.71769229063e-05	0.00235480883067	6.11172818181e-07	0.00460811896874	0.991376702858	0.00166036934247	0.000349950445441	0.000270707390049	0.000193562602086	4.3782991989e-05	0.999234686924	0.000221800028152	0.342734441122	0.999722422823	0.657194598964
34	13	right	right	1	noError	6.25750330424e-06	2.71769229063e-05	0.00233490771838	6.11064307106e-07	0.00456917453648	0.991449580623	0.00164633712199	0.000349717773633	0.000270659327129	0.000193433907978	4.3782991989e-05	0.999235195759	0.000221652559805	0.342734441122	0.999722472105	0.657194598964
35	13	middle	middle	1	noError	6.25639262003e-06	2.71769229063e-05	0.00231534210658	6.10955845401e-07	0.00453088664418	0.991521229787	0.00163254146198	0.000349485434234	0.000270611286077	0.00019330539773	4.3782991989e-05	0.999235703866	0.000221505302141	0.342734441122	0.999722521365	0.657194598964
36	8	right	right	1	noError	6.25528244105e-06	2.71769229063e-05	0.00229610358228	6.10847433033e-07	0.00449323882853	0.991591681159	0.00161897643049	0.000349485434234	0.000270563266878	0.00019330539773	4.3782991989e-05	0.999235703866	0.000221505302141	0.342734441122	0.999722570603	0.657194598964
37	9	middle	middle	1	ERROR	1.04254707351e-05	2.71769229063e-05	0.00459220716456	1.01807905505e-06	0.00898647765706	0.983183362317	0.00323795286098	0.000349485434234	0.00045093877813	0.00019330539773	4.3782991989e-05	0.999235703866	0.000221505302141	0.342734441122	0.999537617672	0.657194598964
38	13	left	left	1	noError	1.04216940973e-05	2.71769229063e-05	0.00451670307573	1.01771025484e-06	0.00883872391185	0.98345985788	0.003184715132	0.000349485434234	0.000450775425082	0.00019330539773	4.3782991989e-05	0.999235703866	0.000221505302141	0.342734441122	0.999537785171	0.657194598964
39	13	right	right	1	noError	1.0417920572e-05	2.71769229063e-05	0.00444364885699	1.01734175857e-06	0.00869576431074	0.983727382032	0.0031332047998	0.000349485434234	0.000450612206659	0.00019330539773	4.3782991989e-05	0.999235703866	0.000221505302141	0.342734441122	0.999537952531	0.657194598964
40	10	left	right	0	ERROR	1.0417920572e-05	7.92548697808e-05	0.00444364885699	1.01734175857e-06	0.00869576431074	0.983727382032	0.0031332047998	0.000349485434234	0.000450612206659	0.00019330539773	0.000127682421614	0.999235703866	0.000221505302141	0.999501437089	0.999537952531	0.000291625619479
41	11	middle	middle	1	noError	1.04141501553e-05	7.92548697808e-05	0.00437292717636	1.01697356587e-06	0.0085573692471	0.983986364443	0.00308333913392	0.000349485434234	0.000450449122694	0.00019330539773	0.000127682421614	0.999235703866	0.000221505302141	0.999501437089	0.999538119754	0.000291625619479
42	10	middle	middle	1	noError	1.04103828434e-05	7.92548697808e-05	0.00430442807667	1.01660567635e-06	0.00842332354601	0.984237207773	0.00303504060385	0.000349485434234	0.000450286173023	0.00019330539773	0.000127682421614	0.999235703866	0.000221505302141	0.999501437089	0.999538286838	0.000291625619479
43	12	middle	middle	1	noError	1.04066186324e-05	7.92548697808e-05	0.00423804840505	1.01623808966e-06	0.00829342534793	0.98448028977	0.00298823647679	0.000349253426533	0.00045012335748	0.000193177070948	0.000127682421614	0.999236211248	0.000221358254708	0.999501437089	0.999538453786	0.000291625619479
44	11	left	left	1	ERROR	2.60165465811e-05	7.92548697808e-05	0.00847609681011	2.54059522415e-06	0.0165868506959	0.96896057954	0.00597647295359	0.000349253426533	0.0011253083937	0.000193177070948	0.000127682421614	0.999236211248	0.000221358254708	0.999501437089	0.998846134464	0.000291625619479
45	11	middle	middle	1	noError	2.59891575037e-05	7.92548697808e-05	0.00822172151137	2.5379205971e-06	0.0160890643686	0.969892100502	0.00579711361791	0.000349021749822	0.00112412371846	0.000193048927242	0.000127682421614	0.999236717906	0.000221211417058	0.999501437089	0.998847349203	0.000291625619479
46	13	left	left	1	noError	2.5961828764e-05	7.92548697808e-05	0.00798219267578	2.53525186221e-06	0.0156203310445	0.970769253796	0.00562822248328	0.000349021749822	0.00112294165303	0.000193048927242	0.000127682421614	0.999236717906	0.000221211417058	0.999501437089	0.998848561266	0.000291625619479
47	11	middle	middle	1	noError	2.59345601629e-05	7.92548697808e-05	0.00775624740124	2.53258900004e-06	0.0151781793539	0.971596664164	0.00546890908084	0.000349021749822	0.00112176218881	0.000193048927242	0.000127682421614	0.999236717906	0.000221211417058	0.999501437089	0.998849770662	0.000291625619479
48	14	right	right	1	noError	2.59073515023e-05	7.9223294314e-05	0.00754276207316	2.52993199124e-06	0.0147604104985	0.972378446275	0.00531838115296	0.000349021749822	0.00112058531724	0.000193048927242	0.000127631552411	0.999236717906	0.000221211417058	0.999501635719	0.998850977399	0.00029150943463
49	14	left	left	1	ERROR	6.47683787557e-05	8.80258825711e-05	0.0195743242549	6.3248299781e-06	0.000259511357578	0.966364361256	0.0138018031312	0.000349021749822	0.0028014632931	0.000193048927242	0.000141812836013	0.999236717906	0.000221211417058	0.99944626191	0.997127443498	0.000323899371812
50	11	middle	middle	1	noError	6.45893012685e-05	8.79859599897e-05	0.0189391865371	6.3073425146e-06	0.000251090865036	0.967455753355	0.0133539692429	0.000349021749822	0.00279371755333	0.000193048927242	0.00014174851931	0.999236717906	0.000221211417058	0.999446513048	0.997135385803	0.000323752472983
