Trial	naoDecision	errpDetector	x01	x12	x32	x00	x33	x30	x31	x21	x02	x20	x13	x23	x22	x10	x03	x11
0	middle	noError	0.28125	0.15625	0.208333333333	0.21875	0.208333333333	0.291666666667	0.291666666667	0.318181818182	0.28125	0.227272727273	0.21875	0.227272727273	0.227272727273	0.34375	0.21875	0.28125
1	middle	ERROR	0.258928571429	0.10841283608	0.231481481481	0.3125	0.231481481481	0.212962962963	0.324074074074	0.236363636364	0.116071428571	0.254545454545	0.228871542835	0.454545454545	0.0545454545455	0.662522887154	0.3125	0.000192733930809
2	middle	ERROR	0.264880952381	0.0168256721596	0.462962962963	0.354166666667	0.262962962963	0.225925925926	0.0481481481481	0.262626262626	0.193452380952	0.282828282828	0.25774308567	0.393939393939	0.0606060606061	0.725045774309	0.1875	0.000385467861617
3	right	ERROR	0.0926870748299	0.0280427869326	0.349707181803	0.505952380952	0.349707181803	0.300452649155	0.000132987238151	0.301442241981	0.133503401361	0.338888483221	0.262905142784	0.359483915903	0.000185358894138	0.708409623848	0.267857142857	0.000642446436028
4	right	ERROR	0.198644986055	0.0350534836658	0.416178636339	0.655710697087	0.416178636339	0.167421081925	0.000221645396918	0.144917488545	0.000214317893211	0.341269261745	0.32863142848	0.51354845129	0.000264798420197	0.63551202981	0.145429998965	0.000803058045035
5	right	noError	0.332429990703	0.103887295128	0.440127597385	0.570473798058	0.440127597385	0.119586487089	0.000158318140655	0.111474991188	0.000142878595474	0.416360970573	0.329716483446	0.471960347146	0.000203691092459	0.565778484469	0.0969533326432	0.00061773695772
6	left	noError	0.313194112178	0.0799133039443	0.492405844142	0.512043410622	0.338559690296	0.168912682376	0.00012178318512	0.0928958259903	8.40462326319e-05	0.513634142144	0.330551141112	0.393300289289	0.000169742577049	0.589060372668	0.174678430967	0.000475182275169
7	middle	noError	0.275462741452	0.0726484581311	0.495253652589	0.541362273748	0.399099806435	0.105570426485	7.61144906997e-05	0.0714583276848	5.60308217546e-05	0.548949340111	0.391410128284	0.379461760991	0.000130571213115	0.535509429699	0.183118953978	0.000431983886517
8	right	noError	0.250308494301	0.0660440528465	0.596835768393	0.494241515832	0.33273320429	0.0703802843235	5.07429937998e-05	0.051041662632	3.73538811697e-05	0.606392385793	0.446736480258	0.342472686422	9.32651522248e-05	0.486826754271	0.255412635985	0.000392712624107
9	right	ERROR	0.312885617877	0.0660440528465	0.322785894642	0.49280189479	0.4424440143	0.234600947745	0.000169143312666	0.0915336487098	4.66923514622e-05	0.908119766488	0.446736480258	0.000179331244301	0.000167253557984	0.486826754271	0.194265794981	0.000392712624107
10	right	noError	0.320553511173	0.0600400480423	0.444847067602	0.370501184244	0.387460010214	0.167572105532	0.000120816651904	0.0838388953199	2.91827196639e-05	0.915843655443	0.406124072962	0.000164255807896	0.000153193429273	0.533478867519	0.308916121863	0.000357011476461
11	right	noError	0.455863061763	0.106693365362	0.444847067602	0.372500657913	0.387460010214	0.167572105532	0.000120816651904	0.0773381344437	1.62126220355e-05	0.922369030928	0.270749381975	0.000151519622316	0.000141315006403	0.622319245013	0.171620067702	0.000238007650974
12	right	ERROR	0.245444741846	0.213386730723	0.383163408446	0.000439368581135	0.43051112246	0.186191228369	0.000134240724338	0.085931260493	7.12331674021e-05	0.913743367697	0.341498763949	0.000168355135906	0.000157016673781	0.444638490026	0.754044656405	0.000476015301947
13	right	ERROR	0.242407903077	0.23709636747	0.207908521115	0.000732280968559	0.576277806151	0.215478070923	0.000335601810845	0.143218767488	0.00011872194567	0.856238946162	0.268331959943	0.000280591893177	0.000261694456302	0.494042766695	0.756741094009	0.000528905891053
14	right	noError	0.254927322113	0.197580306225	0.254942825697	0.000545193100602	0.485173628845	0.259673794327	0.000209751131778	0.19556676374	8.83900967642e-05	0.803997195952	0.390276633286	0.000225617657087	0.000210422651328	0.41170230558	0.744439094689	0.000440754909211
15	left	noError	0.312565813656	0.179618460205	0.267613426881	0.000374584503516	0.403043311085	0.329219879016	0.000123383018693	0.163530650717	6.07299697585e-05	0.836104737455	0.44570603026	0.00018865885783	0.00017595297094	0.374274823254	0.686998871871	0.0004006862811
16	left	noError	0.437547009754	0.25307897347	0.306344522401	0.000267560359654	0.335869425904	0.357683232513	0.000102819182244	0.266558082947	4.33785498275e-05	0.733174566198	0.363804020173	0.00013833370962	0.000129017144855	0.382849882169	0.562142051336	0.0002671241874
17	middle	noError	0.425031339836	0.194676133438	0.337563014934	0.000178373573103	0.223912950603	0.438455488342	6.85461214962e-05	0.222131735789	2.89190332183e-05	0.777645471832	0.433695400133	0.00011527809135	0.000107514287379	0.371422986284	0.574761367557	0.000205480144154
18	left	ERROR	0.37505223306	0.135251619197	0.275126029867	0.000297289288505	0.0478259012056	0.676910976684	0.000137092242992	0.317331051128	4.81983886972e-05	0.682350674046	0.476707714476	0.000164682987643	0.000153591839113	0.387747123263	0.624602279262	0.000293543063077
19	right	noError	0.3650435251	0.104039707075	0.246309083076	0.00018871943036	0.0970630115795	0.656537890091	9.00152534875e-05	0.317331051128	3.05963679517e-05	0.682350674046	0.443621318828	0.000164682987643	0.000153591839113	0.452113171741	0.634737159101	0.000225802356213
20	right	ERROR	0.5300870502	0.130049633844	0.114900330258	0.00037743886072	0.000248116185048	0.884628211144	0.000223342412914	0.27166381391	6.11927359035e-05	0.727938342557	0.429526648535	0.000205853734553	0.000191989798891	0.440141464676	0.469474318203	0.000282252945267
21	left	ERROR	0.575217625501	0.185785191205	0.0298006605162	0.000943597151799	0.000496232370095	0.969256422288	0.000446684825828	0.301848682122	0.000152981839759	0.697709269508	0.327895212193	0.000228726371726	0.000213321998768	0.485916378109	0.423685795507	0.000403218493238
22	right	noError	0.547011015938	0.123856794137	0.114802456826	0.000589748219874	0.000438893723785	0.884363578152	0.000395071298005	0.365316983747	9.56136498492e-05	0.634281154098	0.285263474795	0.000207933065205	0.000193929089789	0.590610918739	0.452303622192	0.000268812328825
23	middle	noError	0.529381884961	0.0884691386692	0.102912333993	0.000368592637421	0.000393437377022	0.896340074978	0.000354153652241	0.365316983747	5.97585311557e-05	0.634281154098	0.346616767711	0.000207933065205	0.000193929089789	0.564722084814	0.47018976387	0.000192008806304
24	right	noError	0.518363678101	0.0631922419066	0.168593461592	0.000230370398388	0.000326894713626	0.830785388589	0.000294255105108	0.42301543977	3.73490819723e-05	0.576619230998	0.319011976936	0.000189030059278	0.000176299172536	0.61765863201	0.481368602419	0.00013714914736
25	left	noError	0.674907516758	0.0399384336581	0.144206102589	0.000155494262937	0.000279608782951	0.855262598073	0.000251690554746	0.42301543977	2.52096971369e-05	0.576619230998	0.32802326335	0.000189030059278	0.000176299172536	0.631951622697	0.324911779282	8.6680294255e-05
26	left	ERROR	0.549815033516	0.000178519923552	0.0631515751277	0.000310988525874	0.000399441118501	0.936089425818	0.000359557935352	0.403769299713	5.04193942737e-05	0.595774038748	0.05002710831	0.000236287574097	0.00022037396567	0.949639630171	0.449823558563	0.000154741595039
27	middle	noError	0.645061413806	0.000169976825443	0.148319613752	0.000200626760854	0.000363128289546	0.850990387108	0.00032687085032	0.457972090648	3.25268584393e-05	0.541612762498	0.0476330534286	0.000214806885543	0.000200339968791	0.952049633333	0.354705432574	0.000147336412459
28	right	ERROR	0.612653534516	0.000283294709071	0.000133017569797	0.000501566902136	0.000483024426002	0.998949162343	0.000434795661472	0.57246511331	8.13171460983e-05	0.427015953122	0.0793884223811	0.000268508606928	0.000250424960988	0.920082722222	0.386763581436	0.000245560687432
29	middle	ERROR	0.708845115054	0.000566589418142	0.000190025099711	0.00167188967379	0.000690034894288	0.998498803347	0.000621136659245	0.57246511331	0.000271057153661	0.427015953122	0.158776844762	0.000268508606928	0.000250424960988	0.840165444445	0.289211938119	0.000491121374864
30	left	ERROR	0.0294837168451	0.00141647354536	0.000237531374638	0.00557296557928	0.00086254361786	0.998123504183	0.000776420824057	0.57246511331	0.000903523845536	0.427015953122	0.146942111905	0.000268508606928	0.000250424960988	0.850413611112	0.96403979373	0.00122780343716
31	left	ERROR	0.0982790561503	0.00157385949484	0.000791771248794	0.0185765519309	0.00287514539287	0.993745013945	0.00258806941352	0.57246511331	0.00301174615179	0.427015953122	0.052157902117	0.000268508606928	0.000250424960988	0.944904012347	0.880132645767	0.00136422604129
32	right	noError	0.162554814623	0.00149181562135	0.000786927719653	0.0152295860899	0.00285755716834	0.993783277783	0.00257223732863	0.57246511331	0.00246911523032	0.427015953122	0.049438957804	0.000268508606928	0.000250424960988	0.947776116404	0.819746484057	0.00129311017033
33	left	noError	0.205096350831	0.00141790871266	0.000782143564734	0.0118966873115	0.00284018454842	0.993821072566	0.00255659932077	0.57246511331	0.00192876494856	0.427015953122	0.0469896735307	0.000268508606928	0.000250424960988	0.950363370312	0.781078196909	0.0012290474444
34	left	ERROR	0.000253162218147	0.00202558387523	0.00156428712947	0.0301179174839	0.00568036909683	0.987642145132	0.00511319864154	0.57246511331	0.00488290412661	0.427015953122	0.0671281050438	0.000268508606928	0.000250424960988	0.929090529018	0.964746016171	0.00175578206343
35	left	noError	0.000244564791424	0.00189163798987	0.00154534452061	0.0290951085098	0.0056115831253	0.987791791579	0.0050512807749	0.57246511331	0.00471707997351	0.427015953122	0.0626891215131	0.000268508606928	0.000250424960988	0.933779563121	0.965943246725	0.00163967737586
36	left	noError	0.000236532902029	0.0017743192274	0.00152685701762	0.0281395797432	0.00554444977189	0.987937842694	0.00499085051665	0.57246511331	0.00456216370614	0.427015953122	0.0588011629311	0.000268508606928	0.000250424960988	0.937886532714	0.967061723649	0.00153798512733
37	left	noError	0.000229012525431	0.0017743192274	0.00150880841402	0.0272449040547	0.00547891018637	0.988080426507	0.00493185489261	0.57246511331	0.00441711331832	0.427015953122	0.0588011629311	0.000268508606928	0.000250424960988	0.937886532714	0.968108970102	0.00153798512733
38	left	ERROR	0.00114506262715	0.0017743192274	0.00502936138007	0.136224520274	0.0182630339546	0.960268088357	0.0164395163087	0.57246511331	0.0220855665916	0.427015953122	0.0588011629311	0.000268508606928	0.000250424960988	0.937886532714	0.840544850508	0.00153798512733
39	left	noError	0.000987672006853	0.00167071254937	0.00483763659402	0.117500250319	0.0175668270183	0.961782712517	0.0158128238703	0.611331921191	0.0190498714749	0.38819632102	0.055367624557	0.000244098733571	0.000227659055444	0.94151348434	0.8624622062	0.00144817855395
40	left	noError	0.000687105912418	0.00157854670732	0.00466000966591	0.290447525534	0.0169218133925	0.963185963722	0.01523221322	0.611331921191	0.0132526579982	0.38819632102	0.0523132369297	0.000244098733571	0.000227659055444	0.944739927432	0.695612710555	0.00136828893086
41	middle	ERROR	0.00225659965534	0.00175394078592	0.015533365553	0.953890476229	0.0564060446417	0.877286545739	0.0507740440665	0.611331921191	0.0435245031816	0.38819632102	0.0581258188108	0.000244098733571	0.000227659055444	0.938599919369	0.000328420934031	0.00152032103429
42	right	noError	0.00196909328285	0.00165263417758	0.015533365553	0.872505838093	0.0564060446417	0.877286545739	0.0507740440665	0.555756291992	0.125238490784	0.443814837291	0.0547685050361	0.00022190793961	0.000206962777676	0.942146352618	0.000286577840078	0.00143250816808
43	left	noError	0.00160428763959	0.00165263417758	0.0141212414119	0.814652726102	0.0512782224016	0.888442314308	0.0461582218786	0.50523299272	0.183509501491	0.49437712481	0.0547685050361	0.000201734490555	0.000188147979706	0.942146352618	0.000233484767137	0.00143250816808
44	middle	noError	0.00124823267256	0.00156239988552	0.0141212414119	0.777982587715	0.0512782224016	0.888442314308	0.0461582218786	0.5876941606	0.220587514363	0.411980937342	0.0517781292191	0.000168112075462	0.000156789983088	0.945305178077	0.000181665249854	0.00135429281821
45	left	ERROR	0.0124823267256	0.00184175363071	0.0176515517648	0.779825877146	0.064097778002	0.860552892885	0.0576977773483	0.48461770075	0.205875143629	0.514976171677	0.000117879785308	0.000210140094328	0.00019598747886	0.996443929117	0.00181665249854	0.00159643746655
46	left	noError	0.00770478742267	0.00183541032253	0.0176515517648	0.617193982605	0.064097778002	0.860552892885	0.0576977773483	0.417584071964	0.373979890847	0.582125836912	0.000117473787572	0.000150100067377	0.000139991056329	0.996456176822	0.0011213391245	0.00159093906836
47	middle	noError	0.00519643633483	0.00182911118703	0.0160468652407	0.674375087353	0.0582707072745	0.873229902623	0.0524525248621	0.470530974513	0.319672197514	0.529205306284	0.000117070617067	0.000136454606706	0.000127264596662	0.996468339237	0.000756278797915	0.00158547895917
48	left	ERROR	0.0185303892437	0.00261301598147	0.0160468652407	0.97841613749	0.0582707072745	0.873229902623	0.0524525248621	0.284218290854	0.00035659802314	0.71534217714	0.000167243738667	0.000227424344511	0.000212107661104	0.994954770338	0.00269687524279	0.00226496994167
49	middle	ERROR	0.85457050078	0.00290335109053	0.0160468652407	0.00461172450044	0.0582707072745	0.873229902623	0.0524525248621	0.284218290854	0.0164453184012	0.71534217714	0.000185826376297	0.000227424344511	0.000212107661104	0.994394189265	0.124372456318	0.00251663326853
