Trial	nTrans	naoDecision	humanDecision	guessCorr	errpDetector	x01	x12	x32	x00	x33	x30	x31	x21	x02	x20	x13	x23	x22	x10	x03	x11
1	16	left	left	1	noError	0.192307692308	0.208333333333	0.28125	0.269230769231	0.28125	0.21875	0.21875	0.3	0.346153846154	0.166666666667	0.291666666667	0.3	0.233333333333	0.291666666667	0.192307692308	0.208333333333
2	13	left	right	0	noError	0.24358974359	0.138888888889	0.254166666667	0.224358974359	0.3875	0.145833333333	0.2125	0.272727272727	0.288461538462	0.242424242424	0.327777777778	0.272727272727	0.212121212121	0.261111111111	0.24358974359	0.272222222222
3	10	left	middle	0	noError	0.312354312354	0.115740740741	0.221354166667	0.203962703963	0.4921875	0.0911458333333	0.1953125	0.247933884298	0.262237762238	0.220385674931	0.356481481481	0.338842975207	0.192837465565	0.217592592593	0.221445221445	0.310185185185
4	13	middle	middle	1	noError	0.260295260295	0.165954415954	0.138346354167	0.169968919969	0.4951171875	0.119466145833	0.2470703125	0.206611570248	0.301864801865	0.183654729109	0.274216524217	0.449035812672	0.160697887971	0.167378917379	0.267871017871	0.39245014245
5	6	right	left	0	ERROR	0.289216955884	0.109924026591	0.138346354167	0.0777432444099	0.4951171875	0.119466145833	0.2470703125	0.229568411387	0.335405335405	0.0929496990103	0.457027540361	0.498928680747	0.178553208856	0.278964862298	0.297634464301	0.15408357075
6	17	middle	left	0	noError	0.241014129903	0.161480020454	0.187970196759	0.0647860370083	0.497287326389	0.17748119213	0.137261284722	0.306834579562	0.362837779504	0.0663926421502	0.351559646431	0.499234771962	0.127538006326	0.291511432537	0.331362053584	0.195448900577
7	14	left	middle	0	ERROR	0.0683568831717	0.314628877838	0.109962745949	0.107976728347	0.621609157986	0.221851490162	0.0465766059028	0.295477970803	0.271396299174	0.0948466316432	0.684981440668	0.42747824566	0.182197151894	0.000194840746832	0.552270089307	0.000194840746832
8	11	right	left	0	ERROR	0.113928138619	0.349587642043	0.162127515732	0.179961213912	0.76905315739	0.000147438584161	0.0686718882934	0.217197745336	0.285660498623	0.10538514627	0.64997937852	0.474975828511	0.202441279882	0.000216489718703	0.420450148845	0.000216489718703
9	9	left	middle	0	ERROR	0.113928138619	0.277319602269	0.000185883112844	0.179961213912	0.871890609849	0.000274063429772	0.127649443608	0.0245682076232	0.285660498623	0.150550208957	0.722199309467	0.535679755016	0.289201828403	0.000240544131892	0.420450148845	0.000240544131892
10	11	right	left	0	ERROR	0.113928138619	0.308132891411	0.00658940557908	0.179961213912	0.00354491888923	0.00971532629044	0.980150349241	0.0245682076232	0.285660498623	0.150550208957	0.691332566074	0.535679755016	0.289201828403	0.000267271257657	0.420450148845	0.000267271257657
11	17	left	right	0	noError	0.103571035109	0.336831407058	0.00646178753205	0.163601103556	0.00347626389143	0.00952716804876	0.980534780528	0.0175487197309	0.350600453294	0.17896443497	0.662814255109	0.454056967869	0.349429877431	0.000177168916448	0.382227408041	0.000177168916448
12	16	right	middle	0	ERROR	0.00396781678737	0.456104690192	0.0161544688301	0.181779003951	0.00869065972857	0.0238179201219	0.951336951319	0.0219358996636	0.389556059216	0.098705543712	0.542714183698	0.442571209836	0.436787346789	0.000590563054827	0.424697120046	0.000590563054827
13	18	right	left	0	noError	0.00360710617034	0.570736460128	0.0154062923068	0.165253639956	0.00828816134566	0.0227148192489	0.953590727099	0.0129034703904	0.354141872014	0.116885613948	0.428476122466	0.436806594021	0.43340432164	0.000393708703218	0.47699738186	0.000393708703218
14	15	right	middle	0	ERROR	0.00568185689855	0.78456076688	0.0308125846137	0.000157518426967	0.0165763226913	0.0454296384979	0.907181454197	0.016129337988	0.557838706029	0.0211070174353	0.214126870776	0.546008242526	0.416755402051	0.00065618117203	0.436321918646	0.00065618117203
15	15	right	left	0	noError	0.00516532445323	0.760184121953	0.028198097975	0.00014319856997	0.0151698008192	0.0415748764148	0.915057224791	0.0115209557057	0.50712609639	0.0150764410252	0.238818141257	0.675720173233	0.297682430036	0.000498868394941	0.487565380587	0.000498868394941
16	16	left	middle	0	noError	0.00430443704436	0.685845801395	0.0237990209039	0.000119332141642	0.0128032183988	0.119488323157	0.84390943754	0.00822925407549	0.505938413658	0.0107688864466	0.313441529469	0.696942980881	0.284058878597	0.000356334567815	0.489637817156	0.000356334567815
17	10	left	middle	0	ERROR	0.00478270782706	0.551208287707	0.0339986012913	0.000132591268491	0.0182903119983	0.17069760451	0.7770134822	0.0117560772507	0.562153792954	0.0153841234951	0.447773613527	0.709918544115	0.262941255139	0.000509049382593	0.432930907951	0.000509049382593
18	16	left	middle	0	noError	0.00434791620642	0.532005179817	0.0278019266681	0.00012053751681	0.0149566715571	0.139585809497	0.817655592278	0.0091133691861	0.511048902685	0.0119258485654	0.467358508455	0.775127421746	0.203833360502	0.000318155864121	0.484482643592	0.000318155864121
19	17	middle	left	0	noError	0.00395265109675	0.451432271298	0.0924597169314	0.000109579560736	0.0108205694112	0.173331002939	0.723388710718	0.00639636762048	0.555499002441	0.00837035239691	0.548113220325	0.701796213137	0.283437066846	0.000227254188658	0.440438766902	0.000227254188658
20	11	left	middle	0	noError	0.00359331917886	0.459526892748	0.066042654951	9.96177824875e-05	0.00772897815089	0.266665002099	0.659563364799	0.00457503060973	0.595908184037	0.00598693206867	0.540094350271	0.715182956656	0.274255080666	0.000189378490548	0.400398879001	0.000189378490548
21	16	left	middle	0	ERROR	0.0039925768654	0.319053785497	0.165106637378	0.000110686424986	0.0193224453772	0.416662505248	0.398908411997	0.00762505101622	0.662120204486	0.00997822011446	0.680188700541	0.691971594426	0.290425134443	0.000378756981096	0.333776532224	0.000378756981096
22	8	right	middle	0	ERROR	0.00443619651711	0.243393094996	0.081383296722	0.000122984916651	0.0241530567215	0.39582813156	0.498635514996	0.0127084183604	0.624578004984	0.0166303668574	0.755765222824	0.819952657376	0.150708557406	0.000420841090107	0.370862813582	0.000420841090107
23	11	middle	middle	1	noError	0.00341245885932	0.202827579164	0.120922197815	9.46037820394e-05	0.0161020378143	0.397218754373	0.465757009998	0.0115531076003	0.557367696142	0.0151185153249	0.79647101902	0.836320597615	0.13700777946	0.000350700908422	0.439125241217	0.000350700908422
24	18	right	middle	0	noError	0.0024374706138	0.168541378319	0.122734554341	6.75741300282e-05	0.00894557656353	0.442899307985	0.42542056111	0.00992893787622	0.540976925816	0.0129931101341	0.830875785612	0.859331127683	0.117746824307	0.000291418034604	0.456518029441	0.000291418034604
25	13	middle	left	0	noError	0.00187497739523	0.153219434836	0.148489702894	5.19801000217e-05	0.00596371770902	0.495266205323	0.350280374073	0.00870525061415	0.569982250627	0.0113917804084	0.846250714192	0.876667796455	0.103235172522	0.000264925486003	0.428090791877	0.000264925486003
26	16	left	left	1	noError	0.00133926956802	0.132812837247	0.146170413467	3.71286428726e-05	0.0035080692406	0.46780365019	0.382517867102	0.00775017898052	0.478558750448	0.0101419638543	0.866727880215	0.890198835864	0.0919090213014	0.000229641269026	0.520064851341	0.000229641269026
27	17	right	middle	0	ERROR	0.00191324224003	0.0468754817807	0.000282542075614	5.30409183895e-05	0.00991177164635	0.474115916203	0.515689770075	0.000144435655162	0.540798214926	0.0146486119393	0.952468400308	0.852457555336	0.132749397069	0.000328058955751	0.457235501916	0.000328058955751
28	15	middle	middle	1	noError	0.00136660160002	0.128003692612	0.000176588797258	3.78863702782e-05	0.00619485727897	0.546322447627	0.447306106297	0.000125876165583	0.600570153518	0.0127663152147	0.871424492988	0.87141625678	0.115691551839	0.000285907199905	0.398025358511	0.000285907199905
29	20	right	left	0	noError	0.00105123200002	0.185598891725	9.81048873658e-05	2.91433617524e-05	0.0589971429328	0.47017913757	0.470725614609	9.47517545665e-05	0.615823195014	0.0096096886995	0.813935641608	0.752662578751	0.237632980795	0.000232733333529	0.383096429624	0.000232733333529
30	16	left	right	0	ERROR	0.00150176000002	0.142664819541	0.000245262218415	4.16333739321e-05	0.147492857332	0.675447843926	0.176814036524	0.000135359649381	0.594033135735	0.0137281267136	0.85655940268	0.646660826787	0.33947568685	0.000387888889214	0.404423470891	0.000387888889214
31	16	left	right	0	noError	0.00100117333335	0.129695290492	0.000160885481015	2.77555826214e-05	0.162348720716	0.65590776071	0.181582633093	0.000104122807216	0.59602209049	0.010560097472	0.869599456982	0.72820063599	0.261135143731	0.000352626262922	0.402948980594	0.000352626262922
32	12	right	middle	0	noError	0.000715123809535	0.117904809538	0.000119707150318	1.98254161581e-05	0.120795876621	0.743977510263	0.135106905966	8.18769043712e-05	0.71144435035	0.00830392604638	0.881454051802	0.786270740002	0.205343457048	0.000320569329929	0.287820700425	0.000320569329929
33	14	right	middle	0	ERROR	0.00119187301589	0.147381011923	0.000299267875795	3.30423602635e-05	0.301989691552	0.609943775658	0.0877672649146	0.000102346130464	0.852407250583	0.010379907558	0.851817564753	0.732838425002	0.256679321309	0.000400711662412	0.146367834041	0.000400711662412
34	16	middle	left	0	ERROR	0.00238374603178	0.147381011923	0.000748169689489	6.60847205271e-05	0.504974228879	0.274859439145	0.219418162287	0.000204692260928	0.704814501166	0.020759815116	0.851817564753	0.465676850004	0.513358642619	0.000400711662412	0.292735668082	0.000400711662412
35	10	right	middle	0	ERROR	0.00297968253973	0.0592262649033	0.00124694948248	8.26059006589e-05	0.674957048132	0.291432398575	0.0323636038109	0.00025586532616	0.756018126457	0.0259497688949	0.939771955941	0.332096062505	0.641698303274	0.000500889578015	0.240919585102	0.000500889578015
36	6	middle	left	0	ERROR	0.00331075837748	0.0658069610037	0.00207824913747	9.17843340654e-05	0.624928413553	0.319053997625	0.0539393396849	0.00025586532616	0.728909029397	0.0259497688949	0.933079951045	0.332096062505	0.641698303274	0.000556543975572	0.267688427891	0.000556543975572
37	9	right	left	0	ERROR	0.00472965482496	0.0658069610037	0.00296892733924	0.000131120477236	0.749897733647	0.170077139464	0.0770561995499	0.000365521894514	0.612727184853	0.0370710984214	0.933079951045	0.188708660722	0.773854718962	0.000556543975572	0.382412039845	0.000556543975572
38	7	right	middle	0	ERROR	0.00472965482496	0.0658069610037	0.00567624993678	0.000131120477236	0.668964498472	0.325168063014	0.000191188577159	0.000456902368143	0.612727184853	0.0463388730267	0.933079951045	0.110885825902	0.842318398703	0.000556543975572	0.382412039845	0.000556543975572
39	10	left	middle	0	ERROR	0.00591206853121	0.0731188455596	0.0189208331226	0.000163900596545	0.563214994905	0.417226876715	0.000637295257197	0.000456902368143	0.765908981066	0.0463388730267	0.92564439005	0.110885825902	0.842318398703	0.00061838219508	0.228015049806	0.00061838219508
40	7	middle	left	0	noError	0.00537460775564	0.0731188455596	0.0189208331226	0.000149000542314	0.563214994905	0.417226876715	0.000637295257197	0.000363318267118	0.787189982788	0.116365310112	0.92564439005	0.0881738614719	0.795097510149	0.00061838219508	0.207286408914	0.00061838219508
41	10	left	middle	0	noError	0.00447883979637	0.0731188455596	0.0849434522304	0.000124167118595	0.545153567789	0.369447769082	0.000455210897998	0.000259513047941	0.739324985656	0.15454665008	0.92564439005	0.134409901051	0.71078393582	0.00061838219508	0.256072007429	0.00061838219508
42	7	middle	left	0	ERROR	0.00497648866263	0.0731188455596	0.0849434522304	0.000137963465106	0.545153567789	0.369447769082	0.000455210897998	0.000648782619854	0.710361095174	0.136366625201	0.92564439005	0.336024752628	0.526959839551	0.00061838219508	0.284524452698	0.00061838219508
43	8	left	left	1	noError	0.00414707388553	0.0731188455596	0.0606738944503	0.000114969554255	0.460823976992	0.478176977916	0.000325150641427	0.000540652183211	0.675300912645	0.113638854334	0.92564439005	0.363353960524	0.522466532959	0.00061838219508	0.320437043915	0.00061838219508
44	8	left	middle	0	ERROR	0.00460785987281	0.0731188455596	0.000119129008901	0.000127743949172	0.429846027669	0.569647494585	0.000387348736568	0.00108130436642	0.639223236272	0.227277708668	0.92564439005	0.326707921047	0.444933065918	0.00061838219508	0.356041159906	0.00061838219508
45	5	right	middle	0	ERROR	0.00511984430312	0.0731188455596	0.000119129008901	0.000141937721302	0.429846027669	0.569647494585	0.000387348736568	0.00180217394404	0.599136929191	0.212129514447	0.92564439005	0.377846535079	0.40822177653	0.00061838219508	0.395601288784	0.00061838219508
46	11	middle	middle	1	noError	0.00393834177163	0.0680646625276	8.50921492152e-05	0.00010918286254	0.378461448335	0.621176781847	0.000276677668977	0.00138628764926	0.614720714762	0.240099626498	0.930784061762	0.367574257753	0.3909398281	0.000575637855043	0.381231760603	0.000575637855043
47	14	left	left	1	noError	0.00281310126545	0.0636644353463	5.31825932595e-05	7.79877589571e-05	0.42403840521	0.575735488654	0.000172923543111	0.00106637511482	0.653371939116	0.338538174229	0.935258716326	0.359672505964	0.300722944693	0.000538424163793	0.34373697186	0.000538424163793
48	11	right	right	1	ERROR	0.00468850210908	0.0636644353463	8.86376554325e-05	0.000129979598262	0.540064008683	0.459559147757	0.000288205905185	0.00152339302116	0.922286565193	0.340768820327	0.935258716326	0.513817865662	0.143889920989	0.000538424163793	0.0728949530993	0.000538424163793
49	13	middle	left	0	ERROR	0.00644729038813	0.0636644353463	0.000340866873787	0.000178738581114	0.000384562150391	0.998166240149	0.00110833082653	0.00190424127646	0.993236458234	0.425961025409	0.935258716326	0.392272332078	0.179862401237	0.000538424163793	0.000137512797011	0.000538424163793
50	14	left	middle	0	ERROR	0.0107454839802	0.0636644353463	0.000486952676839	0.00029789763519	0.000549374500558	0.99738034307	0.00158332975219	0.00594633885531	0.98872743039	0.70560429594	0.935258716326	0.288137097063	0.000312268142111	0.000538424163793	0.000229187995019	0.000538424163793
