Trial	nTrans	naoDecision	humanDecision	guessCorr	errpDetector	x01	x12	x32	x00	x33	x30	x31	x21	x02	x20	x13	x23	x22	x10	x03	x11
1	23	right	middle	0	ERROR	0.142816338189	0.25	0.214285714286	0.000285632676378	0.357142857143	0.214285714286	0.214285714286	0.428449014567	0.142816338189	0.142816338189	0.0833333333333	0.428449014567	0.000285632676378	0.25	0.714081690945	0.416666666667
2	27	left	right	0	ERROR	0.20402334027	0.20927312468	0.00685602350637	0.00040804668054	0.00685602350637	0.979431929481	0.00685602350637	0.821122536418	0.20402334027	0.107040845473	0.000139515416454	0.0711225364182	0.000714081690945	0.348788541134	0.591545272779	0.441798818769
3	39	middle	right	0	ERROR	0.994188678003	0.00203549676136	0.0354785884185	0.00389984967639	0.0354785884185	0.928525342609	0.000517480553932	0.98168918456	0.000955736160194	0.0164130894288	0.00283983178351	0.000233112479068	0.00166461353234	0.993089174694	0.000955736160194	0.00203549676136
4	58	middle	middle	1	noError	0.99422167985	0.00183906473882	0.0331150155305	0.00387770286671	0.0331150155305	0.933286962784	0.000483006155095	0.98168918456	0.000950308641546	0.0164130894288	0.0929154553174	0.000233112479068	0.00166461353234	0.903406415205	0.000950308641546	0.00183906473882
5	39	left	left	1	noError	0.994254305742	0.0014184911984	0.0310468880232	0.00385580835245	0.0310468880232	0.937453382916	0.000452841038166	0.982016675562	0.000944942952936	0.0161195394706	0.225928966215	0.00022894323605	0.00163484173129	0.771234051388	0.000944942952936	0.0014184911984
6	31	middle	middle	1	noError	0.994286562065	0.000927927517251	0.112733682646	0.00383416184693	0.0267082269128	0.860168531874	0.000389558566829	0.982332626927	0.000939638043827	0.0158363331863	0.344044404661	0.000224920902577	0.00160611898441	0.654099740305	0.000939638043827	0.000927927517251
7	85	right	right	1	noError	0.994318455065	0.00046357994803	0.233430123936	0.00381275916002	0.0199355076359	0.746343594809	0.000290773618518	0.982637638017	0.000934392887347	0.0155629333303	0.499536420052	0.000221037848233	0.00157839080429	0.499536420052	0.000934392887347	0.00046357994803
8	41	right	right	1	noError	0.994349990845	0.000231705730458	0.298185968146	0.00379159619548	0.0137149872992	0.687899001669	0.000200042886179	0.982932267396	0.000929206479627	0.0152988392296	0.49976829427	0.000217286962041	0.00155160641274	0.49976829427	0.000929206479627	0.000231705730458
9	50	middle	right	0	noError	0.994381175373	0.000115837608752	0.282001194487	0.0037706689483	0.00971315694211	0.708143975239	0.00014167333197	0.983217036237	0.00092407783916	0.0150435837236	0.499884162391	0.000213661608991	0.00152571843039	0.499884162391	0.00092407783916	0.000115837608752
10	68	right	right	1	noError	0.994412014485	5.79178870951e-05	0.323109936535	0.00374997350219	0.00651122353849	0.67028386908	9.49708461829e-05	0.983492431406	0.000919006006181	0.0147967304064	0.499942082113	0.000210155590884	0.001500682597	0.499942082113	0.000919006006181	5.79178870951e-05
11	41	right	left	0	ERROR	0.017580916784	0.183379755646	0.615549682677	0.659279720842	0.0325561176925	0.3514193454	0.000474854230915	0.979365539257	0.161569681187	0.018495913008	0.316620244354	0.000262694488605	0.00187585324625	0.316620244354	0.161569681187	0.183379755646
12	22	middle	middle	1	ERROR	0.04395229196	0.263259949851	0.472702530935	0.398199302106	0.000149802885848	0.526436320838	0.000711345341482	0.958731078514	0.153924202967	0.0369918260161	0.368212157048	0.00052538897721	0.0037517064925	0.368212157048	0.403924202967	0.000315736053449
13	49	middle	middle	1	noError	0.0191431860984	0.256027249932	0.518836297811	0.434760376567	7.77309477896e-05	0.480716862547	0.000369108694309	0.876206827205	0.110595330881	0.120045177744	0.440096435022	0.000460395448315	0.00328759960236	0.303732798658	0.435501106454	0.000143516387932
14	36	right	right	1	noError	0.00858616523223	0.237351499955	0.478764261669	0.448478459728	4.05021002283e-05	0.521002910294	0.000192325936543	0.81711659608	0.0944569153109	0.179820548677	0.426730956681	0.000376234385016	0.00268662085844	0.335821865772	0.448478459728	9.56775919544e-05
15	60	right	right	1	noError	0.0433851271286	0.298528611086	0.499941793946	0.399505669282	2.02507177185e-05	0.499941793946	9.61613898769e-05	0.594194117716	0.157603534308	0.403985769703	0.51485053149	0.000223578616321	0.00159653396401	0.186567703207	0.399505669282	5.31542177524e-05
16	88	left	right	0	ERROR	0.25	0.999152711955	0.316043531836	0.25	0.0640010834996	0.316043531836	0.303911852829	0.0495021915974	0.25	0.0495021915974	0.000334692446503	0.110676315022	0.790319301784	0.000334692446503	0.25	0.000177903151815
17	6	left	middle	0	ERROR	0.25	0.999152711955	0.316043531836	0.25	0.0640010834996	0.316043531836	0.303911852829	0.123755478993	0.25	0.123755478993	0.000334692446503	0.276690787554	0.475798254459	0.000334692446503	0.25	0.000177903151815
18	47	middle	middle	1	noError	0.21875	0.999153344651	0.234565241743	0.28125	0.0745459470453	0.325474332653	0.365414478559	0.166354043924	0.21875	0.0485827922207	0.000334442521605	0.392531581928	0.392531581928	0.000334442521605	0.28125	0.000177770306191
19	16	right	middle	0	noError	0.15625	0.999153976339	0.20910327609	0.34375	0.109091216903	0.390921457908	0.290884049099	0.110902695949	0.227678571429	0.0323885281471	0.000334192994618	0.528354387952	0.328354387952	0.000334192994618	0.272321428571	0.000177637672072
20	17	right	middle	0	noError	0.130208333333	0.999154607022	0.363645197207	0.369791666667	0.0779222977881	0.35065818422	0.207774320785	0.11268904941	0.27306547619	0.0173057647853	0.000333943864593	0.534264296613	0.335740889192	0.000333943864593	0.22693452381	0.000177505248957
21	128	middle	left	0	noError	0.20133754689	0.999155236702	0.313891402104	0.319445812578	0.087246144343	0.313891402104	0.28497105145	0.21651359538	0.278925002976	0.0767920570408	0.000333695130586	0.353347173789	0.353347173789	0.000333695130586	0.200291637556	0.000177373036341
22	35	left	middle	0	noError	0.182426157677	0.999155865383	0.243465530649	0.417929914808	0.11014479079	0.361112589473	0.285277089088	0.0984152706274	0.217693183171	0.125814571382	0.000333446791654	0.387885078995	0.387885078995	0.000333446791654	0.181950744343	0.000177241033724
23	42	right	middle	0	noError	0.201276925093	0.999156493066	0.121732765325	0.377857849899	0.155072395395	0.380556294736	0.342638544544	0.07898650162	0.219838517458	0.12970248252	0.000333198846858	0.398046998702	0.393264017158	0.000333198846858	0.201026707549	0.000177109240607
24	46	right	middle	0	noError	0.177221720643	0.999157119753	0.146242166057	0.398739911705	0.161396543361	0.354798315789	0.337562974793	0.0743148516761	0.246963833799	0.0953720295309	0.000332951295261	0.415156559396	0.415156559396	0.000332951295261	0.177074533852	0.000176977656492
25	68	right	right	1	noError	0.120531182888	0.999157745447	0.165274876317	0.43423474422	0.207924645689	0.316591968811	0.310208509183	0.0705874783149	0.281288623391	0.119608665176	0.00033270413593	0.404901928255	0.404901928255	0.00033270413593	0.163945449501	0.000176846280884
26	55	left	middle	0	ERROR	0.373525636126	0.997894363618	0.889309283395	0.622835746087	0.10796590322	0.00136240669239	0.00136240669239	0.25	0.00181930889301	0.25	0.000831760339825	0.25	0.25	0.000831760339825	0.00181930889301	0.000442115702209
27	21	middle	middle	1	noError	0.36366662595	0.997898578306	0.900331674891	0.63402616445	0.097214843962	0.0012267405733	0.0012267405733	0.194444444444	0.00115360479986	0.305555555556	0.00083009547015	0.25	0.25	0.00083009547015	0.00115360479986	0.000441230753757
28	35	right	right	1	ERROR	0.0398849781091	0.99299526102	0.875414593614	0.0398849781091	0.121518554952	0.00153342571662	0.00153342571662	0.000998003992016	0.460115021891	0.000998003992016	0.0027669849005	0.499001996008	0.499001996008	0.0027669849005	0.460115021891	0.00147076917919
29	61	right	middle	0	ERROR	0.0443166423434	0.992216956689	0.0306105135306	0.0443166423434	0.0306105135306	0.469389486469	0.469389486469	0.0770413655236	0.400127802101	0.768875903429	0.00307442766722	0.0770413655236	0.0770413655236	0.00307442766722	0.511238913212	0.00163418797688
30	69	middle	middle	1	ERROR	0.25	0.0126854561177	0.498371893067	0.25	0.498371893067	0.00162810693316	0.00162810693316	0.25	0.25	0.25	0.390005172597	0.25	0.25	0.390005172597	0.25	0.207304198688
31	58	right	middle	0	noError	0.166666666667	0.00746203301044	0.499187188596	0.166666666667	0.499187188596	0.000812811403836	0.000812811403836	0.267857142857	0.3	0.196428571429	0.405885395645	0.303571428571	0.232142857143	0.405885395645	0.366666666667	0.180767175699
32	32	middle	middle	1	noError	0.148148148148	0.00621836084203	0.499415599731	0.259259259259	0.499771878453	0.000406260908214	0.000406260908214	0.175170068027	0.222222222222	0.236394557823	0.338237829704	0.287414965986	0.301020408163	0.504904496371	0.37037037037	0.150639313082
33	147	left	left	1	noError	0.137041223359	0.0507009970466	0.499796931738	0.3057638859	0.499796931738	0.000203068262237	0.000203068262237	0.245333822575	0.251431004841	0.251555392475	0.256915983243	0.251555392475	0.251555392475	0.477280260634	0.3057638859	0.215102759076
34	103	left	middle	0	noError	0.162219429476	0.0202803988186	0.499898476333	0.224845315992	0.499898476333	0.00010152366725	0.00010152366725	0.262930175474	0.241795877139	0.262930175474	0.342766393297	0.22392200097	0.250217648082	0.350912104254	0.371139377393	0.28604110363
35	26	left	left	1	noError	0.14567746082	0.0156003067836	0.588175943421	0.347136286662	0.411704617078	5.97197507396e-05	5.97197507396e-05	0.272311867926	0.189886598411	0.272311867926	0.340589533306	0.308189412335	0.147186851813	0.346855464811	0.317299654107	0.2969546951
36	93	left	right	0	noError	0.108614787674	0.00650012782648	0.523035736543	0.266177400425	0.476901786082	3.1238687683e-05	3.1238687683e-05	0.262800049522	0.311030758131	0.301238329064	0.391912305544	0.301238329064	0.134723292349	0.269523110338	0.31417705377	0.332064456292
37	80	middle	middle	1	noError	0.0948249034881	0.00309529896499	0.499984379582	0.302807909284	0.499984379582	1.56204179219e-05	1.56204179219e-05	0.269737827343	0.277741253696	0.281754815538	0.472339193116	0.312599487806	0.135907869313	0.175963385875	0.324625933532	0.348602122044
38	22	right	right	1	ERROR	0.23706225872	0.00343922107221	0.998689107301	0.00701977321052	0.000998845131085	0.000156023783868	0.000156023783868	0.339475654685	0.44435313424	0.163509631077	0.524821325685	0.225198975613	0.271815738625	0.0844037620835	0.31156483383	0.38733569116
39	18	middle	left	0	ERROR	0.2963278234	0.00421630125572	0.997378214602	0.00877471651315	0.00199769026217	0.000312047567737	0.000312047567737	0.998748830442	0.4304414178	0.000417056519484	0.520808244463	0.000417056519484	0.000417056519484	0.000122594656383	0.264456042287	0.474852859625
40	8	right	left	0	ERROR	0.2963278234	0.00702716875953	0.996722768253	0.00877471651315	0.00249711282771	0.000390059459671	0.000390059459671	0.998436038052	0.4304414178	0.000521320649355	0.534680407439	0.000521320649355	0.000521320649355	0.000204324427304	0.264456042287	0.458088099374
41	12	left	right	0	noError	0.2963278234	0.00468477917302	0.996733147799	0.00877471651315	0.00248920404958	0.000388824075475	0.000388824075475	0.998438324286	0.4304414178	0.000520558571415	0.556453604959	0.000520558571415	0.000520558571415	0.00013621628487	0.264456042287	0.438725399583
42	47	middle	right	0	noError	0.2963278234	0.00233698997648	0.996743460778	0.00877471651315	0.00248134599356	0.000387596614284	0.000387596614284	0.998440603618	0.4304414178	0.000519798794141	0.498797529441	0.000519798794141	0.000519798794141	6.79511414767e-05	0.264456042287	0.498797529441
43	24	middle	right	0	noError	0.2963278234	0.00116785122744	0.996753707826	0.00877471651315	0.0024735381733	0.000386377000128	0.000386377000128	0.998442876079	0.4304414178	0.000519041307135	0.499123630167	0.000519041307135	0.000519041307135	3.39568525233e-05	0.264456042287	0.499674561753
44	10	middle	right	0	noError	0.2963278234	0.00072990701715	0.996763889575	0.00877471651315	0.00246578010864	0.000385165158006	0.000385165158006	0.9984451417	0.4304414178	0.000518286100061	0.436952268854	0.000518286100061	0.000518286100061	2.12230328271e-05	0.264456042287	0.562296601096
45	10	right	left	0	ERROR	0.2963278234	0.00166720271925	0.996763889575	0.00877471651315	0.00246578010864	0.000385165158006	0.000385165158006	0.998272379666	0.4304414178	0.000575873444512	0.998055908081	0.000575873444512	0.000575873444512	4.84761719077e-05	0.264456042287	0.000228413027972
46	63	right	middle	0	ERROR	0.329253137111	0.815620229036	0.0299750269838	0.00974968501461	0.739118252927	0.115453360045	0.115453360045	0.0547159594173	0.478268241999	0.315094680194	0.048921479051	0.315094680194	0.315094680194	0.0237152602845	0.182728935874	0.111743031629
47	31	middle	right	0	noError	0.27437761426	0.844310630406	0.017023703837	0.00812473751217	0.567872765414	0.179155287456	0.235948243293	0.0364773062782	0.565223535	0.210063120129	0.0413090557235	0.543396453463	0.210063120129	0.020025048866	0.152274113229	0.0943552650045
48	33	left	middle	0	ERROR	0.106253734657	0.557634003807	0.176632932225	0.0116067678745	0.00103757051883	0.821291926737	0.00103757051883	0.643298497287	0.664605049999	0.177468972296	0.000386412284555	0.00176355812126	0.177468972296	0.0773792488062	0.21753444747	0.364600335102
49	56	middle	right	0	noError	0.0817336420435	0.459182479714	0.176632932225	0.00892828298041	0.00103757051883	0.821291926737	0.00103757051883	0.603585109854	0.742003884615	0.227857436854	0.000177451496164	0.00106456387874	0.167492889413	0.0814575890756	0.167334190361	0.459182479714
50	101	right	middle	0	noError	0.16993443644	0.387342692837	0.149865707042	0.00538530906584	0.000880335492657	0.848373621973	0.000880335492657	0.33685296186	0.603113784224	0.33685296186	6.87414145135e-05	0.00035863735938	0.325935438921	0.225245872911	0.221566470271	0.387342692837
