Trial	nTrans	naoDecision	humanDecision	guessCorr	errpDetector	x01	x12	x32	x00	x33	x30	x31	x21	x02	x20	x13	x23	x22	x10	x03	x11
1	29	right	middle	0	ERROR	0.357142857143	0.0833333333333	0.0004995004995	0.357142857143	0.0004995004995	0.24975024975	0.749250749251	0.0004995004995	0.214285714286	0.749250749251	0.0833333333333	0.0004995004995	0.24975024975	0.416666666667	0.0714285714286	0.416666666667
2	25	middle	middle	1	noError	0.344155844156	0.101851851852	0.00041625041625	0.435064935065	0.00041625041625	0.291458541459	0.707708957709	0.00039939295466	0.188311688312	0.799504736761	0.101851851852	0.00039939295466	0.19969647733	0.398148148148	0.0324675324675	0.398148148148
3	28	left	right	0	ERROR	0.993251730887	0.508750508751	0.000693750693751	0.0022494230376	0.000693750693751	0.319097569098	0.679514929515	0.000499241193325	0.0022494230376	0.749380920951	0.0004995004995	0.000499241193325	0.249620596663	0.0004995004995	0.0022494230376	0.49025049025
4	30	left	middle	0	ERROR	0.977505769624	0.0834027662056	0.000770834104167	0.00749807679199	0.000770834104167	0.354552854553	0.643905477239	0.00499241193325	0.00749807679199	0.493809209506	0.416597233794	0.00499241193325	0.496205966627	0.416597233794	0.00749807679199	0.0834027662056
5	34	middle	right	0	ERROR	0.004425908665	0.0011947036464	0.00256944701389	0.331858030445	0.00256944701389	0.515176181843	0.479684924129	0.00713201704751	0.331858030445	0.276870299295	0.0011947036464	0.00713201704751	0.70886566661	0.0011947036464	0.331858030445	0.996415889061
6	11	middle	right	0	ERROR	0.004425908665	0.324285469715	0.00256944701389	0.331858030445	0.00256944701389	0.515176181843	0.479684924129	0.00713201704751	0.331858030445	0.276870299295	0.324285469715	0.00713201704751	0.70886566661	0.324285469715	0.331858030445	0.0271435908554
7	46	middle	middle	1	noError	0.0016789710674	0.327678418572	0.00129461187012	0.379312655855	0.00129461187012	0.503798055353	0.493612720907	0.00398206606906	0.239695717223	0.37792145392	0.265178418572	0.0598157249419	0.558280755069	0.327678418572	0.379312655855	0.0794647442846
8	24	right	middle	0	ERROR	0.00364673207919	0.468112026531	0.0021576864502	0.389467827652	0.0021576864502	0.672996758921	0.322687868178	0.028078460515	0.000217200412205	0.549442030648	0.0931120265311	0.421774385917	0.000705122919311	0.325254883674	0.606668239857	0.113521063264
9	34	middle	middle	1	noError	0.001926194223	0.445408017687	0.00132625370441	0.469814550113	0.00132625370441	0.614603238074	0.382744254517	0.0233987170959	0.000114724682301	0.541201692207	0.0620746843541	0.434811988265	0.000587602432759	0.350169922449	0.528144530981	0.142347375509
10	26	middle	middle	1	noError	0.00105251600307	0.532434298348	0.00102019515724	0.546367930559	0.00102019515724	0.472771721595	0.52518788809	0.0167133693542	6.26881560684e-05	0.672286923005	0.0443390602529	0.310579991618	0.0004197160234	0.250121373178	0.452516865282	0.173105268221
11	44	left	left	1	ERROR	0.800268152863	0.405004379207	0.0373311169527	0.0760338228136	0.0373311169527	0.00365921330716	0.921678552788	0.0278556155903	0.0476642015102	0.620478205008	0.135595640981	0.350966652696	0.000699526705666	0.459094164488	0.0760338228136	0.000305815324473
12	75	middle	middle	1	noError	0.526365148861	0.410518291317	0.0346228662481	0.0926673360835	0.0346228662481	0.00339374932359	0.92736051818	0.0148213752041	0.13037484178	0.532025329633	0.178837862027	0.452781092016	0.000372203146484	0.410518291317	0.250592673276	0.000125555339995
13	37	middle	middle	1	noError	0.482220011615	0.357155335356	0.0295281027078	0.141144160622	0.114813077372	0.0028943582508	0.852764461669	0.00988091680272	0.15932929297	0.554683553089	0.140163077206	0.435187394678	0.000248135430989	0.502618474693	0.217306534794	6.31127447523e-05
14	104	left	left	1	ERROR	0.25	0.275396557805	0.905146388106	0.25	0.00306537266232	0.0887228665696	0.00306537266232	0.956614080281	0.25	0.00968143037108	0.275396557805	0.00968143037108	0.0240230589772	0.275396557805	0.25	0.173810326584
15	40	right	right	1	noError	0.21875	0.390158623122	0.836908957668	0.28125	0.00256569440913	0.157959653514	0.00256569440913	0.874584373649	0.28125	0.0959352586079	0.270158623122	0.00846807452458	0.021012293218	0.190158623122	0.21875	0.149524130634
16	33	right	left	0	ERROR	0.197916666667	0.00200705960602	0.673817915335	0.302083333333	0.00513138881825	0.315919307028	0.00513138881825	0.00336923049159	0.302083333333	0.00336923049159	0.00200705960602	0.285308948933	0.707952590084	0.00200705960602	0.197916666667	0.993978821182
17	40	middle	left	0	noError	0.165509259259	0.0018148306086	0.579288788687	0.390046296296	0.00297285329814	0.414765504717	0.00297285329814	0.00167912579654	0.334490740741	0.00167912579654	0.0922371879296	0.498320874203	0.498320874203	0.0018148306086	0.109953703704	0.904133150853
18	15	left	right	0	ERROR	0.0727880658436	0.47388802969	0.532543098541	0.433384773663	0.00330317033126	0.460850560796	0.00330317033126	0.00186569532949	0.371656378601	0.00186569532949	0.0261119703098	0.442578749115	0.553689860226	0.47388802969	0.122170781893	0.0261119703098
19	23	left	middle	0	ERROR	0.121313443073	0.47388802969	0.665086197082	0.388974622771	0.00660634066253	0.321701121592	0.00660634066253	0.0402001661399	0.286093964335	0.0402001661399	0.0261119703098	0.917444966172	0.0021547015477	0.47388802969	0.203617969822	0.0261119703098
20	95	left	left	1	ERROR	0.25	0.900564898612	0.0144794479286	0.25	0.0144794479286	0.0144794479286	0.956561656214	0.0023499074356	0.25	0.944666693244	0.0496225319511	0.0023499074356	0.0506334918844	0.000190037486113	0.25	0.0496225319511
21	25	left	left	1	ERROR	0.000249875062469	0.857586937856	0.0289588958571	0.374812593703	0.0289588958571	0.0289588958571	0.913123312429	0.00587476858899	0.624687656172	0.861666733111	0.000285325046876	0.00587476858899	0.126583729711	0.000542224546332	0.000249875062469	0.141585512551
22	20	middle	middle	1	noError	0.000140757844174	0.857586937856	0.0289588958571	0.436461923216	0.0289588958571	0.0289588958571	0.913123312429	0.00516130459361	0.563256561096	0.878466680853	0.000285325046876	0.00516130459361	0.11121070996	0.000542224546332	0.000140757844174	0.141585512551
23	20	right	right	1	noError	7.03760537109e-05	0.870533579869	0.0289588958571	0.499929623946	0.0289588958571	0.0289588958571	0.913123312429	0.00460241773227	0.499929623946	0.891626798426	0.000259386406251	0.00460241773227	0.0991683661091	0.000492931405757	7.03760537109e-05	0.128714102319
24	26	right	right	1	noError	3.51890692945e-05	0.870533579869	0.0289588958571	0.499964810931	0.0289588958571	0.0289588958571	0.913123312429	0.00415278265841	0.499964810931	0.90221436247	0.000259386406251	0.00415278265841	0.0894800722135	0.000492931405757	3.51890692945e-05	0.128714102319
25	22	right	right	1	noError	1.75951048248e-05	0.870533579869	0.0289588958571	0.499998608153	0.0289588958571	0.0289588958571	0.913123312429	0.00378321672109	0.499966201637	0.910916537315	0.000259386406251	0.00378321672109	0.0815170292424	0.000492931405757	1.75951048248e-05	0.128714102319
26	19	right	right	1	noError	8.79827743355e-06	0.870533579869	0.0289588958571	0.499991201723	0.0289588958571	0.0289588958571	0.913123312429	0.0031818917923	0.499991201723	0.840970485613	0.000259386406251	0.0031818917923	0.152665730802	0.000492931405757	8.79827743355e-06	0.128714102319
27	14	left	left	1	ERROR	8.78871546251e-05	0.870533579869	0.0289588958571	0.000998913199646	0.0289588958571	0.0289588958571	0.913123312429	0.00454555970328	0.998825312491	0.772814979448	0.000259386406251	0.00454555970328	0.218093901146	0.000492931405757	8.78871546251e-05	0.128714102319
28	25	middle	left	0	ERROR	0.0689480002054	0.870533579869	0.0289588958571	0.783653399499	0.0289588958571	0.0289588958571	0.913123312429	0.489237034245	0.0784506000899	0.0107629657552	0.000259386406251	0.489237034245	0.0107629657552	0.000492931405757	0.0689480002054	0.128714102319
29	67	left	right	0	ERROR	0.0839141368726	0.105006961688	0.989746708096	0.832050019843	0.00341776396786	0.00341776396786	0.00341776396786	0.00460279458915	0.000121706411531	0.495397205411	0.272373784235	0.00460279458915	0.495397205411	0.51761229239	0.0839141368726	0.105006961688
30	17	middle	middle	1	noError	0.193421767013	0.0807745859136	0.989849766381	0.681200404345	0.00338341120626	0.00338341120626	0.00338341120626	0.00354061122242	8.29147482214e-05	0.534920927239	0.209518295565	0.00354061122242	0.457997850316	0.552009455684	0.125294913894	0.157697662837
31	10	right	right	1	ERROR	0.426779075282	0.000108775411261	0.989849766381	0.0004568304464	0.00338341120626	0.00338341120626	0.00338341120626	0.00393401246936	0.000378779814431	0.48324547471	0.227904387668	0.00393401246936	0.508886500351	0.600450555621	0.572385314457	0.1715362813
32	76	left	middle	0	ERROR	0.0965614225566	0.000475908476987	0.00975587520433	0.441121977715	0.330081374932	0.330081374932	0.330081374932	0.487605392799	0.365755177172	0.0123946072006	0.55960057176	0.487605392799	0.0123946072006	0.439486005005	0.0965614225566	0.000437514757673
33	38	right	middle	0	ERROR	0.220518572973	0.00197883413058	0.970166694206	0.779024684433	0.00994443526476	0.00994443526476	0.00994443526476	0.775210785599	0.000228371296875	0.0247892144012	0.000415801404319	0.175210785599	0.0247892144012	0.995786171959	0.000228371296875	0.00181919250651
34	12	right	right	1	noError	0.18062333652	0.00197072689901	0.971028123858	0.819002552718	0.00965729204718	0.00965729204718	0.00965729204718	0.729342321332	0.000187055380646	0.0206576786677	0.000414097876862	0.229342321332	0.0206576786677	0.995803435902	0.000187055380646	0.00181173932248
35	23	left	left	1	noError	0.32454869674	0.00196268662743	0.971028123858	0.675198678906	0.00965729204718	0.00965729204718	0.00965729204718	0.753947564848	0.000126312177112	0.0187797078797	0.000412408419337	0.208493019393	0.0187797078797	0.995820557257	0.000126312177112	0.00180434769649
36	19	right	right	1	noError	0.451881459836	0.00195471248975	0.971028123858	0.547980093203	0.00965729204718	0.00965729204718	0.00965729204718	0.753947564848	6.92234809347e-05	0.0187797078797	0.000410732858159	0.208493019393	0.0187797078797	0.995837537783	6.92234809347e-05	0.00179701686906
37	29	right	right	1	noError	0.499965387194	0.00194680367338	0.971841123454	0.499965387194	0.00938629218187	0.00938629218187	0.00938629218187	0.60996254632	3.4612805729e-05	0.0134140770569	0.000409071022586	0.363209299566	0.0134140770569	0.995854379211	3.4612805729e-05	0.00178974609318
38	30	left	left	1	noError	0.499982692465	0.00193895937901	0.971841123454	0.499982692465	0.00938629218187	0.00938629218187	0.00938629218187	0.60996254632	1.73075345556e-05	0.0134140770569	0.00040742274466	0.363209299566	0.0134140770569	0.995871083242	1.73075345556e-05	0.00178253463401
39	18	middle	middle	1	noError	0.499991345517	0.0019311788203	0.971841123454	0.499991345517	0.00938629218187	0.00938629218187	0.00938629218187	0.60996254632	8.65448293835e-06	0.0134140770569	0.000405787859154	0.363209299566	0.0134140770569	0.995887651552	8.65448293835e-06	0.00177538176865
40	22	left	left	1	noError	0.473702429532	0.00192346122364	0.97260966547	0.526288460048	0.00913011151016	0.00913011151016	0.00913011151016	0.546125035631	4.55521001914e-06	0.010318520813	0.000404166203515	0.433237922743	0.010318520813	0.995904085787	4.55521001914e-06	0.0017682867859
41	83	left	left	1	noError	0.499997722178	0.00191580582791	0.97260966547	0.499997722178	0.00913011151016	0.00913011151016	0.00913011151016	0.546125035631	2.27782241585e-06	0.010318520813	0.000402557617808	0.433237922743	0.010318520813	0.995920387568	2.27782241585e-06	0.00176124898605
42	13	middle	middle	1	noError	0.437498576361	0.00190821188417	0.973337299486	0.562498576361	0.00888756683799	0.00888756683799	0.00888756683799	0.497019258177	1.42363900991e-06	0.00793732370232	0.000400961944669	0.487106094418	0.00793732370232	0.995936558491	1.42363900991e-06	0.00175426768058
43	33	left	left	1	noError	0.49999928811	0.00190067865549	0.974027207008	0.49999928811	0.00865759766407	0.00865759766407	0.00865759766407	0.542744780161	7.11889680447e-07	0.00721574882029	0.000399379029246	0.442823722198	0.00721574882029	0.995952600123	7.11889680447e-07	0.001747342192
44	16	left	left	1	noError	0.555530643104	0.00189320541666	0.974027207008	0.444468565864	0.00865759766407	0.00865759766407	0.00865759766407	0.58431343651	3.95516083607e-07	0.00655977165481	0.000397808719157	0.40256702018	0.00655977165481	0.995968514011	3.95516083607e-07	0.00174047185362
45	14	right	left	0	ERROR	0.111061286209	0.00378641083332	0.96753400876	0.888937131727	0.0108219970801	0.0108219970801	0.0108219970801	0.605391795638	7.91032167213e-07	0.00819971456851	0.000795617438315	0.378208775225	0.00819971456851	0.991937028021	7.91032167213e-07	0.00348094370725
46	14	left	left	1	noError	0.174292120542	0.00375649794545	0.96753400876	0.825706573007	0.0108219970801	0.0108219970801	0.0108219970801	0.605391795638	6.53225782506e-07	0.00819971456851	0.00078933200964	0.378208775225	0.00819971456851	0.992000726016	6.53225782506e-07	0.00345344402921
47	15	right	right	1	noError	0.215267254352	0.00372705690182	0.96753400876	0.784731720332	0.0108219970801	0.0108219970801	0.0108219970801	0.605391795638	5.12658257897e-07	0.00819971456851	0.000783145726973	0.378208775225	0.00819971456851	0.992063419242	5.12658257897e-07	0.00342637812959
48	19	right	right	1	noError	0.293440193875	0.00369807662569	0.968551859015	0.706559081606	0.0104827136615	0.0104827136615	0.0104827136615	0.641265268762	3.62259573835e-07	0.00745428597137	0.000777056262815	0.343826159296	0.00745428597137	0.992125131286	3.62259573835e-07	0.00339973582524
49	17	left	left	1	ERROR	0.498195240047	0.00616346104282	0.968551859015	0.498195240047	0.0104827136615	0.0104827136615	0.0104827136615	0.60140585418	0.00180475995346	0.00828253996819	0.00129509377136	0.382029065884	0.00828253996819	0.98687521881	0.00180475995346	0.0056662263754
50	22	middle	middle	1	noError	0.525791395729	0.00608421546765	0.969507734842	0.472310559957	0.0101640883858	0.0101640883858	0.0101640883858	0.637641685618	0.000949022157099	0.00752958178927	0.00127844233962	0.347299150804	0.00752958178927	0.987043968289	0.000949022157099	0.00559337390419
