Trial	nTrans	naoDecision	humanDecision	guessCorr	errpDetector	x01	x12	x32	x00	x33	x30	x31	x21	x02	x20	x13	x23	x22	x10	x03	x11
1	49	left	middle	0	ERROR	0.994035785288	0.0908925649882	0.00198807157058	0.00198807157058	0.00198807157058	0.00198807157058	0.994035785288	0.998003992016	0.00198807157058	0.000665335994677	0.000181785129976	0.000665335994677	0.000665335994677	0.454462824941	0.00198807157058	0.454462824941
2	22	left	right	0	ERROR	0.970178926441	0.000645808723689	0.00220896841175	0.00994035785288	0.00220896841175	0.00220896841175	0.993373094765	0.997782213351	0.00994035785288	0.000739262216308	0.00117398422776	0.000739262216308	0.000739262216308	0.000645808723689	0.00994035785288	0.997534398325
3	10	left	right	0	ERROR	0.966865473824	0.00645808723689	0.00220896841175	0.0110448420588	0.00220896841175	0.00220896841175	0.993373094765	0.997782213351	0.0110448420588	0.000739262216308	0.0117398422776	0.000739262216308	0.000739262216308	0.00645808723689	0.0110448420588	0.975343983249
4	14	right	left	0	ERROR	0.966865473824	0.260869400023	0.00220896841175	0.0110448420588	0.00220896841175	0.00220896841175	0.993373094765	0.997782213351	0.0110448420588	0.000739262216308	0.474221777901	0.000739262216308	0.000739262216308	0.260869400023	0.0110448420588	0.0040394220526
5	26	right	right	1	noError	0.967925054452	0.187398598521	0.00219464417718	0.010691648516	0.00219464417718	0.00219464417718	0.993416067468	0.997786900224	0.010691648516	0.000737699925256	0.519245629163	0.000737699925256	0.000737699925256	0.291258110305	0.010691648516	0.00209766201136
6	11	middle	left	0	ERROR	0.964361171613	0.468496496302	0.0036577402953	0.0118796094622	0.0036577402953	0.0036577402953	0.989026779114	0.997786900224	0.0118796094622	0.000737699925256	0.298114072908	0.000737699925256	0.000737699925256	0.228145275761	0.0118796094622	0.0052441550284
7	17	middle	left	0	ERROR	0.955451464517	0.000431772397236	0.00406415588367	0.0148495118278	0.00406415588367	0.00406415588367	0.987807532349	0.995573800448	0.0148495118278	0.00147539985051	0.855401881858	0.00147539985051	0.00147539985051	0.121523531864	0.0148495118278	0.0226428138809
8	31	right	middle	0	ERROR	0.944314330646	0.0185512383368	0.330621645633	0.0185618897847	0.330621645633	0.330621645633	0.00813506310035	0.995573800448	0.0185618897847	0.00147539985051	0.00429653179674	0.00147539985051	0.00147539985051	0.00429653179674	0.0185618897847	0.97285569807
9	12	right	left	0	ERROR	0.938127034051	0.680921771616	0.330621645633	0.020624321983	0.330621645633	0.330621645633	0.00813506310035	0.995573800448	0.020624321983	0.00147539985051	0.157703868051	0.00147539985051	0.00147539985051	0.157703868051	0.020624321983	0.00367049228334
10	28	right	right	1	noError	0.941726745799	0.658271449396	0.331247419718	0.0194244180672	0.331247419718	0.331247419718	0.00625774084642	0.995592866587	0.0194244180672	0.00146904447098	0.235489792656	0.00146904447098	0.00146904447098	0.103822336031	0.0194244180672	0.00241642191754
11	28	right	middle	0	ERROR	0.927158432248	0.353996573702	0.0781185492946	0.024280522584	0.578118549295	0.328118549295	0.0156443521161	0.955928665871	0.024280522584	0.0146904447098	0.000607495741687	0.0146904447098	0.0146904447098	0.630716270306	0.024280522584	0.0146796602503
12	29	left	left	1	noError	0.932097748478	0.496206825113	0.0781185492946	0.0226340838407	0.578118549295	0.328118549295	0.0156443521161	0.95778491929	0.0226340838407	0.0140716935701	0.00030147368062	0.0140716935701	0.0140716935701	0.496206825113	0.0226340838407	0.00728487609413
13	21	right	right	1	noError	0.936409338503	0.470772725844	0.0781185492946	0.0211968871657	0.578118549295	0.328118549295	0.0156443521161	0.959490960747	0.0211968871657	0.0135030130842	0.000158362536882	0.0135030130842	0.0135030130842	0.525242204569	0.0211968871657	0.00382670705039
14	25	right	left	0	ERROR	0.84763965558	0.976637761118	0.130197582158	0.0760008984849	0.630197582158	0.213530915491	0.0260739201934	0.942129943925	0.0760008984849	0.0192900186917	0.000905664723104	0.0192900186917	0.0192900186917	0.000571893290507	0.000358547450345	0.0218846808685
15	12	middle	left	0	ERROR	0.84763965558	0.99582894205	0.130197582158	0.0760008984849	0.630197582158	0.213530915491	0.0260739201934	0.88425988785	0.0760008984849	0.0385800373834	0.00239457440588	0.0385800373834	0.0385800373834	0.00151208388867	0.000358547450345	0.00026439965528
16	29	right	right	1	noError	0.867772639093	0.99584585382	0.130197582158	0.0659580960613	0.630197582158	0.213530915491	0.0260739201934	0.822529620408	0.0659580960613	0.113997585304	0.00238486548031	0.031736397144	0.031736397144	0.00150595306647	0.000311168784104	0.000263327633225
17	21	middle	middle	1	ERROR	0.909596135993	0.986152846067	0.18599654594	0.0898437968293	0.614567974511	0.16218702213	0.0372484574192	0.777797071879	0.000136213447923	0.000349525187007	0.00794955160103	0.110926701467	0.110926701467	0.00501984355489	0.000423853729688	0.000877758777418
18	14	left	middle	0	ERROR	0.909596135993	0.972305692133	0.107495682425	0.0898437968293	0.643209968139	0.202733777663	0.046560571774	0.592656906263	0.000136213447923	0.00116508395669	0.0158991032021	0.0364223382234	0.369755671557	0.0100396871098	0.000423853729688	0.00175551755484
19	15	middle	right	0	ERROR	0.909596135993	0.953842820222	0.0107081177493	0.0898437968293	0.633157097341	0.289619682375	0.0665151025343	0.351402184162	0.000136213447923	0.00441859180957	0.0264985053368	0.000379250935882	0.643799973092	0.0167328118496	0.000423853729688	0.00292586259139
20	18	right	middle	0	noError	0.909596135993	0.955875089173	0.0107081177493	0.0898437968293	0.633157097341	0.289619682375	0.0665151025343	0.354348804465	0.000136213447923	0.00283952942173	0.0253317943311	0.000243718867248	0.642567947246	0.0159960776266	0.000423853729688	0.00279703886934
21	14	middle	right	0	noError	0.909596135993	0.868977353794	0.00730060989553	0.0898437968293	0.6817145651	0.265635975923	0.0453488490817	0.31176752313	0.000136213447923	0.0019484436758	0.113937994846	0.000167236332164	0.686116796862	0.0145418887515	0.000423853729688	0.00254276260849
22	18	middle	middle	1	noError	0.917083790133	0.620698109853	0.0624499589602	0.0824025299691	0.581951155964	0.329205430586	0.0263934544901	0.374334111936	0.000124931638252	0.00177131243255	0.367098567747	0.00015203302924	0.623742542602	0.0103870633939	0.00038874825971	0.00181625900607
23	53	middle	left	0	noError	0.923425407644	0.532087587418	0.089358927504	0.0761001998476	0.550015476662	0.346107335556	0.0145182602782	0.475752435333	0.000115376586639	0.048422792016	0.461418526819	7.23373176438e-05	0.475752435333	0.00552738023965	0.000359015921786	0.000966505523217
24	28	left	right	0	ERROR	0.846850815288	0.984968852878	0.00674843052576	0.152200399695	0.00674843052576	0.00674843052576	0.979754708423	0.551504870666	0.000230753173278	0.0968455840321	0.00022795583154	0.000144674635288	0.351504870666	0.0125999855877	0.000718031843571	0.00220320570233
25	30	right	middle	0	ERROR	0.829834239209	0.00660888425688	0.00749825613974	0.169111555217	0.00749825613974	0.00749825613974	0.977505231581	0.224883526211	0.000256392414753	0.224883526211	0.0150653370633	0.325349421368	0.224883526211	0.832718463872	0.000797813159523	0.145607314808
26	31	left	right	0	noError	0.85456735297	0.00483394785714	0.00749825613974	0.144531667265	0.00749825613974	0.00749825613974	0.977505231581	0.295348660192	0.000219126499847	0.204439569283	0.0110192660339	0.295772201243	0.204439569283	0.731358618865	0.000681853265225	0.252788167244
27	35	middle	left	0	ERROR	0.0908281906466	0.301120254794	0.00749825613974	0.0908281906466	0.00749825613974	0.00749825613974	0.977505231581	0.295348660192	0.199028635038	0.204439569283	0.686421180749	0.295772201243	0.204439569283	0.00622928222838	0.619314983668	0.00622928222838
28	68	middle	right	0	noError	0.082571082406	0.496904333102	0.00733401262541	0.082571082406	0.00733401262541	0.00733401262541	0.977997962124	0.361522118269	0.180935122762	0.138381622401	0.496904333102	0.361714636929	0.138381622401	0.00309566689809	0.653922712426	0.00309566689809
29	40	left	middle	0	ERROR	0.115077009973	0.000969032935256	0.0010779813036	0.000139367205346	0.0790592849057	0.0790592849057	0.840803448885	0.0016125225423	0.252164224083	0.0016125225423	0.939034903448	0.995162432373	0.0016125225423	0.0299980318083	0.632619398739	0.0299980318083
30	80	right	left	0	ERROR	0.0215385856759	0.763599516084	0.25	0.000199096007637	0.25	0.25	0.25	0.00179169171366	0.360234605833	0.00179169171366	0.0788001613053	0.994624924859	0.00179169171366	0.0788001613053	0.618027712484	0.0788001613053
31	21	middle	middle	1	noError	0.0153847040542	0.802999596737	0.184210526316	0.000142211434027	0.289473684211	0.342105263158	0.184210526316	0.00178228999999	0.471596147023	0.00178228999999	0.0656668010878	0.99465313	0.00178228999999	0.0656668010878	0.512876937488	0.0656668010878
32	30	middle	middle	1	noError	0.0102564693695	0.715799063172	0.210526315789	9.48076226843e-05	0.212814645309	0.366132723112	0.210526315789	0.00177298736577	0.514397431349	0.00177298736577	0.190183065641	0.994681037903	0.00177298736577	0.0470089355937	0.475251291659	0.0470089355937
33	22	left	middle	0	ERROR	0.0113960770772	0.636663224829	0.000361194636797	0.000105341802983	0.000361194636797	0.961257122643	0.0380204880839	0.00443246841443	0.460441590388	0.00443246841443	0.291204513438	0.986702594757	0.00443246841443	0.07197914373	0.528056990732	0.000153118003675
34	71	right	middle	0	ERROR	0.97390557452	0.480947464041	0.391585903194	0.00900248115731	0.391585903194	0.108414096806	0.108414096806	0.330845289363	0.0085459721615	0.330845289363	0.416006447768	0.00746413191092	0.330845289363	0.102827348186	0.0085459721615	0.00021874000525
35	46	middle	right	0	ERROR	0.739055745197	0.030806310278	0.457472043927	0.0900248115731	0.0004995004995	0.0004995004995	0.541528955074	0.0128797399564	0.085459721615	0.0128797399564	0.030806310278	0.961360780131	0.0128797399564	0.871001654725	0.085459721615	0.0673857247194
36	90	right	middle	0	ERROR	0.25	0.00101634243059	0.0834027662056	0.25	0.416597233794	0.416597233794	0.0834027662056	0.00385215729806	0.25	0.496147842702	0.313097602654	0.00385215729806	0.496147842702	0.00101634243059	0.25	0.684869712485
37	20	right	right	1	noError	0.21875	0.000846952025492	0.0442853733888	0.28125	0.530928971136	0.380500282086	0.0442853733888	0.00321013108172	0.21875	0.413456535585	0.344248002212	0.00321013108172	0.580123202252	0.000846952025492	0.28125	0.654058093737
38	24	left	middle	0	noError	0.128676470588	0.000604965732494	0.024602985216	0.224264705882	0.461627206187	0.433611267825	0.0801585407716	0.00214008738781	0.305147058824	0.408971023723	0.388748573009	0.00214008738781	0.586748801501	0.000604965732494	0.341911764706	0.610041495526
39	28	middle	right	0	noError	0.193339100346	0.00035799786248	0.0129489395874	0.249567474048	0.348224845362	0.491374351487	0.147451863564	0.00214008738781	0.179498269896	0.408971023723	0.407577658831	0.00214008738781	0.586748801501	0.00035799786248	0.377595155709	0.591706345444
40	15	left	middle	0	ERROR	0.371376215572	0.00035799786248	0.0143877106526	0.0952118888244	0.386916494846	0.434860390541	0.16383540396	0.0100308196198	0.000192085416197	0.979469650012	0.407577658831	0.0100308196198	0.000468710748773	0.00035799786248	0.533219810188	0.591706345444
41	73	right	right	1	noError	0.392222497368	0.000224827507109	0.00483129582912	0.0992595999266	0.335759650452	0.335759650452	0.323649403267	0.00982998949405	9.76698790135e-05	0.979880694465	0.627950744738	0.00982998949405	0.000459326546665	0.000224827507109	0.508420232827	0.371599600248
42	25	right	left	0	noError	0.494444640977	0.000112399722977	0.00254278727848	0.0708997142333	0.334610342343	0.334610342343	0.328236528035	0.00982998949405	6.97641992954e-05	0.979880694465	0.499887600277	0.00982998949405	0.000459326546665	0.000112399722977	0.43458588059	0.499887600277
43	51	middle	middle	1	ERROR	0.286891126953	0.264594796551	0.894469768361	0.00030376644348	0.0351767438798	0.0351767438798	0.0351767438798	0.00982998949405	0.000211920227022	0.979880694465	0.235405203449	0.00982998949405	0.000459326546665	0.264594796551	0.712593186376	0.235405203449
44	61	right	middle	0	ERROR	0.139725950086	0.411486991378	0.00281874797582	0.424440549196	0.00281874797582	0.00281874797582	0.991543756073	0.937143037343	0.296107550631	0.00953351006031	0.338513008622	0.00953351006031	0.043789942536	0.161486991378	0.139725950086	0.0885130086223
45	30	right	middle	0	ERROR	0.0567513572661	0.25	0.00563749595164	0.463486498851	0.00563749595164	0.00563749595164	0.983087512145	0.842857593358	0.280153643759	0.0238337751508	0.25	0.0238337751508	0.10947485634	0.25	0.199608500123	0.25
46	46	middle	middle	1	noError	0.0783756786331	0.209677419355	0.00554428276499	0.431743249426	0.00554428276499	0.00554428276499	0.983367151705	0.736822957858	0.29007682188	0.0175630290064	0.241935483871	0.0912526937587	0.154361319377	0.241935483871	0.199804250062	0.306451612903
47	26	middle	middle	1	noError	0.0461033403724	0.204838709677	0.0054541107789	0.489260734956	0.0054541107789	0.0054541107789	0.983637667663	0.683422657317	0.288280483459	0.0120041723713	0.170967741935	0.130719496137	0.173853674175	0.270967741935	0.176355441213	0.353225806452
48	17	left	middle	0	noError	0.0354641079788	0.179316888046	0.00536683354815	0.453277488428	0.00536683354815	0.00536683354815	0.983899499356	0.702444755226	0.298677294968	0.00857440883667	0.277039848197	0.0933710686694	0.195609767268	0.277039848197	0.212581108625	0.26660341556
49	34	right	left	0	noError	0.0272800830606	0.242613174302	0.00528231388148	0.425598068021	0.00528231388148	0.00528231388148	0.984153058356	0.770662420941	0.306674842283	0.00660863553576	0.313228517213	0.0719647703036	0.15076417322	0.170371374356	0.240447006635	0.273786934128
50	50	right	middle	0	ERROR	0.0341001038257	0.25	0.331243068374	0.531997585027	0.331243068374	0.331243068374	0.00627079487902	0.0144746382238	0.258343552854	0.956576085329	0.25	0.0144746382238	0.0144746382238	0.25	0.175558758293	0.25
