Trial	naoDecision	errpDetector	x01	x12	x32	x00	x33	x30	x31	x21	x02	x20	x13	x23	x22	x10	x03	x11
0	middle	noError	0.166666666667	0.227272727273	0.21875	0.3	0.28125	0.28125	0.21875	0.269230769231	0.166666666667	0.269230769231	0.318181818182	0.192307692308	0.269230769231	0.227272727273	0.366666666667	0.227272727273
1	right	noError	0.166666666667	0.189393939394	0.145833333333	0.3125	0.320833333333	0.3875	0.145833333333	0.307692307692	0.229166666667	0.307692307692	0.348484848485	0.160256410256	0.224358974359	0.272727272727	0.291666666667	0.189393939394
2	middle	noError	0.177777777778	0.222610722611	0.175595238095	0.408333333333	0.300595238095	0.348214285714	0.175595238095	0.236686390533	0.152777777778	0.313609467456	0.344988344988	0.200197238659	0.249506903353	0.20979020979	0.261111111111	0.222610722611
3	left	noError	0.290598290598	0.148407148407	0.162114845938	0.391025641026	0.412114845938	0.263655462185	0.162114845938	0.236686390533	0.117521367521	0.313609467456	0.429992229992	0.200197238659	0.249506903353	0.206526806527	0.200854700855	0.215073815074
4	middle	noError	0.408831908832	0.146121852004	0.218429038282	0.325854700855	0.426762371615	0.219712885154	0.135095704949	0.31191885038	0.0979344729345	0.224006762468	0.31176013529	0.142998027613	0.321076359538	0.239133415604	0.167378917379	0.302984597102
5	middle	ERROR	0.45425767648	0.182652315005	0.000262005785166	0.250949667616	0.0701189618797	0.575660469859	0.353958562476	0.186531417301	0.108816081038	0.206677937447	0.139700169112	0.0716633793557	0.535127265896	0.298916769505	0.185976574865	0.378730746378
6	left	noError	0.503275135754	0.201894510718	0.000218338154305	0.193038205859	0.0584324682331	0.646383724882	0.29496546873	0.183113758986	0.0837046777218	0.132081760464	0.171214406509	0.0457979473912	0.639006533158	0.284940549646	0.219981980666	0.341950533127
7	right	ERROR	0.0109171191792	0.197792179971	0.000272922692881	0.310127352862	0.0730405852914	0.557979656103	0.368706835913	0.183113758986	0.279015592406	0.132081760464	0.138237600921	0.0457979473912	0.639006533158	0.000194114656989	0.399939935552	0.663776104451
8	middle	noError	0.00909759931602	0.243130841774	0.000209940532986	0.258439460719	0.0561850656088	0.583061273925	0.360543719933	0.371625968451	0.315846327005	0.101601354203	0.14561097822	0.0352291903009	0.491543487045	0.000118643005898	0.41661661296	0.611139537
9	right	ERROR	0.0129965704515	0.218690974196	0.000299915047122	0.226342086741	0.0802643794411	0.547230391322	0.37220531419	0.343251936902	0.165494752864	0.203202708407	0.000152790950913	0.0704583806019	0.38308697409	0.000181275776903	0.595166589943	0.780974959076
10	middle	noError	0.0108304753762	0.295076175359	0.000272650042838	0.271951738951	0.0729676176737	0.588391264838	0.338368467445	0.277032460564	0.137912294053	0.189501692754	0.000107680777001	0.0440364878762	0.489429358806	0.000127755710608	0.57930549162	0.704688388154
11	right	noError	0.00902539614685	0.331107765239	0.000227208369032	0.226626449126	0.0608063480614	0.573659387365	0.365307056204	0.318021640376	0.114926911711	0.126334461836	7.20170818285e-05	0.0293576585841	0.526286239204	8.54432306412e-05	0.649421243016	0.668734774448
12	left	noError	0.00644671153346	0.354071843493	0.000206553062756	0.304733177947	0.0552784982377	0.521508533968	0.423006414731	0.278681093584	0.224947794079	0.284222974557	4.80113878857e-05	0.0195717723894	0.417524159469	5.69621537608e-05	0.46387231644	0.645823182965
13	left	noError	0.00495900887189	0.35652796401	0.000187775511597	0.311333213805	0.0502531802161	0.474098667244	0.475460377028	0.368216225834	0.2499598416	0.295556134275	3.08938318617e-05	0.0150552095303	0.321172430361	3.66533707577e-05	0.433747935723	0.643404488787
14	middle	noError	0.00450818988354	0.357551923537	0.000170705010542	0.283030194368	0.0456847092873	0.430998788404	0.523145797299	0.292635141146	0.227236219636	0.247222583922	1.98483269879e-05	0.00940950595645	0.450732768976	2.35486517588e-05	0.485225396112	0.642404679485
15	right	ERROR	0.0142182882238	0.28616880393	0.000243864300775	0.0003153879626	0.0652638704105	0.187141126291	0.747351138998	0.15439190191	0.401287720799	0.245370973203	2.20536966532e-05	0.0156825099274	0.584554614959	2.61651686209e-05	0.584178603015	0.713782977205
16	right	ERROR	0.0157980980265	0.999204480283	0.000292110382064	0.000350431069555	0.000119783986888	0.224165102177	0.775423003454	0.220559859872	0.445875245332	0.350529961719	0.000118366514892	0.0224035856106	0.406506592799	0.000140433591244	0.537976225572	0.000536719611015
17	middle	ERROR	0.0225687114664	0.998863543261	0.00036513797758	0.00050061581365	0.000149729983609	0.280206377722	0.719278754317	0.344880414993	0.494107493331	0.00028606570658	0.000169095021274	0.0640889754761	0.590744543824	0.000200619416062	0.482823179389	0.000766742301451
18	right	noError	0.0225687114664	0.99886471993	0.000331943615981	0.00050061581365	0.000136118166918	0.254733070656	0.744798867561	0.392042323681	0.494107493331	0.0001505608982	0.00016891994306	0.0863626186716	0.52144449675	0.000200411698008	0.482823179389	0.00076594842904
19	left	noError	0.0225687114664	0.998865894047	0.000276619679985	0.00050061581365	0.000113431805765	0.21227755888	0.787332389634	0.407083719812	0.494107493331	8.85652342352e-05	0.000168745244472	0.168448599219	0.424379115735	0.000200204430351	0.482823179389	0.000765156277995
20	left	ERROR	0.028210889333	0.998109823412	0.000395170971406	0.000625769767063	0.000162045436807	0.0175393698286	0.981903413763	0.0177092995302	0.617634366664	0.000221413085588	0.00028124207412	0.421121498047	0.560947789338	0.000333674050585	0.353528974236	0.00127526046332
21	left	ERROR	0.0313454325922	0.996849705687	0.000658618285677	0.000695299741181	0.000270075728011	0.0292322830477	0.969839022939	0.0442732488254	0.686260407405	0.00055353271397	0.0004687367902	0.302803745116	0.652369473344	0.000556123417641	0.281698860262	0.00212543410554
22	right	noError	0.0313454325922	0.996859285789	0.00063939737583	0.000695299741181	0.000262193922521	0.0283791772513	0.97071923145	0.0875693933989	0.686260407405	0.00033597721257	0.000467311353037	0.305186299726	0.606908329662	0.000554432236144	0.281698860262	0.0021189706215
23	right	ERROR	0.0313454325922	0.995513265413	0.000799246719787	0.000695299741181	0.000327742403151	0.0354739715641	0.963399039313	0.00798045962048	0.686260407405	0.0268125257832	0.000667587647196	0.41389055546	0.551316459137	0.000792046051635	0.281698860262	0.00302710088786
24	left	noError	0.0313454325922	0.995532861564	0.000771100799807	0.000695299741181	0.000316200771231	0.0342247358272	0.964687962602	0.00456395673068	0.686260407405	0.0153338546066	0.000664671907948	0.408267914444	0.571834274218	0.000788586730947	0.281698860262	0.00301387979712
25	left	ERROR	0.0348282584358	0.992554769273	0.00128516799968	0.000772555267979	0.000527001285385	0.0570412263786	0.941146604336	0.00927950181518	0.651400452672	0.031177011539	0.00110778651325	0.000203321423992	0.959340165222	0.00131431121825	0.312998733624	0.00502313299519
26	left	noError	0.0348282584358	0.992609057452	0.00121385017979	0.000772555267979	0.000497756406301	0.0538758379545	0.944412555459	0.00891779742504	0.651400452672	0.0299617672113	0.00109970889766	0.000195396186933	0.960925039177	0.00130472769231	0.312998733624	0.00498650595841
27	middle	noError	0.0290235486965	0.992609057452	0.00121385017979	0.000643796056649	0.000497756406301	0.0538758379545	0.944412555459	0.00782966942363	0.709500377227	0.114104147748	0.00109970889766	0.000171554418362	0.87789462841	0.00130472769231	0.26083227802	0.00498650595841
28	left	noError	0.0263850442695	0.992609057452	0.00121385017979	0.000585269142408	0.000497756406301	0.0538758379545	0.944412555459	0.0069782815857	0.735909433842	0.101696614506	0.00109970889766	0.000152899819115	0.891172204089	0.00130472769231	0.237120252746	0.00498650595841
29	middle	noError	0.0239864038814	0.992662554346	0.0011500375358	0.000532062856735	0.000471589130573	0.0510435611842	0.947334812149	0.00533211077774	0.759917667129	0.230526634682	0.00109174901829	0.000116830879265	0.764024423661	0.00129528385216	0.215563866133	0.00495041278322
30	left	noError	0.0199886699012	0.992715277132	0.00109260457127	0.000443385713946	0.000448037932487	0.0484944417442	0.949964915752	0.00371349082442	0.716598055941	0.299835613737	0.00108390431968	8.13656010246e-05	0.696369529837	0.00128597666593	0.262969888444	0.0049148418822
31	left	ERROR	0.0222096332235	0.990894096415	0.00136575571408	0.000492650793273	0.000560047415609	0.0606180521802	0.93745614469	0.0182274689763	0.796220062157	0.980882307775	0.00135488039961	0.000399378654354	0.00049084459443	0.00160747083241	0.181077653826	0.00614355235275
32	right	noError	0.0170361087709	0.990975371351	0.00128548507035	0.000377892440447	0.00052713130469	0.0570552993246	0.9411320843	0.0178872939257	0.766982731708	0.981239096857	0.00134278738587	0.000391925142617	0.000481684074943	0.00159312331742	0.215603267081	0.00608871794597
33	right	noError	0.0127810698954	0.991055200366	0.0012141330043	0.000283507798598	0.000497872382487	0.0538883909103	0.944399603703	0.0159899160464	0.750159086228	0.893836547957	0.00133090951271	0.000350352051739	0.0898231839448	0.00157903105165	0.236776336078	0.00603485906982
34	left	noError	0.00946927648487	0.991133621705	0.00115029137702	0.000210046087886	0.000471693221749	0.051054827738	0.947323187663	0.0144565992276	0.740808839532	0.904016851975	0.0013192410896	0.00031675583448	0.0812097929634	0.00156518728374	0.249511837895	0.00598194992134
35	middle	noError	0.00676376891776	0.991210672277	0.00109283366643	0.000150032919919	0.000448131876192	0.0485046099625	0.949954424495	0.0111557892003	0.672006313951	0.771597347742	0.00130777662498	0.000244432405007	0.217002430653	0.0015515854983	0.321079884211	0.00592996559962
36	left	ERROR	0.0135275378355	0.989013340346	0.00136604208303	0.000300065839838	0.00056016484524	0.0606307624532	0.937443030619	0.0278894730007	0.744012627903	0.678993369355	0.00163472078123	0.000611081012517	0.292506076632	0.00193948187288	0.242159768422	0.00741245699953
37	left	noError	0.00997688902036	0.989131660262	0.00128573873804	0.000221305873934	0.000527235324708	0.0570665581764	0.941120467761	0.0162062673849	0.737450632388	0.581030941595	0.00161711579198	0.000355092485342	0.402407698535	0.00191859478445	0.252351172718	0.00733262916148
38	right	noError	0.00682204064039	0.989247447402	0.00121435926828	0.000151325494636	0.000497965165225	0.0538984334687	0.944389242098	0.0114219612366	0.683715978238	0.704716192151	0.00159988765813	0.000250264450577	0.283611582162	0.0018981548086	0.309310655627	0.00725451013175
39	right	noError	0.00487288617171	0.989360782228	0.00105092856988	0.000108089639026	0.000430948099634	0.133186499923	0.865331623407	0.00716027907278	0.559797127313	0.626824316471	0.00158302440737	0.000156887531923	0.365858516925	0.001878147741	0.435221896877	0.0071780456232
40	middle	ERROR	0.00016800309945	0.986700977786	0.001370335207	0.000181593943748	0.000561925301343	0.000130392801783	0.99793734669	0.0119337984546	0.772473425069	0.544707194118	0.00197878050921	0.000261479219871	0.443097528208	0.00234768467625	0.227176977888	0.008972557029
41	left	ERROR	0.000336006198901	0.983376222232	0.00171291900875	0.000363187887495	0.000702406626678	0.000162991002228	0.997421683362	0.0298344961366	0.944946850137	0.111767985294	0.00247347563651	0.000653698049678	0.85774382052	0.00293460584531	0.0543539557762	0.0112156962862
42	right	ERROR	0.0003552816329	0.981529135813	0.00190324334305	0.000384022634526	0.00078045180742	0.000181101113587	0.997135203736	0.704371746996	0.999154959102	0.277833965159	0.00274830626279	0.0154333572503	0.00236093059448	0.00326067316145	0.000105736630474	0.0124618847625
43	right	ERROR	0.000507545189857	0.963058271627	0.00190324334305	0.000548603763609	0.00078045180742	0.000181101113587	0.997135203736	0.681239156655	0.998792798717	0.259446550529	0.00549661252559	0.0514445241678	0.00786976864825	0.0065213463229	0.000151052329248	0.024923769525
44	middle	noError	0.000506983856681	0.964370908922	0.00189799577143	0.000547997020604	0.00077829996658	0.000180601786443	0.997143102476	0.518375974503	0.998794133854	0.387909735605	0.00530130334763	0.0890850142163	0.00462927567544	0.00628962564338	0.000150885268885	0.0240381620868
45	middle	noError	0.000506423819723	0.965593346064	0.00189799577143	0.000547391678678	0.00077829996658	0.000180601786443	0.997143102476	0.540221161472	0.998795465907	0.40465278565	0.00511941517945	0.052402949539	0.0027231033385	0.00607382805328	0.000150718594294	0.0232134107037
46	right	ERROR	0.000723462599604	0.942655576773	0.00189799577143	0.000781988112397	0.00077829996658	0.000180601786443	0.997143102476	0.701105807361	0.99827923701	0.0232639282509	0.00853235863242	0.262014747695	0.0136155166925	0.0101230467555	0.000215312277563	0.0386890178395
47	left	ERROR	0.000803847332894	0.856638941932	0.00210888419048	0.000868875680442	0.000864777740645	0.000200668651603	0.996825669417	0.421750407061	0.998088041123	0.000209715677829	0.021330896581	0.54948600414	0.0285538731215	0.0253076168887	0.000239235863958	0.0967225445986
48	middle	ERROR	0.000803847332894	0.954972282133	0.00351480698413	0.000868875680442	0.00144129623441	0.000334447752672	0.994709449029	0.643500814122	0.998088041123	0.000419431355657	0.0446094564379	0.29897200828	0.057107746243	0.000209130714541	0.000239235863958	0.000209130714541
49	middle	ERROR	0.000803847332894	0.887430705333	0.00502115283448	0.000868875680442	0.00205899462058	0.000477782503817	0.992442070041	0.608752035304	0.998088041123	0.00104857838914	0.111523641095	0.247430020699	0.142769365608	0.000522826786352	0.000239235863958	0.000522826786352
