Trial	naoDecision	errpDetector	x01	x12	x32	x00	x33	x30	x31	x21	x02	x20	x13	x23	x22	x10	x03	x11
0	right	noError	0.227272727273	0.291666666667	0.34375	0.227272727273	0.34375	0.15625	0.15625	0.28125	0.227272727273	0.21875	0.208333333333	0.21875	0.28125	0.291666666667	0.318181818182	0.208333333333
1	middle	noError	0.206611570248	0.356060606061	0.357638888889	0.206611570248	0.413194444444	0.0868055555556	0.142361111111	0.1875	0.206611570248	0.145833333333	0.189393939394	0.345833333333	0.320833333333	0.265151515152	0.380165289256	0.189393939394
2	right	noError	0.17217630854	0.347537878788	0.35202991453	0.17217630854	0.394764957265	0.0667735042735	0.186431623932	0.419642857143	0.255509641873	0.104166666667	0.180871212121	0.247023809524	0.229166666667	0.29071969697	0.400137741047	0.180871212121
3	middle	noError	0.122983077529	0.34425990676	0.460024928775	0.194411648957	0.328970797721	0.0556445868946	0.15535968661	0.449776785714	0.182506887052	0.127604166667	0.139131701632	0.154389880952	0.268229166667	0.377476689977	0.500098386462	0.139131701632
4	left	ERROR	0.122983077529	0.0737665112665	0.558403005517	0.194411648957	0.355136468072	0.086305425206	0.000155101205746	0.433243857967	0.182506887052	0.369107410041	0.0652195027195	0.000289259684604	0.197359472308	0.629127816628	0.500098386462	0.231886169386
5	left	noError	0.148655385019	0.056743470205	0.505602003678	0.129607765971	0.370090978714	0.124203616804	0.000103400803831	0.444369881639	0.121671258035	0.390922841701	0.0501688482458	0.00024104973717	0.164466226923	0.714713705098	0.600065590975	0.178373976451
6	middle	noError	0.249039560728	0.113156960029	0.54277077206	0.0925769756939	0.361608445165	0.0955412436954	7.95390798698e-05	0.531692772599	0.0869080414535	0.350659172644	0.0362181234614	0.000172178383693	0.117475876374	0.721852362877	0.571475422125	0.128772553632
7	right	ERROR	0.096625292606	0.188594933382	0.566976771877	0.000197035395856	0.43272625272	0.000165409894336	0.000131565507968	0.414615965749	0.171239603508	0.438323965804	0.0603635391023	0.000215222979616	0.146844845467	0.703087271462	0.73193806849	0.0479542560538
8	left	ERROR	0.107361436229	0.211457221994	0.998919423597	0.000218928217617	0.000272202357246	0.0004502496315	0.000358124414013	0.393269957186	0.19026622612	0.422904957255	0.000112122429909	0.00026902872452	0.183556056834	0.788318533147	0.702153409433	0.000112122429909
9	right	noError	0.076810372462	0.192233838176	0.998920482147	0.00015662940557	0.000271935703512	0.000449808559841	0.000357773589673	0.290158798345	0.20766727537	0.42523821015	0.000101929481736	0.000158252190894	0.284444739314	0.807562302861	0.715365722763	0.000101929481736
10	left	noError	0.0554774076199	0.16122432314	0.998921538519	0.000113127864109	0.000271669598291	0.000449368395475	0.000357423486986	0.260105865563	0.22221716026	0.4834921401	8.54870914342e-05	0.000105501460596	0.256296492876	0.838604702677	0.722192304256	8.54870914342e-05
11	left	noError	0.0426749289384	0.207107981529	0.998922592721	8.702143393e-05	0.000271404039892	0.000448929135608	0.00035707410373	0.270650509155	0.247859354046	0.343230670647	6.77772220475e-05	6.20596827035e-05	0.386056760515	0.792756464027	0.709378695582	6.77772220475e-05
12	right	noError	0.0330679770975	0.207107981529	0.998923644758	6.74312261503e-05	0.000271139026634	0.000448490777457	0.000356725437691	0.169156568222	0.192061419829	0.527019169154	6.77772220475e-05	3.87873016897e-05	0.303785475322	0.792756464027	0.774803171848	6.77772220475e-05
13	right	noError	0.0269921334687	0.236236908868	0.998924694638	5.50415482277e-05	0.00027087455684	0.000448053318252	0.000356377486664	0.230722855139	0.156772440688	0.454386980722	5.21363246519e-05	2.42420635561e-05	0.314865922076	0.763658818482	0.816180384295	5.21363246519e-05
14	left	noError	0.0228028099818	0.280197424057	0.998925742367	4.64988055426e-05	0.000270610628843	0.00044761675523	0.000356030248453	0.253366385376	0.132440519366	0.384933518072	4.344693721e-05	1.42600373859e-05	0.361685836515	0.719715682069	0.844710171846	4.344693721e-05
15	middle	noError	0.0168262847817	0.233497853381	0.998926787953	3.43116547783e-05	0.00027034724098	0.000447181085644	0.000355683720873	0.302244256917	0.24530919024	0.389955678714	3.62057810083e-05	9.50669159061e-06	0.307790557677	0.766429735057	0.737830213323	3.62057810083e-05
16	right	noError	0.0120187748441	0.277914877817	0.9989278314	2.45083248416e-05	0.000270084391596	0.000446746306756	0.000355337901747	0.354261327598	0.389506564457	0.405856281597	3.01714841736e-05	5.59217152389e-06	0.239876798634	0.722024779214	0.598450152374	3.01714841736e-05
17	middle	noError	0.0746791832294	0.231595731514	0.998928872716	1.63388832277e-05	0.000269822079044	0.00044631241584	0.000354992788904	0.369507551732	0.393004376305	0.470570854398	2.5142903478e-05	3.72811434926e-06	0.159917865756	0.768353982679	0.532300101582	2.5142903478e-05
18	right	noError	0.0533422737353	0.210541574104	0.998929911908	1.1670630877e-05	0.00026956030168	0.000445879410179	0.000354648380186	0.355942219833	0.280717411646	0.481606783999	2.285718498e-05	2.33007146829e-06	0.162448666097	0.789412711526	0.665928643987	2.285718498e-05
19	left	noError	0.0371989813546	0.191401431004	0.998930948982	8.13867782507e-06	0.000269299057871	0.000445447287071	0.000354304673441	0.303961479888	0.265498616866	0.587737855999	2.07792590727e-05	1.55338097886e-06	0.108299110732	0.808557010478	0.697294263102	2.07792590727e-05
20	left	noError	0.0265707009675	0.242834525836	0.998931983944	5.81334130362e-06	0.000269038345988	0.00044501604382	0.000353961666528	0.31497592493	0.261070440618	0.554836159999	1.73160492273e-05	9.70863111786e-07	0.130186944207	0.757130842065	0.712353045073	1.73160492273e-05
21	right	noError	0.0178620922718	0.285695438197	0.998933016801	3.90800524606e-06	0.000268778164409	0.000444585677746	0.000353619357312	0.27665061662	0.309953537326	0.63655744	1.44300410227e-05	6.47242074524e-07	0.0867912961381	0.714275701721	0.672180462397	1.44300410227e-05
22	middle	noError	0.012758637337	0.238079531831	0.998934047559	2.79143231862e-06	0.000268518511519	0.000444156186176	0.000353277743669	0.297906635388	0.292823955233	0.5853484	1.20250341856e-05	4.04526296578e-07	0.116744560086	0.761896418101	0.694414615998	1.20250341856e-05
23	middle	noError	0.00981433641308	0.252674608951	0.998935076224	2.1472556297e-06	0.000268259385711	0.00044372756645	0.000352936823483	0.436191647117	0.379095350179	0.36584275	8.98729595965e-06	2.52828935361e-07	0.197965350054	0.747307416458	0.611088166152	8.98729595965e-06
24	left	noError	0.00613396025817	0.210562174125	0.998936102804	1.34203476857e-06	0.000268000785381	0.000443299815917	0.000352596594645	0.424127764745	0.424434593862	0.443895166667	7.48941329971e-06	1.68552623574e-07	0.131976900036	0.789422847048	0.569430103845	7.48941329971e-06
25	middle	noError	0.00408930683878	0.175468478438	0.998937127304	8.9468984571e-07	0.000267742708935	0.00044287293194	0.000352257055058	0.390079852966	0.482956395908	0.527434479167	6.24117774976e-06	1.05345389734e-07	0.0824855625225	0.824519039207	0.512953402563	6.24117774976e-06
26	middle	ERROR	0.00817861367756	0.250669254911	0.99867140913	1.78937969142e-06	0.000334678386168	0.000553591164925	0.000440321318822	0.180159705931	0.565912791816	0.654868958333	8.91596821394e-06	2.10690779468e-07	0.164971125045	0.749312913152	0.425906805127	8.91596821394e-06
27	right	ERROR	0.0204465341939	0.313336568639	0.998523787922	4.47344922855e-06	0.000371864873521	0.000615101294361	0.000489245909802	0.000238129089807	0.16478197954	0.60691713068	1.11449602674e-05	5.01716035454e-07	0.392844238514	0.68664114144	0.814767012817	1.11449602674e-05
28	left	noError	0.015910053199	0.375760516945	0.998525816711	3.48092319874e-06	0.000371353811919	0.000614255947907	0.000488573529011	0.000149486284124	0.20603469227	0.627690365827	1.01317820613e-05	3.14953817217e-07	0.372159832935	0.624219219491	0.778051773608	1.01317820613e-05
29	right	ERROR	0.0318201063981	0.375760516945	0.997894023873	6.96184639748e-06	0.000530505445599	0.00087750849701	0.000697962184301	0.000498287613745	0.212069384539	0.425634552757	1.01317820613e-05	1.04984605739e-06	0.573866109783	0.624219219491	0.756103547216	1.01317820613e-05
30	middle	noError	0.0255830496436	0.375760516945	0.997898239954	5.59725538845e-06	0.000529443394789	0.000875751759887	0.000696564891758	0.000293110361027	0.170501679808	0.426843854563	1.01317820613e-05	6.17556504347e-07	0.572862417519	0.624219219491	0.803909673293	1.01317820613e-05
31	middle	noError	0.0213906827441	0.375760516945	0.997902438768	4.68001727393e-06	0.000528385693419	0.000874002217168	0.000695173321577	0.000180149717611	0.14256108599	0.385266979271	1.01317820613e-05	3.79558844244e-07	0.614552491452	0.624219219491	0.836043551249	1.01317820613e-05
32	left	ERROR	0.0305581182058	0.375760516945	0.99737804846	6.68573896276e-06	0.000660482116773	0.00109250277146	0.000868966651972	0.00210584411714	0.203658694271	0.996720777949	1.01317820613e-05	4.43681938477e-06	0.00116894111468	0.624219219491	0.765776501784	1.01317820613e-05
33	middle	noError	0.0247609888718	0.375760516945	0.99738464426	5.41739864157e-06	0.000658820603138	0.00108975446351	0.000866780673118	0.0925559891595	0.165022945082	0.906380377742	1.01317820613e-05	4.02184821476e-06	0.00105961125021	0.624219219491	0.810210648647	1.01317820613e-05
34	middle	noError	0.0191991884293	0.34160046995	0.906926143744	4.20054537621e-06	0.000597561385162	0.000988425655787	0.0914878692147	0.0846404465686	0.205493628992	0.91438688401	9.21071096481e-06	3.67789304636e-06	0.000968991528493	0.658381108628	0.775302982033	9.21071096481e-06
35	left	noError	0.0156779643814	0.34160046995	0.914843474322	3.43014503104e-06	0.000546729806703	0.000904345195569	0.0837054506758	0.0779727534581	0.167805103211	0.921131200785	9.21071096481e-06	3.38816085424e-06	0.000892657595951	0.658381108628	0.816513502262	9.21071096481e-06
36	middle	noError	0.0122160895483	0.34160046995	0.921518811543	2.67272956127e-06	0.000503872188927	0.000833454455291	0.0771438618126	0.0722793925027	0.208670656644	0.926889988594	9.21071096481e-06	3.14076645219e-06	0.000827478136743	0.658381108628	0.779110581078	9.21071096481e-06
37	right	noError	0.00859810003198	0.401454972681	0.927223147717	1.88115812637e-06	0.000467248681932	0.000772875551069	0.0715367280497	0.146869498834	0.287636331747	0.852422392202	8.37337360437e-06	2.67752740526e-06	0.000705431435961	0.598528280571	0.703763687062	8.37337360437e-06
38	middle	noError	0.00615849609548	0.364959066074	0.932153982695	1.34740290682e-06	0.0004355912789	0.000720511074164	0.066689914952	0.197894933978	0.277649344233	0.801537433418	7.61215782216e-06	2.14635307963e-06	0.000565486251257	0.63502570961	0.716190812268	7.61215782216e-06
39	middle	noError	0.00445071562007	0.387465888395	0.936458655705	9.73761624748e-07	0.000407954018878	0.000674796311563	0.0624585939645	0.284543467829	0.272925371589	0.715050605541	6.3434648518e-06	1.53490455975e-06	0.000404391725559	0.612521424675	0.722622939029	6.3434648518e-06
40	left	noError	0.00296714374672	0.298050683381	0.859433098972	6.49174416498e-07	0.000350644251107	0.00058000028525	0.139636256491	0.38969564522	0.381950247726	0.610033737027	4.87958834754e-06	1.0232697065e-06	0.000269594483706	0.701939557442	0.615081959353	4.87958834754e-06
41	left	noError	0.00211938839051	0.331708902817	0.876746180971	4.63696011785e-07	0.000307456753713	0.000508563891445	0.122437798384	0.370908961938	0.415678748376	0.6289208239	4.06632362295e-06	6.43619988882e-07	0.000169570541866	0.668282964535	0.582201399538	4.06632362295e-06
42	right	ERROR	0.00353231398419	0.219514838029	0.845932726214	7.72826686308e-07	0.000384320942141	0.000635704864306	0.15304724798	0.141817923876	0.359464580626	0.8578416478	6.77720603825e-06	1.28723997776e-06	0.000339141083731	0.780471607559	0.637002332563	6.77720603825e-06
43	right	noError	0.00241460087251	0.182929031691	0.866489044113	5.28284857861e-07	0.000333043190108	0.000550886388849	0.132627026308	0.194691274728	0.314078414953	0.80503464127	5.64767169854e-06	1.03637641137e-06	0.000273047625444	0.817059672966	0.68350645589	5.64767169854e-06
44	right	noError	0.00183425456871	0.166299119719	0.88220428328	4.01312252119e-07	0.000293841512981	0.000486042936137	0.117015832271	0.227584491886	0.238590060213	0.772203838228	5.13424699867e-06	8.00373880097e-07	0.000210869511338	0.833690611787	0.759575283907	5.13424699867e-06
45	right	noError	0.00147885029212	0.151181017926	0.894608420737	3.23554184571e-07	0.000262899381814	0.000434861589667	0.104693818291	0.18537525731	0.192360965735	0.814452330418	4.66749727152e-06	6.51931565007e-07	0.000171760340958	0.848809647079	0.806159860419	4.66749727152e-06
46	left	noError	0.00114308140164	0.209317514939	0.829591791068	2.5009209707e-07	0.000218120981128	0.000360793684407	0.169829294266	0.22200457013	0.225981212757	0.777861303623	3.8895810596e-06	5.07163053335e-07	0.000133619084636	0.790674705899	0.772875455749	3.8895810596e-06
47	left	noError	0.000931588049319	0.281197740853	0.854390315618	2.03819962886e-07	0.000186379091818	0.000308289458839	0.145115015831	0.243566675478	0.184170083488	0.756331870421	3.53598278145e-06	3.83621942931e-07	0.000101070479255	0.718795187181	0.814898124642	3.53598278145e-06
48	middle	noError	0.000724970186568	0.234331450711	0.87288655315	1.58614525624e-07	0.000162704073443	0.000269128635962	0.12668161414	0.30727103653	0.221143711101	0.692658683378	2.94665231788e-06	2.6574564447e-07	7.00143465237e-05	0.765662655984	0.778131160098	2.94665231788e-06
49	left	ERROR	0.001513645824	0.334759215301	0.966108191438	3.31167017326e-07	0.000203380091804	0.000336410794953	0.0333520176755	0.34545172755	0.000208787320091	0.654431138963	4.20950331125e-06	4.4290940745e-07	0.00011669057754	0.665232365692	0.998277235689	4.20950331125e-06
