Trial	nTrans	naoDecision	humanDecision	guessCorr	errpDetector	x01	x12	x32	x00	x33	x30	x31	x21	x02	x20	x13	x23	x22	x10	x03	x11
1	39	right	right	1	noError	0.25	0.342105263158	0.275	0.25	0.275	0.275	0.175	0.295454545455	0.194444444444	0.25	0.236842105263	0.159090909091	0.295454545455	0.131578947368	0.305555555556	0.289473684211
2	29	left	middle	0	ERROR	0.296644619746	0.385609620246	0.000307597662258	0.296644619746	0.230698246693	0.538295908951	0.230698246693	0.000407075716083	0.00019776307983	0.610613574125	0.0999728645082	0.000407075716083	0.388572274443	0.000271354917951	0.406512997429	0.514146160328
3	22	left	left	1	noError	0.220358122081	0.285652717792	0.000192248538911	0.387024788748	0.206686404183	0.586434943094	0.206686404183	0.000370068832803	0.000109868377684	0.646012340113	0.176454626181	0.000370068832803	0.353247522221	0.000159620539971	0.392507220794	0.537733035487
4	19	middle	middle	1	noError	0.129622424753	0.346894798423	0.000128165692607	0.404132228675	0.204457602789	0.457623295396	0.337790936122	0.000284668332925	6.46284574609e-05	0.727701800087	0.126039018701	0.000284668332925	0.271728863247	0.000114014671408	0.466180718114	0.526952168205
5	25	middle	middle	1	noError	0.120853907765	0.39063914173	7.53915838867e-05	0.475859067724	0.237916236935	0.386837232586	0.375171138895	0.000193362777473	3.4014977611e-05	0.679188440836	0.232885013358	0.000193362777473	0.320424833609	8.14390510057e-05	0.403253009534	0.376394405861
6	25	left	middle	0	noError	0.0755336923531	0.39375942782	3.59007542318e-05	0.359911917327	0.256150589016	0.279446301231	0.464367208998	0.000148740598056	2.12593610069e-05	0.753221877566	0.355256675572	0.000148740598056	0.246480641238	5.42927006704e-05	0.564533130959	0.250929603907
7	18	right	left	0	ERROR	0.151067384706	0.419656325458	0.000104378007595	0.319823834655	0.000290740431025	0.521722949658	0.477881931903	0.00018592574757	4.25187220138e-05	0.816527346957	0.221795250817	0.00018592574757	0.183100801547	7.75610009578e-05	0.529066261917	0.358470862724
8	10	middle	right	0	noError	0.292556153922	0.51404023247	0.000104378007595	0.266519862212	0.000290740431025	0.521722949658	0.477881931903	0.00014487276718	3.54322683448e-05	0.779118985923	0.158425179155	0.00014487276718	0.220591268542	5.54007149698e-05	0.440888551598	0.32747918766
9	28	right	right	1	noError	0.364503238906	0.50350987333	8.69816729954e-05	0.298168348533	0.00024228369252	0.518102458048	0.481568276586	0.000101966992622	1.86485622867e-05	0.703767850283	0.0797766195505	0.000101966992622	0.296028215732	2.78975967365e-05	0.337309763999	0.416685609523
10	17	left	left	1	noError	0.332060728768	0.618084517946	7.24847274962e-05	0.351863734431	0.0002019030771	0.59841871504	0.401306897155	6.81537340412e-05	1.09697425216e-05	0.668323316352	0.0613666304235	6.81537340412e-05	0.33154037618	2.14596897973e-05	0.316064567058	0.320527391941
11	13	left	left	1	noError	0.33253795548	0.681737098288	5.57574826894e-05	0.344914834019	0.000155310059308	0.691091319262	0.308697613196	5.67947783677e-05	6.856089076e-06	0.723602763627	0.0511388586862	5.67947783677e-05	0.276283646816	1.78830748311e-05	0.322540354411	0.267106159951
12	8	left	left	1	noError	0.288358636987	0.681737098288	4.64645689078e-05	0.363276556013	0.000129425049423	0.742576099385	0.257248010997	5.16316166979e-05	4.57072605067e-06	0.748729785115	0.0511388586862	5.16316166979e-05	0.251166951651	1.78830748311e-05	0.348360236274	0.267106159951
13	13	right	middle	0	noError	0.348827597848	0.73478091524	4.22405171889e-05	0.330911825724	0.000117659135839	0.765978272168	0.233861828179	3.22697604362e-05	3.26480432191e-06	0.592956115697	0.0426157155719	3.22697604362e-05	0.406979344782	1.49025623593e-05	0.320257311624	0.222588466625
14	21	left	middle	0	noError	0.440486822263	0.790360379545	3.84004701717e-05	0.371124603367	0.000106962850763	0.787252974698	0.212601661981	1.70476033146e-05	1.92047313053e-06	0.471734572305	0.0336851416481	1.70476033146e-05	0.528231332488	1.17795727997e-05	0.188386653897	0.175942699234
15	22	left	left	1	noError	0.493657881509	0.763550781039	3.4909518338e-05	0.314083068911	9.72389552392e-05	0.715684522453	0.284183329074	9.10823780433e-06	1.28031542036e-06	0.465752612862	0.0257228885037	9.10823780433e-06	0.534229170663	8.99520153169e-06	0.192257769264	0.210717335256
16	12	right	left	0	ERROR	0.492072351886	0.981151180573	4.36368979224e-05	0.392603836139	0.000121548694049	0.894605653066	0.105229161342	1.30117682919e-05	1.60039427544e-06	0.379646589803	0.000174101645066	1.30117682919e-05	0.620327386661	1.56607938437e-05	0.115322211581	0.0186590569878
17	15	right	right	1	ERROR	0.15345391981	0.973073115105	4.36368979224e-05	0.654339726898	0.000121548694049	0.894605653066	0.105229161342	6.50588414595e-05	2.66732379241e-06	0.398232949013	0.000248716635809	6.50588414595e-05	0.601636933304	2.23725626339e-05	0.192203685968	0.0266557956968
18	13	right	right	1	noError	0.252467085579	0.973776607049	3.96699072022e-05	0.538814090642	0.000110498812772	0.904186957333	0.0956628739472	4.07059656293e-05	1.90523128029e-06	0.374301929062	0.000242218663601	4.07059656293e-05	0.625616659007	2.17880569383e-05	0.208716918548	0.0259593862305
19	8	left	left	1	noError	0.212190762436	0.973776607049	3.62046499927e-05	0.601955620938	0.000100846488514	0.912556445952	0.0873065029091	4.07059656293e-05	1.1469793763e-06	0.374301929062	0.000242218663601	4.07059656293e-05	0.625616659007	2.17880569383e-05	0.185852469646	0.0259593862305
20	12	middle	left	0	ERROR	0.0174153749088	0.970862896721	3.62046499927e-05	0.717079458484	0.000100846488514	0.912556445952	0.0873065029091	0.000203529828146	1.63854196614e-06	0.871509645311	0.000269131848446	0.000203529828146	0.128083295033	2.42089521537e-05	0.265503528066	0.0288437624783
21	19	right	right	1	noError	0.0791838065507	0.971685079978	3.04921434654e-05	0.674323002686	8.49345483622e-05	0.842131998436	0.157752574872	0.000180371825495	1.10501704034e-06	0.88612951701	0.000261537555437	0.000180371825495	0.113509739339	2.35258301926e-05	0.246492085746	0.0280298566362
22	14	left	left	1	noError	0.0458883067368	0.972462060732	2.63370065714e-05	0.579458350196	7.3360594046e-05	0.863644528653	0.136255773747	0.000163974386814	6.40375388672e-07	0.8964813791	0.000254360786198	0.000163974386814	0.103190672126	2.28802653361e-05	0.374652702692	0.0272606982163
23	10	middle	middle	1	noError	0.0305922044912	0.973197467005	2.1303854407e-05	0.519638900131	5.93409661241e-05	0.80881340724	0.191105947939	0.000149067624376	4.26916925781e-07	0.905892162818	0.000247568029636	0.000149067624376	0.0938097019328	2.22692431938e-05	0.449768468461	0.0265326957225
24	10	middle	middle	1	noError	0.019120127807	0.97389454868	1.78860668372e-05	0.574774312582	4.98208664969e-05	0.83948556392	0.160446729147	0.000136258278332	2.66823078613e-07	0.913978827223	0.000241129267417	0.000136258278332	0.0857486562203	2.1690063556e-05	0.406105292788	0.0258426319891
25	10	left	left	1	noError	0.0112471340041	0.97389454868	1.54135163103e-05	0.57339665446	4.29336838183e-05	0.861674905887	0.138266746912	0.000136258278332	1.56954752125e-07	0.913978827223	0.000241129267417	0.000136258278332	0.0857486562203	2.1690063556e-05	0.415356054581	0.0258426319891
26	14	middle	middle	1	noError	0.00651440035327	0.974556225519	1.24480729583e-05	0.579147444216	3.46735694685e-05	0.807526842053	0.192426036304	0.000125477135678	9.09090344544e-08	0.920785067155	0.000235017530469	0.000125477135678	0.0789639785741	2.11403005005e-05	0.414338064522	0.0251876166504
27	8	middle	middle	1	noError	0.00401936762649	0.974556225519	1.13164299621e-05	0.61693563057	3.15214267895e-05	0.825024401867	0.174932760276	0.000125477135678	5.60906315588e-08	0.920785067155	0.000235017530469	0.000125477135678	0.0789639785741	2.11403005005e-05	0.379044945713	0.0251876166504
28	11	middle	middle	1	noError	0.00251210476656	0.975185128037	9.63202400326e-06	0.573084769106	2.68295867576e-05	0.851068829405	0.148894708984	0.000116277823482	3.50566447242e-08	0.926592682175	0.000229208521393	0.000116277823482	0.0731747621784	2.06177684271e-05	0.424403091071	0.0245650456728
29	7	middle	middle	1	noError	0.00179436054754	0.975185128037	8.38419451856e-06	0.552203406504	2.33538116343e-05	0.87036287454	0.129605387454	0.000108336001768	2.50404605173e-08	0.931606431256	0.000229208521393	0.000108336001768	0.0681768967407	2.06177684271e-05	0.446002207908	0.0245650456728
30	10	right	right	1	noError	0.00115937487689	0.975783632461	7.62199501688e-06	0.646056859078	2.12307378493e-05	0.882148067764	0.117823079504	0.000101410328526	1.61791791896e-08	0.935978675951	0.000223680291625	0.000101410328526	0.0638185033921	2.01204930184e-05	0.352783749866	0.0239725667548
31	6	middle	middle	1	noError	0.000891826828374	0.975783632461	6.81903989343e-06	0.573889891599	1.89941410406e-05	0.894563427861	0.105410758958	9.53175072568e-05	1.24455224535e-08	0.939825133117	0.000223680291625	9.53175072568e-05	0.059984231869	2.01204930184e-05	0.425218269127	0.0239725667548
32	7	middle	middle	1	noError	0.000594551218916	0.975783632461	6.16919774964e-06	0.582593261066	1.71840338223e-05	0.904611342105	0.0953653046635	9.53175072568e-05	8.29701496903e-09	0.939825133117	0.000223680291625	9.53175072568e-05	0.059984231869	2.01204930184e-05	0.416812179418	0.0239725667548
33	7	middle	middle	1	noError	0.000457347091474	0.975783632461	5.63248574261e-06	0.448148662358	1.56890457127e-05	0.912910028596	0.0870686498724	9.53175072568e-05	6.38231920695e-09	0.939825133117	0.000223680291625	9.53175072568e-05	0.059984231869	2.01204930184e-05	0.551393984168	0.0239725667548
34	10	left	left	1	noError	0.00032667649391	0.976353890723	5.18172742232e-06	0.320106187399	1.44334778842e-05	0.919879691906	0.0801006928886	8.21649619156e-05	4.55879943353e-09	0.861927129485	0.000218412964303	8.21649619156e-05	0.137908540592	1.96466863104e-05	0.679567131549	0.0234080496266
35	6	left	left	1	noError	0.000233340352793	0.976353890723	4.79780554448e-06	0.442932990999	1.33640800789e-05	0.925815924484	0.0741659136299	7.46954199233e-05	3.25628530967e-09	0.874479208622	0.000218412964303	7.46954199233e-05	0.125371400538	1.96466863104e-05	0.556833665392	0.0234080496266
36	8	left	left	1	noError	0.000145837720496	0.976353890723	4.46688080928e-06	0.589333119374	1.2442303525e-05	0.930932710756	0.0690503800592	6.7904927203e-05	2.03517831854e-09	0.885890189657	0.000218412964303	6.7904927203e-05	0.113974000489	1.96466863104e-05	0.41052104087	0.0234080496266
37	6	middle	middle	1	noError	0.000104169800354	0.976353890723	4.17868802369e-06	0.563809370982	1.16395549707e-05	0.935388772006	0.0645954097511	6.7904927203e-05	1.45369879896e-09	0.885890189657	0.000218412964303	6.7904927203e-05	0.113974000489	1.96466863104e-05	0.436086457764	0.0234080496266
38	9	left	left	1	noError	6.51061252212e-05	0.976353890723	3.92545227688e-06	0.539880856864	1.09341777377e-05	0.939304324562	0.0606808158077	6.7904927203e-05	9.08561749349e-10	0.885890189657	0.000218412964303	6.7904927203e-05	0.113974000489	1.96466863104e-05	0.460054036103	0.0234080496266
39	9	right	right	1	noError	4.34040834808e-05	0.976897856322	3.70117695913e-06	0.493253904576	1.03094685288e-05	0.942772088513	0.0572139008417	6.17317520027e-05	6.05707832899e-10	0.896263808779	0.00021338849547	6.17317520027e-05	0.103612727717	1.9194725213e-05	0.506702690735	0.022869560457
40	9	left	left	1	noError	2.55318138122e-05	0.976897856322	3.50116283839e-06	0.52544347328	9.75233783611e-06	0.945864723781	0.0541220227184	6.17317520027e-05	3.56298725235e-10	0.896263808779	0.00021338849547	6.17317520027e-05	0.103612727717	1.9194725213e-05	0.47453099455	0.022869560457
41	6	left	left	1	noError	1.96398567786e-05	0.976897856322	3.32167520138e-06	0.404187287138	9.25238277707e-06	0.94863997682	0.0513474491219	6.17317520027e-05	2.74075942488e-10	0.896263808779	0.00021338849547	6.17317520027e-05	0.103612727717	1.9194725213e-05	0.595793072731	0.022869560457
42	7	left	left	1	ERROR	3.92797135573e-05	0.976897856322	4.15209400172e-06	0.208374574277	1.15654784713e-05	0.935799971025	0.0641843114024	6.17317520027e-05	5.48151884977e-10	0.896263808779	0.00021338849547	6.17317520027e-05	0.103612727717	1.9194725213e-05	0.791586145462	0.022869560457
43	13	left	left	1	noError	3.00231579915e-05	0.977417306679	3.56678455319e-06	0.235703820767	9.93512428783e-06	0.858946804495	0.141039693597	5.12877167145e-05	4.1897583143e-10	0.830732747397	0.000208590467565	5.12877167145e-05	0.169164677169	1.87631329334e-05	0.764266155656	0.0223553397208
44	11	left	left	1	noError	1.87644737447e-05	0.977913862534	2.972320461e-06	0.397314887979	8.27927023986e-06	0.799122337079	0.20086641133	4.38668775578e-05	2.61859894644e-10	0.855224090287	0.000204003910216	4.38668775578e-05	0.144688175958	1.83505628564e-05	0.602666347285	0.0218637829929
45	9	middle	middle	1	noError	1.34031955319e-05	0.978389004844	2.28640035461e-06	0.426653491414	6.36866941528e-06	0.691632566984	0.308358777947	3.9878979598e-05	1.87042781888e-10	0.868385536624	0.000199615144215	3.9878979598e-05	0.131534705417	1.79557845099e-05	0.573333105204	0.021393424227
46	5	middle	middle	1	noError	1.11693296099e-05	0.978844089532	1.90533362884e-06	0.355544576178	5.30722451273e-06	0.65969380582	0.340298981622	3.9878979598e-05	1.55868984907e-10	0.868385536624	0.00019541164526	3.9878979598e-05	0.131534705417	1.75776713075e-05	0.644444254336	0.0209429211515
47	15	right	right	1	noError	7.97809257853e-06	0.891926968729	1.46564125296e-06	0.325388982984	4.08248039441e-06	0.507456773707	0.492537678171	3.52438973507e-05	1.11334989219e-10	0.883682915565	0.000174310347446	3.52438973507e-05	0.11624659664	1.56795670434e-05	0.674603038812	0.107883041356
48	5	middle	middle	1	noError	6.13699429117e-06	0.891926968729	1.2213677108e-06	0.25029921768	3.40206699534e-06	0.589547311423	0.410448065142	3.52438973507e-05	8.56422993995e-11	0.883682915565	0.000174310347446	3.52438973507e-05	0.11624659664	1.56795670434e-05	0.74969464524	0.107883041356
49	5	right	right	1	noError	5.11416190931e-06	0.901751789754	1.11033428254e-06	0.291916014734	3.09278817758e-06	0.535952101294	0.464043695584	3.20399066824e-05	7.13685828329e-11	0.894257195968	0.000158463952224	3.20399066824e-05	0.105678724218	1.42541518576e-05	0.708078871033	0.0980754921419
50	7	right	right	1	noError	3.93397069947e-06	0.910532832154	8.54103294264e-07	0.301473857487	2.37906782891e-06	0.566117000995	0.433879765834	3.20399066824e-05	5.48989098714e-11	0.894257195968	0.000144301061319	3.20399066824e-05	0.105678724218	1.2980171278e-05	0.698522208487	0.0893098866135
