Trial	nTrans	naoDecision	humanDecision	guessCorr	errpDetector	x01	x12	x32	x00	x33	x30	x31	x21	x02	x20	x13	x23	x22	x10	x03	x11
1	22	left	left	1	noError	0.3	0.3	0.34375	0.166666666667	0.15625	0.21875	0.28125	0.21875	0.233333333333	0.28125	0.3	0.28125	0.21875	0.233333333333	0.3	0.166666666667
2	12	left	left	1	noError	0.285714285714	0.333333333333	0.316964285714	0.119047619048	0.111607142857	0.370535714286	0.200892857143	0.265625	0.166666666667	0.234375	0.25	0.317708333333	0.182291666667	0.277777777778	0.428571428571	0.138888888889
3	13	middle	middle	1	noError	0.21978021978	0.393939393939	0.243818681319	0.0915750915751	0.0858516483516	0.438873626374	0.231456043956	0.166015625	0.205128205128	0.208984375	0.227272727273	0.323567708333	0.301432291667	0.252525252525	0.483516483516	0.126262626263
4	9	left	right	0	ERROR	0.171114599686	0.562770562771	0.348312401884	0.130821559393	0.122645211931	0.484105180534	0.0449372056515	0.166015625	0.29304029304	0.208984375	0.181818181818	0.323567708333	0.301432291667	0.0750360750361	0.405023547881	0.180375180375
5	9	left	middle	0	ERROR	0.190127332984	0.51418951419	0.310390502355	0.145357288214	0.153306514914	0.480131475667	0.0561715070644	0.33203125	0.3256003256	0.21796875	0.20202020202	0.447135416667	0.00286458333333	0.0833734167068	0.338915053201	0.200416867084
6	9	right	right	1	noError	0.146251794603	0.558354103809	0.315685001811	0.18873637555	0.117928088395	0.523178058206	0.043208851588	0.276692708333	0.250461788923	0.181640625	0.183654729109	0.539279513889	0.00238715277778	0.075794015188	0.414550040924	0.182197151894
7	13	middle	middle	1	noError	0.0914073716272	0.507594639826	0.210456667874	0.180460234718	0.0786187255967	0.615452038804	0.0954725677253	0.251538825758	0.219038618077	0.165127840909	0.166958844645	0.581163194444	0.00217013888889	0.15981274108	0.509093775577	0.165633774449
8	12	left	left	1	noError	0.0609382477514	0.507594639826	0.209139475407	0.186973489812	0.0529615908754	0.673583733575	0.0643152001424	0.22867165978	0.146025745385	0.150116219008	0.166958844645	0.619239267677	0.00197285353535	0.15981274108	0.606062517052	0.165633774449
9	10	middle	left	0	ERROR	0.0993893539733	0.507594639826	0.155913536296	0.000163098476967	0.0756594155363	0.676548190821	0.0918788573463	0.326673799685	0.0750672897354	0.0715945985832	0.166958844645	0.598913239538	0.00281836219336	0.15981274108	0.825380257814	0.165633774449
10	13	right	right	1	noError	0.15644273476	0.544303569097	0.109539704303	0.000127968576374	0.123412507297	0.70249673591	0.0645510524902	0.296976181532	0.0588984911341	0.065085998712	0.128429880496	0.635375672307	0.00256214744851	0.122932877754	0.784530805529	0.204333672653
11	14	left	left	1	noError	0.183173381972	0.460216835069	0.0844299589301	9.14061259811e-05	0.0951227044919	0.770693297663	0.0497540389151	0.33081348461	0.113498922239	0.05423833226	0.234592771783	0.612813060256	0.00213512287376	0.0878091983956	0.703236289664	0.217381194752
12	9	right	right	1	ERROR	0.305288969953	0.460216835069	0.139558888502	0.000152343543302	0.000165295459421	0.778034648834	0.0822411672051	0.367570538456	0.0224982037311	0.0602648136223	0.234592771783	0.569792289174	0.00237235874862	0.0878091983956	0.672060482773	0.217381194752
13	15	middle	middle	1	noError	0.330721233647	0.328726310764	0.105577234761	9.97117443188e-05	0.0001250471232	0.756431053373	0.137866664743	0.367570538456	0.0147255019113	0.0602648136223	0.310423408416	0.569792289174	0.00237235874862	0.134149427425	0.654453552697	0.226700853395
14	7	left	right	0	noError	0.391564757861	0.234804507688	0.0959793043278	9.06470402898e-05	0.000113679202909	0.687664593975	0.216242422494	0.425064125869	0.0133868199194	0.054786194202	0.29315957744	0.517992990158	0.00215668977147	0.167249591018	0.594957775179	0.304786323853
15	18	left	left	1	noError	0.394376505241	0.196943828052	0.0731418340697	6.04313601932e-05	8.66301902744e-05	0.761982183539	0.164789352201	0.520886771557	0.00892454661292	0.045655161835	0.290093869082	0.431660825132	0.00179724147623	0.157205641775	0.596638516786	0.35575666109
16	12	right	right	1	noError	0.396251003494	0.16411985671	0.05908456369	4.02875734621e-05	6.99805666599e-05	0.807727287469	0.133118168274	0.520886771557	0.00594969774195	0.045655161835	0.408411557569	0.431660825132	0.00179724147623	0.131004701479	0.597759011191	0.296463884242
17	14	right	right	1	noError	0.497322145353	0.117228469079	0.0457249740047	2.87768381872e-05	5.41572856177e-05	0.773812966567	0.180407902143	0.473533428688	0.00424978410139	0.0415046925773	0.506008255406	0.483328022847	0.00163385588748	0.0935747867711	0.498399293708	0.283188488744
18	17	right	right	1	noError	0.498087246681	0.120682482821	0.0344811259381	2.05548844195e-05	4.08399179332e-05	0.754022907087	0.211455127057	0.52139402608	0.00303556007242	0.0377315387066	0.392226808559	0.439389111679	0.00148532353407	0.107541548206	0.498856638363	0.379549160413
19	12	right	left	0	ERROR	0.442319162978	0.286962886437	0.0431014074226	2.28387604661e-05	5.10498974165e-05	0.817528633859	0.139318908821	0.52139402608	0.00337284452491	0.0377315387066	0.457083402206	0.439389111679	0.00148532353407	0.255715927976	0.554285153736	0.000237783379765
20	14	right	right	1	noError	0.458799402127	0.34783063317	0.0364533586121	1.63134003329e-05	4.31758573308e-05	0.845673388779	0.117830076751	0.6011616884	0.00240917466065	0.0314429489222	0.46934528729	0.366157593066	0.00123776961173	0.182654234269	0.538775109812	0.000169845271261
21	12	middle	middle	1	noError	0.46566616844	0.319879023693	0.0290644117147	1.35945002774e-05	3.44242874011e-05	0.79722435408	0.173676809918	0.667634740334	0.00200764555054	0.0262024574352	0.549532348065	0.305131327555	0.00103147467644	0.130467310192	0.53231259151	0.000121318050901
22	19	left	left	1	noError	0.450391863788	0.228485016923	0.0990763987328	7.99676486907e-06	2.64258317172e-05	0.767574033591	0.133323141844	0.723028950278	0.00118096797091	0.021835381196	0.535380248618	0.254276106296	0.000859562230366	0.236048078709	0.548419171476	8.66557506433e-05
23	8	left	left	1	noError	0.321708474134	0.228485016923	0.0803978828926	5.71197490648e-06	2.14438650467e-05	0.811392462105	0.108188211138	0.723028950278	0.000843548550649	0.021835381196	0.535380248618	0.254276106296	0.000859562230366	0.236048078709	0.67744226534	8.66557506433e-05
24	10	middle	middle	1	noError	0.247468057026	0.175757705326	0.0579023740947	4.39382685114e-06	1.54438232861e-05	0.720125726876	0.221956455206	0.723028950278	0.000648883500499	0.021835381196	0.488754037398	0.254276106296	0.000859562230366	0.335421599007	0.751878665646	6.66582697256e-05
25	8	middle	right	0	ERROR	0.309335071283	0.094697131657	0.0827176772782	5.49228356392e-06	2.20626046944e-05	0.74303675268	0.174223507437	0.692254389198	0.000811104375624	0.0242615346622	0.485942546748	0.282529006995	0.000955069144851	0.419276998758	0.689848332058	8.3322837157e-05
26	12	right	right	1	noError	0.339556714189	0.0789142763808	0.140552059445	3.66152237595e-06	1.69712343803e-05	0.725412886677	0.134018082644	0.660211990998	0.000540736250416	0.103551278885	0.40495212229	0.235440839163	0.000795890954043	0.516064165632	0.659898888039	6.94356976308e-05
27	19	middle	right	0	ERROR	0.279113428377	0.000237424951493	0.000190247944432	7.32304475189e-06	3.22874245534e-05	0.999587216687	0.000190247944432	0.575264988748	0.00108147250083	0.129439098606	0.486607476931	0.294301048953	0.000994863692554	0.512990240446	0.719797776077	0.000164857671419
28	13	middle	middle	1	noError	0.274699527184	0.000197854126244	0.000190188456657	5.30616111253e-06	3.22773287435e-05	0.999587345758	0.000190188456657	0.613877262498	0.000783617678521	0.117671907824	0.405506230776	0.267546408139	0.000904421538685	0.594158533705	0.724511548976	0.000137381392849
29	12	middle	middle	1	noError	0.272431782385	0.000164878438537	0.000190129012015	3.85793635869e-06	3.2267240254e-05	0.999587474736	0.000190129012015	0.613877262498	0.00056974280825	0.117671907824	0.504588525646	0.267546408139	0.000904421538685	0.495132111421	0.72699461687	0.000114484494041
30	11	right	right	1	noError	0.320748221709	0.000149889489579	0.000190069610459	2.61926964412e-06	3.22571590768e-05	0.99958760362	0.000190069610459	0.558070238634	0.000386815619507	0.106974461658	0.458716841497	0.334133098309	0.000822201398805	0.541029192201	0.678862343401	0.000104076812765
31	7	right	right	1	noError	0.242800210961	0.000149889489579	0.000190010251945	1.98273654883e-06	3.22470852041e-05	0.999587732411	0.000190010251945	0.558070238634	0.000292811955492	0.106974461658	0.458716841497	0.334133098309	0.000822201398805	0.541029192201	0.756904994347	0.000104076812765
32	11	middle	middle	1	noError	0.255250547856	0.000136263172345	0.000189950936424	1.47635437249e-06	3.2237018628e-05	0.999587861109	0.000189950936424	0.558070238634	0.000218029072528	0.106974461658	0.507924401361	0.334133098309	0.000822201398805	0.491844720183	0.744529946717	9.46152843315e-05
33	10	left	left	1	noError	0.203326937096	0.000136263172345	0.00018989166385	1.17603121775e-06	3.22269593407e-05	0.999587989713	0.00018989166385	0.558070238634	0.000173677133653	0.106974461658	0.507924401361	0.334133098309	0.000822201398805	0.491844720183	0.796498209739	9.46152843315e-05
34	8	right	right	1	noError	0.168960141776	0.000136263172345	0.000189832434178	9.77255665788e-07	3.22169073342e-05	0.999588118224	0.000189832434178	0.558070238634	0.000144321817583	0.106974461658	0.507924401361	0.334133098309	0.000822201398805	0.491844720183	0.830894559151	9.46152843315e-05
35	7	middle	middle	1	noError	0.22413345148	0.000123875611222	0.00018977324736	8.1437972149e-07	3.22068626007e-05	0.999588246643	0.00018977324736	0.507336580577	0.000120268181319	0.0972495105984	0.552658546692	0.394666453008	0.000747455817095	0.447131563802	0.775745465959	8.60138948468e-05
36	6	middle	middle	1	noError	0.270111209567	0.00011261419202	0.000189714103352	6.78649767909e-07	3.21968251324e-05	0.999588374968	0.000189714103352	0.507336580577	0.000100223484432	0.0972495105984	0.593325951538	0.394666453008	0.000747455817095	0.40648323982	0.729787888299	7.81944498607e-05
37	8	left	left	1	noError	0.212667218176	0.0001023765382	0.000189655002106	5.34322727621e-07	3.21867949214e-05	0.999588503201	0.000189655002106	0.507336580577	7.89091636156e-05	0.0972495105984	0.63029631958	0.394666453008	0.000747455817095	0.369530218018	0.787253338338	7.10858635097e-05
38	10	middle	middle	1	noError	0.175374430903	9.30695801822e-05	0.000189595943576	4.40625241065e-07	3.21767719599e-05	0.999588631341	0.000189595943576	0.507336580577	6.50718516039e-05	0.0972495105984	0.572996654163	0.394666453008	0.000747455817095	0.426845652744	0.82456005662	6.46235122816e-05
39	11	middle	middle	1	noError	0.272932108683	7.75579834851e-05	0.000189536927717	3.2037551384e-07	3.21667562401e-05	0.999588759388	0.000189536927717	0.507336580577	4.73132856477e-05	0.0972495105984	0.560830545136	0.394666453008	0.000747455817095	0.439038043953	0.727020257655	5.38529269013e-05
40	7	middle	middle	1	noError	0.214420969714	7.75579834851e-05	0.000189477954483	2.51693465755e-07	3.21567477543e-05	0.999588887343	0.000189477954483	0.507336580577	3.71702715298e-05	0.0972495105984	0.560830545136	0.394666453008	0.000747455817095	0.439038043953	0.785541608321	5.38529269013e-05
41	8	middle	middle	1	ERROR	0.357368282857	7.75579834851e-05	0.000315796590805	4.19489109591e-07	5.35945795905e-05	0.999314812239	0.000315796590805	0.507336580577	6.19504525497e-05	0.0972495105984	0.560830545136	0.394666453008	0.000747455817095	0.439038043953	0.642569347201	5.38529269013e-05
42	6	left	left	1	noError	0.381140235715	7.05072577138e-05	0.000315611898584	3.49574257993e-07	5.35632350409e-05	0.999315212968	0.000315611898584	0.507336580577	5.16253771247e-05	0.0972495105984	0.600755041033	0.394666453008	0.000747455817095	0.399125494503	0.618807789334	4.89572062739e-05
43	9	right	right	1	noError	0.523954027473	5.03623269384e-05	0.000315427440707	2.68903275379e-07	5.35319302623e-05	0.999315613188	0.000315427440707	0.507336580577	3.97118285575e-05	0.0972495105984	0.643396457881	0.394666453008	0.000747455817095	0.356518210359	0.476005991795	3.49694330528e-05
44	10	right	right	1	noError	0.588538591052	3.87402514911e-05	0.000315243216729	1.92073768128e-07	5.35006651791e-05	0.999316012901	0.000315243216729	0.507336580577	2.83655918268e-05	0.0972495105984	0.648766506062	0.394666453008	0.000747455817095	0.351167854123	0.411432851282	2.68995638868e-05
45	11	left	left	1	noError	0.63467042218	3.22835429092e-05	0.000315059226206	1.37195548663e-07	5.34694397161e-05	0.999316412108	0.000315059226206	0.461215073252	2.02611370191e-05	0.0884086459985	0.707305421718	0.449696775462	0.000679505288268	0.292639878435	0.365309179487	2.2416303239e-05
46	9	middle	middle	1	noError	0.69555868515	2.49757684673e-05	0.000314875468694	1.14329623886e-07	5.34382537983e-05	0.999316810809	0.000314875468694	0.510195521138	1.68842808493e-05	0.0803714963623	0.773560416236	0.40881525042	0.000617732080244	0.226397265896	0.30442431624	1.73420990739e-05
47	16	left	left	1	noError	0.664676287309	2.03661113104e-05	0.000314691943754	7.59997899127e-08	5.34071073505e-05	0.999317209005	0.000314691943754	0.510195521138	1.12237034791e-05	0.0803714963623	0.815353278356	0.40881525042	0.000617732080244	0.184612214181	0.335312412988	1.41413514687e-05
48	18	right	right	1	noError	0.651305729409	1.37187405512e-05	0.000314508650945	4.95040490089e-08	5.33760002982e-05	0.999317606698	0.000314508650945	0.510195521138	7.31079346049e-06	0.0803714963623	0.673538922974	0.40881525042	0.000617732080244	0.326437832583	0.348686910294	9.52570320791e-06
49	6	left	left	1	ERROR	0.787579613441	1.52430450569e-05	0.000393135813681	7.07200700128e-08	6.67200003727e-05	0.999147008372	0.000393135813681	0.510195521138	1.04439906578e-05	0.0803714963623	0.748376581082	0.40881525042	0.000617732080244	0.251597591758	0.212409871848	1.05841146755e-05
50	9	left	left	1	noError	0.76193284067	1.27025375474e-05	0.000392840008444	5.38893327705e-08	6.66697985726e-05	0.999147650185	0.000392840008444	0.510195521138	7.95841531139e-06	0.0803714963623	0.706980484235	0.40881525042	0.000617732080244	0.292997993132	0.238059147025	8.82009556288e-06
