Trial	nTrans	naoDecision	humanDecision	guessCorr	errpDetector	x01	x12	x32	x00	x33	x30	x31	x21	x02	x20	x13	x23	x22	x10	x03	x11
1	38	left	left	1	noError	0.261904761905	0.25	0.147058823529	0.309523809524	0.323529411765	0.264705882353	0.264705882353	0.305555555556	0.261904761905	0.25	0.204545454545	0.138888888889	0.305555555556	0.25	0.166666666667	0.295454545455
2	30	middle	right	0	ERROR	0.000212031259466	0.166666666667	0.235294117647	0.656287231679	0.117647058824	0.323529411765	0.323529411765	0.697876192991	0.343288705802	0.169753668565	0.0151515151515	0.132030631106	0.000339507337131	0.166666666667	0.000212031259466	0.651515151515
3	23	right	left	0	ERROR	0.000424062518931	0.00192993742324	0.261437908497	0.912574463359	0.130718954248	0.359477124183	0.248366013072	0.69217783732	0.0865774116032	0.000232370982847	0.00192993742324	0.306800875161	0.000788916536128	0.00192993742324	0.000424062518931	0.99421018773
4	14	right	right	1	noError	0.000390005113134	0.00192993742324	0.237670825906	0.919595803009	0.118835412953	0.41770647653	0.225787284611	0.69217783732	0.0796241867644	0.000232370982847	0.00192993742324	0.306800875161	0.000788916536128	0.00192993742324	0.000390005113134	0.99421018773
5	12	left	right	0	noError	0.000390005113134	0.00191901856785	0.198059021588	0.919595803009	0.182362844128	0.348088730442	0.271489403842	0.629252579382	0.0796241867644	0.000211246348043	0.00191901856785	0.369818977419	0.000717196851025	0.00191901856785	0.000390005113134	0.994242944296
6	17	middle	right	0	ERROR	0.000390005113134	0.327642191739	0.220065579543	0.919595803009	0.202625382364	0.386765256046	0.190543782047	0.699169532647	0.0796241867644	0.000234718164492	0.327642191739	0.299798863799	0.000796885390028	0.327642191739	0.000390005113134	0.0170734247823
7	15	left	left	1	noError	0.000361014160845	0.327642191739	0.220065579543	0.925572632954	0.202625382364	0.386765256046	0.190543782047	0.699169532647	0.0737053387242	0.000234718164492	0.327642191739	0.299798863799	0.000796885390028	0.327642191739	0.000361014160845	0.0170734247823
8	21	right	right	1	noError	0.000307422079206	0.305458708385	0.266721316286	0.851466148247	0.168854485303	0.322304380039	0.242119818373	0.749307943872	0.147919007594	0.00019559847041	0.376887279814	0.249832386499	0.000664071158357	0.305458708385	0.000307422079206	0.0121953034159
9	29	left	left	1	noError	0.000212244472769	0.337882256988	0.244480877524	0.690331835858	0.112569656869	0.481536253359	0.161413212248	0.59331746492	0.309243675196	0.000122249044006	0.397406066511	0.406145241562	0.000415044473973	0.254548923654	0.000212244472769	0.0101627528466
10	23	left	left	1	noError	0.000131864233834	0.307165688171	0.18806221348	0.621222525567	0.0865920437453	0.601181733353	0.124164009422	0.533321126862	0.378513745965	9.40377261586e-05	0.361278242283	0.466265570432	0.000319264979979	0.322317203322	0.000131864233834	0.00923886622417
11	10	right	right	1	noError	8.35282924916e-05	0.307165688171	0.170965648618	0.633378265158	0.0787200397684	0.637437939412	0.112876372202	0.484837388056	0.366454678257	8.54888419623e-05	0.361278242283	0.514786882211	0.00029024089089	0.322317203322	8.35282924916e-05	0.00923886622417
12	14	middle	middle	1	noError	5.96630660654e-05	0.290832634408	0.208435114322	0.595270189398	0.0605538767449	0.567259953394	0.16375105554	0.526797990812	0.40461048447	6.57606476633e-05	0.400913030202	0.472912986316	0.000223262223762	0.30165514523	5.96630660654e-05	0.00659919016012
13	29	right	right	1	noError	3.14796581612e-05	0.223717411083	0.188918013473	0.472365927243	0.0370895451639	0.612443632066	0.161548809297	0.42084739784	0.52757111344	3.80782525533e-05	0.38531771554	0.578985245446	0.00012927846127	0.385888573254	3.14796581612e-05	0.00507630012317
14	11	left	middle	0	ERROR	7.8699145403e-05	0.279646763853	0.0987977927479	0.180914818109	0.0412106057376	0.680492924518	0.179498676997	0.4010592473	0.818927783601	4.75978156916e-05	0.481647144425	0.598731556808	0.000161598076587	0.232360716567	7.8699145403e-05	0.00634537515396
15	18	middle	left	0	ERROR	0.000157398290806	0.399495376933	0.00019948047017	0.361829636217	0.0822071100854	0.759009074793	0.158584334652	0.4021184946	0.637855567201	9.51956313833e-05	0.402353063465	0.597463113615	0.000323196153174	0.189086737953	0.000157398290806	0.00906482164852
16	22	middle	middle	1	noError	8.93270838557e-05	0.384227213026	0.000160755845754	0.432355519552	0.0662484577939	0.805792015791	0.127798770569	0.438824059125	0.56746582628	5.94972696145e-05	0.309502356511	0.56091444601	0.000201997595734	0.299297490733	8.93270838557e-05	0.00697293972963
17	20	left	left	1	noError	4.54002868771e-05	0.320189344188	0.000134624211445	0.508196897166	0.0554794530059	0.837361455767	0.107024467016	0.491403122404	0.49171230226	4.57671304727e-05	0.341251963759	0.5083957277	0.000155382765949	0.332747908944	4.54002868771e-05	0.00581078310802
18	13	middle	middle	1	noError	2.68370299735e-05	0.350157786823	0.000115801933719	0.591061160983	0.0477226783414	0.860100514482	0.0920610052429	0.492835935337	0.408885164957	3.81392753939e-05	0.367709969799	0.50699643975	0.000129485638291	0.27728992412	2.68370299735e-05	0.00484231925669
19	17	left	right	0	ERROR	8.94567665784e-05	0.503637423249	0.000165431333884	0.636870536611	0.0681752547734	0.800143592117	0.131515721776	0.418337050481	0.362950549856	5.44846791342e-05	0.241219873501	0.581423485357	0.000184979483273	0.254998871686	8.94567665784e-05	0.000143831564569
20	7	right	right	1	noError	6.11448838297e-05	0.503637423249	0.000165431333884	0.683444882705	0.0681752547734	0.800143592117	0.131515721776	0.471215500437	0.316432827527	4.95315264856e-05	0.241219873501	0.52856680487	0.000168163166612	0.254998871686	6.11448838297e-05	0.000143831564569
21	16	right	right	1	noError	4.07632558865e-05	0.541259556345	0.000127278721521	0.655629921803	0.0524523321139	0.769297996098	0.178122393066	0.447477000291	0.344288551685	3.30210176571e-05	0.26247682577	0.552377869913	0.000112108777741	0.19615297822	4.07632558865e-05	0.000110639665053
22	14	left	left	1	noError	2.47910951048e-05	0.492054142132	0.000106065601267	0.608111777535	0.0437102767616	0.807748330082	0.148435327555	0.42113615407	0.391838640275	2.54007828131e-05	0.329524387064	0.578752207626	8.62375213393e-05	0.178320889291	2.47910951048e-05	0.000100581513685
23	33	middle	right	0	noError	1.31045826432e-05	0.461369428088	7.10823191809e-05	0.528547534088	0.0292934543068	0.670106142799	0.300529320575	0.383145914883	0.471426256747	1.56683942899e-05	0.353016258042	0.616785221374	5.31953482248e-05	0.185547259527	1.31045826432e-05	6.70543424565e-05
24	13	middle	middle	1	noError	7.8407056025e-06	0.384474523407	6.46202901644e-05	0.598258009841	0.0266304130062	0.609187402545	0.364117564159	0.402621595736	0.401726308748	1.30569952416e-05	0.377513548369	0.597321017812	4.4329456854e-05	0.237956049606	7.8407056025e-06	5.58786187137e-05
25	19	left	right	0	ERROR	1.96017640062e-05	0.474124205678	0.000107700483607	0.745645024603	0.044384021677	0.848645670908	0.106862606932	0.605243191472	0.254315771869	2.61139904832e-05	0.462522580614	0.394642035624	8.86589137081e-05	0.0632600826766	1.96017640062e-05	9.31310311895e-05
26	20	right	right	1	noError	1.26116784675e-05	0.595480158214	9.35505568889e-05	0.643330737767	0.0385527511649	0.868530935982	0.0928227622962	0.532495994984	0.356644038876	1.53611708725e-05	0.355786600473	0.467436491543	5.21523021812e-05	0.0486616020589	1.26116784675e-05	7.16392547612e-05
27	16	left	middle	0	noError	9.70129112886e-06	0.688830890934	7.5972801025e-05	0.571792875205	0.0313088514982	0.812022998805	0.156592176895	0.457809996865	0.428187722212	9.60073179529e-06	0.273682000364	0.542147807215	3.25951888633e-05	0.0374320015838	9.70129112886e-06	5.51071190471e-05
28	12	right	right	1	noError	6.92949366347e-06	0.626209900849	6.39567909376e-05	0.479852053718	0.0263569809557	0.841753817099	0.131825245154	0.429084612973	0.520134087295	7.38517830407e-06	0.339710909421	0.570882928627	2.50732222025e-05	0.0340290923489	6.92949366347e-06	5.00973809519e-05
29	11	right	right	1	noError	4.61966244231e-06	0.660190818953	5.52234181504e-05	0.519901369145	0.0227579051288	0.863362513958	0.113824357495	0.406988163825	0.48008939153	5.68090638775e-06	0.308828099474	0.592986868174	1.92870940019e-05	0.030935538499	4.61966244231e-06	4.55430735926e-05
30	11	right	right	1	noError	3.29975888737e-06	0.550159015794	4.85891744255e-05	0.514215263675	0.0200238931036	0.879777404863	0.100150112859	0.466913972173	0.485778136807	4.36992799057e-06	0.424023416228	0.533066821673	1.48362261553e-05	0.0257796154158	3.29975888737e-06	3.79525613272e-05
31	12	middle	middle	1	noError	2.19983925824e-06	0.591053650722	4.33784432494e-05	0.542810175784	0.0178765192226	0.892670145519	0.0894099568149	0.404938551552	0.457185424538	3.12137713612e-06	0.385475832935	0.595047729766	1.05973043967e-05	0.0234360140144	2.19983925824e-06	3.45023284793e-05
32	20	middle	middle	1	noError	1.18456265796e-06	0.537321500657	3.91774508914e-05	0.53842306762	0.0161452648249	0.90306452265	0.0807510350747	0.388414270425	0.461574563255	2.40105933548e-06	0.441341666304	0.611575176743	8.15177261282e-06	0.0213054672858	1.18456265796e-06	3.1365753163e-05
33	26	middle	middle	1	noError	6.3635634552e-07	0.491547667104	3.02100394195e-05	0.537154118113	0.0124497402384	0.771030726305	0.216489323417	0.45894284695	0.462844609175	1.60070622365e-06	0.494227777536	0.541050117829	5.43451507521e-06	0.0142036448572	6.3635634552e-07	2.09105021086e-05
34	16	middle	middle	1	noError	3.41622736471e-07	0.40962305592	2.51750328496e-05	0.536788195171	0.010374783532	0.809192271921	0.180407769514	0.506879113038	0.463211121584	1.23131247973e-06	0.495189814614	0.493115475253	4.1803962117e-06	0.0951697040477	3.41622736471e-07	1.74254184239e-05
35	7	middle	middle	1	noError	2.62786720362e-07	0.4632936872	2.28863934996e-05	0.566760150131	0.00943162139269	0.826538429019	0.164007063195	0.505732594199	0.433239324295	1.02609373311e-06	0.45017255874	0.494262896044	3.48366350975e-06	0.0865179127706	2.62786720362e-07	1.58412894762e-05
36	15	middle	middle	1	noError	1.87704800259e-07	0.356379759385	1.79732088836e-05	0.476257250094	0.00740686825143	0.785244366398	0.207330792142	0.465948149384	0.523742374497	7.89302871624e-07	0.577055814415	0.534048381572	2.67974116135e-06	0.0665522405928	1.87704800259e-07	1.21856072894e-05
37	31	middle	middle	1	noError	1.19090119682e-07	0.296983132821	1.47969584024e-05	0.365608896451	0.00609791618836	0.823196280772	0.170691006081	0.361431532032	0.634390865368	5.04072584104e-07	0.647546512013	0.638566252532	1.7113634075e-06	0.055460200494	1.19090119682e-07	1.01546727412e-05
38	14	left	middle	0	ERROR	2.97725299205e-07	0.296983132821	2.46615973373e-05	0.414022241129	0.0101631936473	0.70532713462	0.284485010136	0.602385886721	0.585977163421	8.40120973506e-07	0.647546512013	0.397610420886	2.85227234583e-06	0.055460200494	2.97725299205e-07	1.01546727412e-05
39	25	middle	middle	1	noError	2.12660928003e-07	0.36129262725	1.54659582342e-05	0.367158743663	0.00637361507143	0.627064477083	0.366546441888	0.667706561917	0.632840831015	5.61010387853e-07	0.605136859195	0.332290972401	1.90467142883e-06	0.033564367974	2.12660928003e-07	6.14558132688e-06
40	15	middle	middle	1	noError	1.63585329233e-07	0.32949473375	1.03106388228e-05	0.359352879741	0.00424907671428	0.551376318055	0.444364294592	0.590543509167	0.640646793088	4.31546452195e-07	0.646526327996	0.409454594155	1.46513186833e-06	0.0239745485529	1.63585329233e-07	4.38970094777e-06
41	18	left	right	0	ERROR	3.27170658467e-07	0.382491222917	2.06212776455e-05	0.118705759482	0.00849815342857	0.50275263611	0.488728589183	0.650905848612	0.881293586177	7.19244086991e-07	0.577543879994	0.349090990258	2.44188644721e-06	0.0399575809215	3.27170658467e-07	7.31616824628e-06
42	16	middle	left	0	ERROR	4.67386654953e-07	0.364982445833	2.94589680651e-05	0.169579656403	0.0121402191837	0.289646623015	0.698183698834	0.301811697223	0.830419408824	1.43848817398e-06	0.555087759987	0.698181980516	4.88377289443e-06	0.0799151618429	4.67386654953e-07	1.46323364926e-05
43	13	left	right	0	ERROR	6.67695221361e-07	0.427263663234	4.20842400929e-05	0.0993995091469	0.0173431702624	0.413780890021	0.568833855476	0.288302424604	0.900599155463	2.05498310569e-06	0.572551501005	0.711688543594	6.97681842061e-06	0.000161242252063	6.67695221361e-07	2.35935088901e-05
44	12	left	right	0	ERROR	6.67695221361e-07	0.254527326469	7.01404001549e-05	0.0993995091469	0.0289052837706	0.522968150035	0.448056425794	0.269003463721	0.900599155463	2.93569015098e-06	0.745103002009	0.730983633706	9.96688345802e-06	0.000322484504127	6.67695221361e-07	4.71870177802e-05
45	24	left	right	0	ERROR	1.11152767732e-06	0.772636632343	0.0002782868017	0.000166472312779	0.114683676669	0.884641279737	0.000396756792214	0.000158454363558	0.999831304632	4.65172914478e-06	0.225515010047	0.999821100946	1.579296175e-05	0.00161242252063	1.11152767732e-06	0.000235935088901
46	13	left	left	1	noError	1.11145132576e-06	0.772636632343	0.000249526676317	0.000166460877688	0.102831454787	0.896563265396	0.000355753140509	0.000158441862645	0.99983131622	4.65136215671e-06	0.225515010047	0.999821115059	1.57917157986e-05	0.00161242252063	1.11145132576e-06	0.000235935088901
47	16	middle	left	0	ERROR	2.22290265152e-06	0.747374035937	0.000499053352634	0.000332921755376	0.205662909574	0.793126530792	0.000711506281018	0.00031688372529	0.999662632439	9.30272431342e-06	0.250572233386	0.999642230119	3.15834315971e-05	0.00179158057848	2.22290265152e-06	0.000262150098779
48	22	right	middle	0	ERROR	5.55725662879e-06	0.747374035937	0.00169494051144	0.00083230438844	0.000339631124107	0.995548931584	0.00241649678031	0.000792209313226	0.999156581098	2.32568107835e-05	0.250572233386	0.999105575297	7.89585789928e-05	0.00179158057848	5.55725662879e-06	0.000262150098779
49	16	middle	left	0	noError	5.55312832823e-06	0.747374035937	0.00168759765857	0.000831686097275	0.000338159767821	0.995568214586	0.00240602798793	0.000791580462152	0.999157207646	2.32383496645e-05	0.250572233386	0.999106285286	7.88959021391e-05	0.00179158057848	5.55312832823e-06	0.000262150098779
50	11	right	right	1	ERROR	7.9330404689e-06	0.747374035937	0.00281266276428	0.00118812299611	0.000563599613036	0.992613690976	0.00401004664654	0.00131930077025	0.998796010923	3.87305827742e-05	0.250572233386	0.998510475477	0.000131493170232	0.00179158057848	7.9330404689e-06	0.000262150098779
